1720420143,23,Pufferfish,7609173835689627471,13,5,3,14
1720420143,59,Salmon,17371688963153549200,18,5,3,6
1720420143,34,Triple Tail,9545943386450588636,21,2,3,9
1720420143,32,Cod,16541150847719254375,13,6,3,1
1720420143,74,Mola Mola Fish,14537599756561927973,17,1,4,3
1720420143,7,Bass,17942783305605008739,17,6,4,17
1720420143,1,Tilapia,7235163853019948097,16,6,1,3
1720420143,44,Clownfish,16273291483738514849,23,2,1,12
1720420143,35,Triple Tail,15372838671259930848,28,4,1,10
1720420143,23,Pufferfish,8423791753051808558,16,4,1,19
1720420143,30,Herring,7977648810169496885,18,5,4,11
1720420143,44,Clownfish,13000410971446106720,19,5,2,12
1720420143,69,Grouper,6405329678036081787,20,6,2,6
1720420143,5,Perch,1131893003714712583,24,2,3,8
1720420143,53,Bluegill,5183881228891816720,23,3,1,16
1720420143,7,Bass,3114873380987382035,25,5,4,13
1720420143,11,Sardine,11445471961987095031,16,6,2,3
1720420143,25,Catfish,5744131810416032429,23,3,1,6
1720420143,102,Axolotl,10288973477700970810,19,10,4,19
1720420143,24,Pufferfish,16118318885828377784,28,3,1,18
1720420143,13,Sardine,6828826217305297512,13,6,1,16
1720420143,41,Anglerfish,429836337840603858,28,2,3,13
1720420143,50,Damsel Fish,9873314109243179972,15,4,4,15
1720420143,53,Bluegill,15607890752312969593,21,6,2,4
1720420143,57,Spearfish,14908505640877437594,23,4,4,13
1720420143,51,Damsel Fish,11264686056744974794,23,7,3,12
1720420143,57,Spearfish,2706602540996159479,21,5,3,12
1720420143,98,Jellyfish,9062861115312134418,24,4,4,17
1720420143,3,Tilpia,10262701322660012810,22,5,3,12
1720420143,17,Spot Fish,508759007336974213,18,5,3,1
1720420143,31,Cod,5501800146347610098,18,5,4,5
1720420143,4,Perch,113301123862154268,21,3,4,4
1720420143,29,Herring,15469738497298545971,18,1,2,10
1720420143,77,Turtle,13846468392743309616,21,3,3,8
1720420143,40,Anglerfish,7857222033347854322,21,3,4,5
1720420143,31,Cod,10232354893954463134,20,4,2,18
1720420143,34,Triple Tail,11978889987922834478,24,2,4,15
1720420143,44,Clownfish,6942720476207739596,23,4,2,9
1720420143,11,Sardine,13745482934063528853,12,1,4,5
1720420143,98,Jellyfish,16841954816572553319,29,7,2,8
1720420143,27,Catfish,552896649054007427,27,3,2,5
1720420143,93,Blue Lobster,14356398379860685083,23,6,3,20
1720420143,10,Sardine,12326914990855629430,16,5,4,4
1720420143,102,Axolotl,3433632659772856887,28,5,2,7
1720420143,4,Perch,10371989325175265504,19,2,2,12
1720420143,29,Herring,17195880674202700485,22,5,2,20
1720420143,28,Anchovy,12335175075607583064,22,4,3,20
1720420143,77,Turtle,14070198902439481838,20,4,3,7
1720420143,110,Pop-eyed goldfish,10217776285771518787,24,3,4,17
1720420143,1,Tilapia,10003231915232218699,19,3,4,16
1720420143,25,Catfish,15238774019224989652,21,3,2,8
1720420143,16,Trout,14282858029601857984,19,4,1,1
1720420143,3,Tilpia,14934427579989776576,16,4,2,18
1720420143,23,Pufferfish,7230804974764372471,20,1,1,14
1720420143,44,Clownfish,4544764843978050228,25,4,1,13
1720420143,1,Tilapia,14191018649640611981,16,3,2,18
1720420143,16,Trout,5465263378712859487,21,2,3,14
1720420143,37,Snapper,15913453368958924896,22,4,3,20
1720420143,8,Bass,11805506046307142113,16,1,2,6
1720420143,14,Sardine,10991058947771700445,20,6,4,11,0
1720420143,32,Cod,15476111765148806946,21,2,2,20,0
1720420143,70,Angel Fish,15146750549411580499,19,3,3,11,0
1720420143,59,Salmon,9706987775249260117,24,2,3,10,0
1720420143,31,Cod,9472162798759254432,24,6,1,10,0
1720420143,71,Angel Fish,8890400925161013235,17,5,3,13,0
1720420143,80,Starfish,3080617355829282252,18,3,4,1,0
1720420143,77,Turtle,15486086321080793723,18,2,4,9,0
1720420143,8,Bass,1509070079105045986,23,3,1,17,0
1720420143,61,Barracuda,343151245722537741,23,2,1,16,1
1720420143,26,Catfish,444870153113473900,32,7,4,8,15
1720420143,70,Angel Fish,14849219354605374203,22,6,4,12,0
1720420143,26,Catfish,3379376250394209349,28,5,2,19,7
1720420143,30,Herring,13106826183383659093,14,5,3,10,0
1720420143,64,Piranha,2908070051530803604,19,6,1,17,0
1720420143,31,Cod,15168567964394952778,21,6,1,6,0
1720420143,81,Starfish,13873176785565653362,24,2,2,7,0
1720420143,53,Bluegill,9250921220799917580,20,5,3,5,0
1720420143,14,Sardine,13436328989211013851,19,4,2,17,0
1720420143,84,Crab,1441330936751092275,26,6,2,13,0
1720420143,105,GamerPieJess fish,2758213029473578792,20,2,2,17,0
1720420143,50,Damsel Fish,17024204099625144455,19,1,3,4,0
1720420143,4,Perch,17572121650047642195,14,4,4,18,0
1720420143,8,Bass,17185101887381734844,20,1,3,15,0
1720420143,4,Perch,9369825153426007511,20,6,4,20,11
1720420143,38,Snapper,3396591365097907560,25,5,1,9,0
1720420143,51,Damsel Fish,14495388043488419606,29,3,2,17,0
1720420143,81,Starfish,12382883038332556193,13,1,2,3,0
1720420143,69,Grouper,4041381791491376376,21,1,4,8,0
1720420143,47,Eel,6283290718592314392,21,2,4,6,0
1720420143,42,Anglerfish,4509164314000990341,20,7,3,12,0
1720420143,98,Jellyfish,14739971958439591580,19,6,3,17,0
1720420143,7,Bass,8632038639330851656,21,4,4,4,0
1720420143,96,Octopus,1364198050930527604,20,5,5,22,0
1720420143,110,Pop-eyed goldfish,1475034922271707625,32,2,1,17,0
1720420143,66,Piranha,11326345673319616585,25,3,4,11,0
1720420143,34,Triple Tail,11201409579127672161,17,2,4,19,0
1720420143,102,Axolotl,1169671453727326315,29,9,1,17,3
1720420143,17,Spot Fish,4287360943539935433,21,5,4,3,0
1720420143,52,Bluegill,4208013681156355529,19,5,4,2,0
1720420143,100,Jellyfish,18354347039082704973,18,5,2,7,0
1720420143,38,Snapper,7611036360183766384,21,6,1,6,3
1720420143,33,Cod,145830200782966644,29,5,2,13,0
1720420143,30,Herring,15554882886151945733,21,1,2,3,0
1720420143,66,Piranha,15511158449920647754,15,3,2,11,0
1720420143,69,Grouper,2752743787283465695,24,6,1,16,4
1720420143,25,Catfish,13642333693912423444,18,6,4,20,0
1720420143,69,Grouper,4201024303920330286,23,1,4,2,0
1720420143,5,Perch,7630988483287359980,16,1,1,16,0
1720420143,49,Damsel Fish,16785218080823137050,20,4,3,9,0
1720420143,99,Jellyfish,17951600905508423318,22,1,1,13,0
1720420143,69,Grouper,9483587604699605213,19,1,2,16,0
1720420143,65,Piranha,7257870009979271238,12,3,2,14,0
1720420143,78,Turtle,15061507103431556449,14,3,1,15,0
1720420143,76,Mola Mola Fish,3379738236037850323,22,4,6,6,0
1720420143,77,Turtle,803842668371078201,20,1,2,19,0
1720420143,46,Eel,3822771239014461237,19,6,3,15,0
1720420143,108,Great white shark,6022677324510892166,20,4,1,18,0
1720420143,32,Cod,12282239715841276642,21,5,2,7,0
1720420143,34,Triple Tail,12724120326048294773,18,3,4,5,0
1720420143,50,Damsel Fish,1499044573913522386,19,5,1,5,0
1720420143,112,404 Fish,11373968500120367574,24,5,3,21,1
1720420143,62,Barracuda,149445037643735993,19,2,3,12,0
1720420143,71,Angel Fish,5367082526757045631,19,1,1,16,0
1720420143,52,Bluegill,4600897571218983758,15,3,1,18,0
1720420143,3,Tilpia,3101563051036851564,15,4,4,18,0
1720420143,20,Trout,5779662694795028220,18,7,1,19,1
1720420143,2,Tilapia,15729651291460927413,18,3,4,5,0
1720420143,104,Boot,14571278355591535518,24,1,2,12,0
1720420143,89,Seahorse,2665641865828226404,16,3,3,16,0
1720420143,19,Trout,10098657476224998096,17,5,4,8,0
1720420143,77,Turtle,8222968848741356336,26,5,3,13,2
1720420143,39,Snapperfish,15903230300688655784,19,7,3,6,0
1720420143,3,Tilpia,6864775156663433928,16,1,3,18,0
1720420143,3,Tilpia,9142473472541307567,16,1,1,20,0
1720420143,77,Turtle,2358537068945352278,23,3,2,10,0
1720420143,19,Trout,17349496477574110848,15,2,3,10,0
1720420143,93,Blue Lobster,12600638455997952215,18,2,3,7,0
1720420143,5,Perch,10987991188697333474,24,3,4,2,1
1720420143,3,Tilpia,18088875651482131273,18,5,3,4,0
1722483923,81,Starfish,7674532008496106012,14,3,3,20,0
1722486182,74,Mola Mola Fish,4627133315907849711,14,3,2,19,0
1722488071,20,Trout,2774965090800833883,27,7,4,10,9
1722488665,80,Starfish,6270372127670837161,16,5,3,16,0
1722489077,44,Clownfish,15603506119776455690,16,1,3,10,0
1722670909,90,Seahorse,9231757512829474218,26,5,3,8,0
1722671853,74,Mola Mola Fish,12421924717161305439,21,4,1,1,0
1723373016,80,Starfish,632630679555919981,21,2,3,3,0
1723373403,93,Blue Lobster,8548080216329343990,26,7,3,12,1
1723373777,41,Anglerfish,10067815809311738960,25,4,1,7,4
1723373928,22,Pufferfish,3940477268750809254,18,3,4,4,0
1723374334,74,Mola Mola Fish,12685357766899325981,19,1,4,13,0
1723374496,46,Eel,2722401631229534664,17,5,2,3,0
1723374618,10,Sardine,8063467245575278561,21,4,4,19,0
1723376249,89,Seahorse,12105301464020987215,15,1,3,20,0
1723377842,30,Herring,18017136624288492036,23,1,3,16,0
1723378376,24,Pufferfish,129016975653674076,23,3,3,17,0
1723471857,21,Trout,4981913359120016450,25,6,1,5,0
1723472156,55,Spearfish,3481453989870348041,23,1,4,7,0
1723473461,55,Spearfish,14400355885024731887,21,5,1,4,4
1723473584,40,Anglerfish,9535490869373904576,16,4,1,9,0
1723908747,25,Catfish,3150858085042237884,22,2,1,16,0
1723912067,32,Cod,7648795671041985348,25,5,4,9,2
