1723373327,13,Sardine,7657638620392867471,19,6,1,3,0
1723373453,50,Damsel Fish,9338349258782190260,16,4,2,18,0
1723373576,38,Snapper,15030590102892864911,17,4,3,17,0
1723373696,62,Barracuda,4909219612589910542,18,4,4,15,0
1723373818,34,Triple Tail,18352017805049752701,14,4,2,13,0
1723373939,8,Bass,8152775215727063071,21,5,3,15,11
1723374067,59,Salmon,15715063344020994386,19,2,4,15,0
1723374355,38,Snapper,5782299260853640601,20,6,1,20,0
1723464937,67,Grouper,1926554999954832405,18,3,3,15,1
1723465223,71,Angel Fish,10689792167542434105,15,1,2,15,0
1723465347,17,Spot Fish,6711254304818428593,18,6,3,11,0
1723465467,43,Clownfish,2202886952397668899,24,6,2,5,0
1723466016,77,Turtle,14279506843489184948,16,5,1,20,0
1723466427,67,Grouper,7995759700683229296,16,1,1,16,0
1723466731,24,Pufferfish,12735571563672777824,30,2,3,20,0
1723466852,81,Starfish,168859976450359086,22,2,1,13,0
1723467070,28,Anchovy,15942233418511769922,24,5,1,12,2
1723470159,22,Pufferfish,2642097862315545597,20,1,3,14,0
1723470938,1,Tilapia,4918944399060205287,14,2,3,20,0
1723471587,7,Bass,15120409023413175537,16,3,4,12,0
1723472146,89,Seahorse,15187743723418839884,14,5,1,18,0
1723472542,33,Cod,11109699494694993269,29,3,3,18,0
1723472680,11,Sardine,4351251853900679416,13,6,4,14,0
1723473187,59,Salmon,18039739501396730304,19,6,2,16,0
1723473401,16,Trout,14508022356422261353,23,2,3,11,0
1723473522,2,Tilapia,15035276876457737907,19,3,4,2,0
1723473690,4,Perch,13512805977889811061,18,3,3,19,0
1723473816,58,Salmon,1007301844176862059,16,1,3,6,0
1723473950,29,Herring,14222968297138830437,17,2,1,17,0
1723474070,5,Perch,2039560081992434929,18,2,3,16,0
1723474277,13,Sardine,3923737095140076064,23,3,2,9,0
1723474403,58,Salmon,274984586231249442,15,6,1,11,0
