1720420143,23,Pufferfish,1865832969931570225,18,6,4,2
1720420143,54,Redgill,17770641782228337783,23,6,3,6
1720420143,65,Piranha,10999388928965575129,16,3,3,6
1720420143,16,Trout,14644480259902784839,17,6,3,19
1720420143,59,Salmon,4892871942691542422,18,3,4,8
1720420143,17,Spot Fish,14227670890364777446,18,4,1,8
1720420143,23,Pufferfish,12649318715542260391,14,5,2,13
1720420143,23,Pufferfish,5999333890558681929,23,1,2,2
1720420143,23,Pufferfish,2070582638514025006,15,3,3,18
1720420143,69,Grouper,7789055115902658144,18,6,3,19
1720420143,20,Trout,12042044044224634689,30,7,1,4
1720420143,12,Sardine,15358066511099118837,26,6,3,7
1720420143,31,Cod,1430170824077366694,15,5,4,8,0
