1720420143,98,Jellyfish,18225411214062241114,31,4,2,8
1720420143,11,Sardine,2459779226038120446,12,4,2,3
1720420143,13,Sardine,13948518824427731630,21,5,1,19
1720420143,46,Eel,18352252063974539025,20,3,1,6
1720420143,13,Sardine,974056786815756928,16,1,2,1
1720420143,47,Eel,11829243413665795091,21,1,1,4
1720420143,55,Spearfish,5551445825195797022,12,1,2,3
1720420143,7,Bass,3464175010574498131,23,4,1,5
1720420143,74,Mola Mola Fish,11022741485000485115,17,5,2,2
1720420143,13,Sardine,3583492483223099167,22,4,1,12
1720420143,90,Seahorse,8143355524115140505,18,7,4,12
1720420143,65,Piranha,1675172468798701811,15,2,3,17
1720420143,46,Eel,616384688732258820,18,2,2,8
1720420143,4,Perch,8016496966679222622,17,5,4,14
1720420143,28,Anchovy,906638738239922032,23,6,1,9
1720420143,19,Trout,984813472928871299,18,2,4,19
1720420143,77,Turtle,10426641940288707724,22,4,1,4
1720420143,44,Clownfish,4398687183187023788,20,1,4,16
1720420143,16,Trout,16800485238047518902,17,1,4,9
1720420143,87,Shrimp,166752667649698411,24,3,4,2
1720420143,8,Bass,17134256971763943717,22,1,4,10
1720420143,53,Bluegill,16472349030278569711,23,4,2,12
1720420143,40,Anglerfish,10817260465071357661,19,3,4,10
1720420143,65,Piranha,1358467540016728987,24,5,4,20
1720420143,13,Sardine,4173934811991066149,24,4,3,3
1720420143,15,Spotfish,17608835364066367762,28,2,4,9
1720420143,7,Bass,5859064798152854540,22,3,2,1
1720420143,40,Anglerfish,15612213060976643805,26,6,2,17
1720420143,36,Triple Tail,8091050555951510590,29,5,1,5
1720420143,27,Catfish,14396607074361878734,31,5,2,4
1720420143,53,Bluegill,1058637950402600502,20,1,3,14
1720420143,65,Piranha,809410877852999550,16,1,2,12
1720420143,60,Green Salmon,90943835826422851,35,3,1,17
1720420143,55,Spearfish,10691350659230397898,17,1,2,5
1720420143,3,Tilpia,10196840167341428557,22,5,3,18
1720420143,43,Clownfish,16447218868195476415,25,4,3,16
1720420143,103,{NULL}fish,11243203466434242833,100,0,0,0
1720420143,16,Trout,6543209812088903368,18,6,2,13
1720420143,78,Turtle,2112859530034071455,25,6,4,4
1720420143,32,Cod,10625335104593806598,16,5,1,20
1720420143,72,Angelfish,5709514339707159091,24,6,2,21
1720420143,17,Spot Fish,4444048133321802818,25,6,1,15
1720420143,21,Trout,254892475762911355,25,3,4,15
1720420143,24,Pufferfish,13300426670311755840,30,7,4,8
1720420143,31,Cod,11011594142462619285,16,3,1,17
1720420143,38,Snapper,13501135547076364856,23,2,4,19
1720420143,94,Lobster,4717059834720695346,27,6,3,13
1720420143,69,Grouper,3750969755865246390,14,1,4,15
1720420143,71,Angel Fish,9944074561054427791,22,3,2,13
1720420143,102,Axolotl,2607043123233257431,20,9,4,18
1720420143,59,Salmon,18019332759047245149,15,3,4,4
1720420143,13,Sardine,16191781619719161480,18,4,4,12
1720420143,55,Spearfish,11118834321972941277,22,4,2,6
1720420143,5,Perch,1127448321032911701,24,5,1,1
1720420143,47,Eel,14244640602042151991,15,1,1,4
1720420143,37,Snapper,11448395056750257434,19,3,3,5,0
1720420143,41,Anglerfish,11836021165317010166,19,6,1,15,0
1720420143,22,Pufferfish,17302201420206490100,18,2,4,7,0
1720420143,100,Jellyfish,4287020917639382549,33,3,1,19,0
1720420143,29,Herring,6654718000036768641,21,1,3,10,0
1720420143,104,Boot,14697500436759480059,23,1,4,6,0
1720420143,17,Spot Fish,10636181121745656374,23,6,4,2,0
1720420143,45,Clownfish,16444072521901539766,26,7,3,2,13
