1720420143,17,Spot Fish,428084266648541145,25,3,2,14
1720420143,13,Sardine,14401915935003288449,13,4,2,11
1720420143,14,Sardine,2716915257150971050,18,2,3,19
1720420143,29,Herring,17367368677187657256,17,6,3,9
1720420143,62,Barracuda,16201171163396325326,17,3,1,19
1720420143,69,Grouper,14597902284920542959,18,1,1,11
1720420143,5029,{NULL}fish,7588956892600803289,100,0,0,0
1720420143,44,Clownfish,11160278079523828605,17,3,4,6
1720420143,44,Clownfish,11302207066959605427,18,3,3,9
1720420143,23,Pufferfish,379098900271259850,14,6,4,15
1720420143,40,Anglerfish,913797529649330484,19,3,3,13
1720420143,44,Clownfish,9954628489055505975,17,4,3,15
1720420143,24,Pufferfish,159742363499582568,29,4,1,14
1720420143,5031,Boot,11261481873823630629,19,1,1,16
1720420143,16,Trout,17759391291128378341,21,4,3,8
1720420143,38,Snapper,8537429922562633356,20,6,3,9
1720420143,16,Trout,6065301359974784900,16,3,4,8
1720420143,5059,Great white shark,10013903337158482503,23,4,1,13
1720420143,55,Spearfish,16579495116426838472,18,6,4,5
1720420143,98,Jellyfish,9012516552581031946,26,7,3,2
1720420143,59,Salmon,7503400072892493569,18,3,1,7
1720420143,8,Bass,1655167975174666842,20,2,3,10
1720420143,5,Perch,16023158279142642540,17,5,3,3
1720420143,17,Spot Fish,2433981072150057259,19,5,1,19
1720420143,89,Seahorse,4775577297422016396,24,4,2,14
1720420143,9,Bass,13535663077723261539,30,3,3,9
1720420143,5,Perch,8185695442272484406,16,5,4,16
1720420143,53,Bluegill,11448801164021633668,21,1,2,10
1720420143,31,Cod,4365781469341867718,21,1,4,18
1720420143,89,Seahorse,18244589176837186915,23,6,1,7
1720420143,44,Clownfish,2452536280980849839,20,2,4,6
1720420143,25,Catfish,8493473730060722110,20,4,4,5
1720420143,26,Catfish,10173277115915365227,24,7,3,21
1720420143,34,Triple Tail,7471334254022821445,18,4,3,20
1720420143,14,Sardine,8907472064801597795,22,5,4,12
1720420143,7,Bass,14363293300960141971,20,2,1,10
1720420143,1,Tilapia,7762838384824002540,24,6,4,19
1720420143,5,Perch,12162884287306634882,24,4,2,16
1720420143,79,Turtle,9663412228663088627,22,3,3,3
1720420143,30,Herring,15315558227350653371,17,1,4,1
1720420143,79,Turtle,3332706876501190930,21,5,2,12
1720420143,22,Pufferfish,9912042943557813942,17,1,2,6
1720420143,30,Herring,3597993828952393395,18,1,2,1
1720420143,6,Perch,9074828850528271704,30,7,4,19
1720420143,100,Jellyfish,11533128575820096866,22,4,2,11
1720420143,29,Herring,16244764977791381077,19,1,1,9
1720420143,72,Angelfish,9159986965632626649,14,4,4,21
1720420143,20,Trout,3812001359695012347,21,2,3,8
1720420143,17,Spot Fish,898637052969854823,17,2,1,4
1720420143,5059,Great white shark,15926532473647517540,21,4,4,6
1720420143,31,Cod,17161149405573392816,19,6,3,9
1720420143,74,Mola Mola Fish,3840593422134315678,18,4,4,1
1720420143,77,Turtle,3302662601018503445,23,1,1,3
1720420143,65,Piranha,8894119345622421727,20,3,4,14
1720420143,13,Sardine,17077215662363220987,15,2,2,4
1720420143,28,Anchovy,3928361162234546474,17,3,4,17
1720420143,94,Lobster,14464315142314221427,24,3,2,21
1720420143,59,Salmon,6067106071852300472,22,6,1,1
1720420143,46,Eel,9839996831344019026,18,5,1,10
1720420143,63,Barracuda,7880442575669257664,25,3,4,5
1720420143,22,Pufferfish,9831921475995343258,18,1,2,4
1720420143,14,Sardine,6643773894350156372,20,1,1,8
1720420143,45,Clownfish,1471583421733037755,19,3,3,11
1720420143,10,Sardine,10387855399913768047,15,6,3,2
1720420143,37,Snapper,15234371920149821944,15,3,4,8
1720420143,4,Perch,15017441031591020430,22,4,1,5
1720420143,5,Perch,15170653053883749172,19,6,4,6
1720420143,19,Trout,5635038313497045179,19,5,3,6
1720420143,37,Snapper,15963571525512916307,24,5,1,10
1720420143,11,Sardine,1316378101826563701,14,2,1,8
1720420143,10,Sardine,5714335587822757279,26,5,3,11,0
1720420143,46,Eel,227287765219676369,18,4,2,14,0
1720420143,56,Spearfish,7698229948803217037,22,5,2,8,0
1720420143,41,Anglerfish,15151462820848965514,22,3,1,2,0
1720420143,16,Trout,5826300744842034503,18,6,1,18,0
1720420143,67,Grouper,4539770688825643229,19,1,1,13,0
1720420143,4,Perch,5522519936109349353,20,3,2,18,0
1720420143,1,Tilapia,8586643261628340925,15,3,1,15,0
1720420143,5029,{NULL}fish,10064215463018928926,100,0,0,0,0
1720420143,4,Perch,9079324253346952580,22,6,2,5,3
1720420143,53,Bluegill,158949333902163384,20,4,3,16,0
1720420143,25,Catfish,477840353353778957,17,2,1,6,0
1720420143,59,Salmon,6612773421216653924,16,3,1,7,0
1720420143,30,Herring,13518712313201621607,23,2,2,13,0
1720420143,43,Clownfish,8702628366185721493,15,1,1,8,0
1720420143,87,Shrimp,6734337358741152214,22,3,2,10,0
1720420143,10,Sardine,5452626483055768471,19,1,2,20,0
1720420143,22,Pufferfish,14950808192114393988,16,1,4,10,0
1720420143,16,Trout,16996731593295831746,22,4,4,17,1
1720420143,72,Angelfish,2136571173564303388,27,4,1,21,5
1720420143,11,Sardine,3844696543808228535,22,6,2,16,4
1720420143,61,Barracuda,578103193733935579,19,2,1,5,0
1720420143,11,Sardine,14874713075819317518,20,4,2,11,3
1720420143,2,Tilapia,17927118066253854134,16,4,1,9,0
1720420143,7,Bass,8412565489618320219,19,2,2,5,0
1720420143,16,Trout,3037599195152342279,12,5,3,18,0
1720420143,80,Starfish,3408985083740219392,18,2,2,17,0
1720420143,59,Salmon,8157491995832160555,20,3,2,14,0
1720420143,49,Damsel Fish,14521582895613614006,12,3,4,3,0
1720420143,21,Trout,6865130338773007734,35,2,4,3,0
1720420143,99,Jellyfish,8958017628478758355,23,3,2,10,0
1720420143,76,Mola Mola Fish,11031682409948710987,28,7,3,17,0
1720420143,10,Sardine,11972373964274049690,20,5,2,18,0
1720420143,90,Seahorse,13880685858106702411,20,2,3,4,0
1720420143,20,Trout,17273689657085380202,17,3,1,2,0
1720420143,26,Catfish,9977806015063813474,24,6,2,13,3
1720420143,78,Turtle,12692538690419456196,31,2,4,12,0
1720420143,45,Clownfish,16477102151710179731,33,3,3,15,0
1720420143,56,Spearfish,4962926544525165646,22,2,3,7,0
1720420143,77,Turtle,5508936197362587212,13,4,1,18,0
1720420143,46,Eel,11525096243537763774,14,1,1,5,0
1720420143,5013,Sakhalin sturgeon,10044049166540760687,41,10,6,10,10
1720420143,22,Pufferfish,17645658559930711916,15,3,4,6,0
1720420143,85,Golden King Crab,9094726788344284240,36,11,6,5,0
1720420143,15,Spotfish,5185157888154236646,20,5,3,19,0
1720420143,93,Blue Lobster,14336663417043020886,26,2,3,17,0
1720420143,5028,404 Fish,13584680642190623738,28,3,4,14,3
1720420143,36,Triple Tail,1947003128606000380,19,6,3,15,0
1720420143,65,Piranha,14479974391111074663,22,6,2,6,0
1720420143,43,Clownfish,12776579792022310628,19,4,2,4,0
1720420143,48,Electric Eel,16897535583372816258,21,3,3,14,1
1720420143,84,Crab,17597368628311390153,26,2,4,8,0
1720420143,5013,Sakhalin sturgeon,12761657238417221166,24,7,6,7,2
1720420143,9,Bass,4448533745141026432,26,5,1,18,0
1720420143,3,Tilpia,12279578433628645102,17,4,1,13,0
1720420143,14,Sardine,7266710246808324522,23,2,4,12,0
1720420143,54,Redgill,12971555118815140216,35,6,3,20,46
1720420143,70,Angel Fish,10081556992675009608,21,2,3,7,0
1720420143,87,Shrimp,15312132509062018466,22,7,3,15,0
1720420143,43,Clownfish,2234993834309275229,19,6,3,19,7
1720420143,32,Cod,5591846328823606612,19,6,1,17,0
1720420143,5029,{NULL}fish,16151142241713272724,100,0,0,0,0
1720420143,22,Pufferfish,9461345070254690932,24,1,4,5,0
1720420143,13,Sardine,2272623750593305315,14,2,4,13,0
1720420143,17,Spot Fish,1180880784692580487,21,6,2,6,3
1720420143,56,Spearfish,15458193274596892725,27,2,4,11,0
1720420143,55,Spearfish,7336828580716064993,17,2,1,1,0
1720420143,47,Eel,2219509865222590448,18,3,3,2,0
1720420143,40,Anglerfish,197177100173310611,15,6,2,4,0
1720420143,74,Mola Mola Fish,1416365926918364705,18,3,4,3,0
1720420143,56,Spearfish,1973569761226120094,26,2,1,15,0
1720420143,5,Perch,5241070880513877982,17,6,3,17,2
1720420143,75,Mola Mola Fish,3070673869615134868,17,6,4,17,2
1720420143,5027,Cutthroat Trout,8478231468119440452,20,2,4,7,0
1720420143,24,Pufferfish,8891518968945070655,20,3,1,2,0
1720420143,14,Sardine,4656963286630315298,17,5,2,17,0
1720420143,5031,Boot,11353893260695897440,19,4,4,4,1
1720420143,74,Mola Mola Fish,14227852305437782533,24,5,3,16,1
1720420143,13,Sardine,14168697478992966302,18,5,2,1,0
1720420143,5031,Boot,5819577011685151313,16,4,1,2,0
1720420143,97,Golden Takoyaki,9432740778845849862,30,6,6,15,0
1720420143,19,Trout,4537594002771854184,18,5,2,3,0
1720420143,10,Sardine,13325567515780164685,20,6,4,7,1
1720420143,38,Snapper,14468429638613251901,24,6,3,16,0
1720420143,40,Anglerfish,1415161692392243803,14,6,2,10,0
1720420143,52,Bluegill,12937827832757724129,21,4,1,8,0
1720420143,75,Mola Mola Fish,5327719981059645132,30,2,2,16,0
1720420143,55,Spearfish,1530145127123215850,23,6,4,18,0
1720420143,77,Turtle,8033250558993414547,16,5,2,2,0
1720420143,8,Bass,1427311109981992375,18,2,2,13,0
1720420143,30,Herring,7534843358983784955,14,6,3,5,0
1720420143,11,Sardine,3242371906895034898,17,6,3,13,5
1720420143,56,Spearfish,16321467244112549750,22,3,2,10,1
1720420143,7,Bass,3984569016878853778,16,2,4,20,0
1720420143,47,Eel,2578545442156266564,17,3,2,18,0
1720420143,11,Sardine,10150378027430232024,21,5,2,8,0
1720420143,46,Eel,13903450764455296378,18,5,2,18,1
1720420143,60,Green Salmon,9199476425905041535,23,7,1,21,4
1720420143,76,Mola Mola Fish,12611024113151336113,18,9,3,17,6
1720420143,8,Bass,11118340140471857660,21,5,4,1,0
1720420143,56,Spearfish,17750143310286486836,21,6,2,17,0
1720420143,77,Turtle,17024286920252597328,19,3,3,17,0
1720420143,78,Turtle,7426837135919249571,15,5,3,13,3
1720420143,40,Anglerfish,15860265961997652339,23,5,1,19,6
1720420143,90,Seahorse,1104615403558140637,24,2,4,12,0
1720420143,75,Mola Mola Fish,9846141162099047761,26,7,3,15,8
1720420143,19,Trout,15304714230033803290,19,1,3,20,0
1720420143,21,Trout,16653277059537833869,21,3,2,9,0
1720420143,5031,Boot,14719937369939776313,22,1,2,2,0
1720420143,62,Barracuda,3228272363603940289,15,4,2,5,0
1720420143,59,Salmon,11310844994094306300,19,4,3,3,0
1720420143,16,Trout,8033113269413404811,20,1,1,5,0
1720420143,8,Bass,12654222914664028464,16,2,4,19,0
1720420143,28,Anchovy,10032633731476640566,24,4,4,8,0
1720420143,59,Salmon,16379378003906385275,22,4,2,10,0
1720420143,17,Spot Fish,269773326562281246,20,1,1,3,0
1720420143,44,Clownfish,3602812563959162657,19,5,1,15,0
1720420143,13,Sardine,9173157250154477129,18,3,2,3,0
1720420143,65,Piranha,3507061441385224290,23,2,1,1,0
1720420143,38,Snapper,4612004188304467938,23,5,3,5,0
1720420143,96,Octopus,10720055626381651389,27,3,3,6,0
1720420143,44,Clownfish,9363866712864972736,19,2,3,4,0
1720420143,31,Cod,1708115183152192080,21,1,1,18,0
1720420143,40,Anglerfish,5522165154315423804,21,2,2,3,0
1720420143,27,Catfish,13376637250941260639,23,6,1,21,4
1720420143,10,Sardine,2067740803039604028,17,4,3,5,0
1720420143,82,Starfish,16484085632906113244,19,6,1,10,0
1720420143,33,Cod,11968476637642742536,27,4,2,21,1
1720420143,12,Sardine,18044725783173913092,23,2,2,3,0
1720420143,22,Pufferfish,16267312682444261946,14,2,2,9,0
1720420143,69,Grouper,3031721131304624372,17,1,1,3,0
1720420143,77,Turtle,18184750091520735244,17,3,4,6,0
1720420143,81,Starfish,5579605549243604765,17,5,3,3,0
1720420143,5031,Boot,12976209579811087782,25,2,3,4,0
1720420143,59,Salmon,15889543833005828313,18,6,2,11,2
1720420143,27,Catfish,8136446363958625369,21,6,2,7,4
1720420143,80,Starfish,17353347886240479580,16,1,1,10,0
1720420143,100,Jellyfish,744766373704850350,14,2,1,14,0
1720420143,70,Angel Fish,6996332770952033398,16,6,2,7,3
1720420143,9,Bass,1907728421433183643,36,2,4,3,3
1720420143,78,Turtle,5647691966288846488,21,2,4,6,0
1720420143,75,Mola Mola Fish,15752654155746345387,23,2,1,18,0
1720420143,40,Anglerfish,14934131049885793020,19,4,3,20,0
1720420143,7,Bass,10150488314854283856,22,5,4,18,0
1720420143,8,Bass,8284737268351002828,21,2,3,7,0
1720420143,17,Spot Fish,13542307497244614661,14,6,2,19,0
1720420143,50,Damsel Fish,15489145583469303228,17,3,4,19,0
1720420143,51,Damsel Fish,268831582048534728,25,2,4,17,0
1720420143,20,Trout,15904555183418597808,25,3,4,4,0
1720420143,17,Spot Fish,15047616129626731750,17,4,4,4,0
1720420143,69,Grouper,10180021920937514164,19,3,1,3,0
1720420143,100,Jellyfish,5785797887117338541,17,2,4,20,0
1720420143,66,Piranha,13679567209577245512,26,3,1,15,0
1720420143,84,Crab,9388174646453570681,17,6,3,8,0
1720420143,59,Salmon,4602964744643313668,25,6,3,4,13
1720420143,17,Spot Fish,7857198041427196433,19,4,3,9,0
1720420143,24,Pufferfish,1545075304037065080,29,2,1,10,0
1720420143,58,Salmon,6235654743644607708,18,3,2,1,0
1720420143,14,Sardine,14892169978577687329,22,5,4,14,0
1720420143,77,Turtle,6468932954604925965,18,4,2,2,0
1720420143,25,Catfish,8828650711530268545,17,1,4,19,0
1720420143,30,Herring,3837070044122717201,17,4,2,12,0
1720420143,74,Mola Mola Fish,7364333136039312330,19,3,2,6,0
1720420143,76,Mola Mola Fish,7076903550034377722,28,4,1,12,0
1720420143,5,Perch,166590851866456279,21,1,2,2,0
1720420143,96,Octopus,6914409109183009143,25,8,5,15,16
1720420143,92,Lobster,10144681709857196206,18,6,4,16,0
1720420143,21,Trout,13875834123390215494,31,6,2,9,0
1720420143,89,Seahorse,10964153343685269802,17,6,2,2,0
1720420143,74,Mola Mola Fish,16066391098362100995,19,5,3,6,0
1720420143,57,Spearfish,13526392970086452314,24,6,4,20,0
1720420143,12,Sardine,655036442118933479,28,2,4,2,0
1720420143,2,Tilapia,14160982075004329633,25,1,1,15,0
1720420143,69,Grouper,6349026743751446359,16,4,3,5,0
1720420143,90,Seahorse,1580864072366409304,23,4,2,8,0
1720420143,79,Turtle,15034714030824493699,29,9,1,21,28
1720420143,17,Spot Fish,16896378906680603113,20,6,4,13,0
1720420143,43,Clownfish,15557047417339157035,20,1,4,5,0
1720420143,14,Sardine,16758722296043624549,13,6,2,12,0
1720420143,71,Angel Fish,10258952141061228580,21,1,4,15,0
1720420143,35,Triple Tail,4770915582191087671,25,7,3,18,10
1720420143,8,Bass,4297752619944131291,23,1,2,13,0
1720420143,41,Anglerfish,9071150175448155031,14,6,4,17,0
1720420143,5031,Boot,334521446654811534,19,3,3,8,0
1720420143,87,Shrimp,11108126803542806795,23,5,1,18,0
1720420143,65,Piranha,330928118349381034,20,6,3,3,0
1720420143,30,Herring,6455020653385503528,26,4,4,14,6
1720420143,69,Grouper,15788746383160123694,16,2,4,17,0
1720420143,56,Spearfish,16862042792245609595,23,5,1,2,0
1720420143,41,Anglerfish,16785013755328274381,22,3,3,19,0
1720420143,44,Clownfish,5256535339121199088,19,3,3,9,0
1720420143,81,Starfish,2541516178728258221,18,3,2,1,0
1720420143,68,Grouper,2382672890249151495,29,3,2,14,0
1720420143,5028,404 Fish,8411080422560635690,26,2,4,18,0
1720420143,17,Spot Fish,1862793962190045570,25,1,1,16,0
1720420143,89,Seahorse,11838093796109113491,14,2,2,15,0
1720420143,5,Perch,6528701406447934811,20,4,4,3,0
1720420143,82,Starfish,9675166298906336389,25,2,4,7,2
1720420143,53,Bluegill,15609038944898953686,18,1,3,14,0
1720420143,30,Herring,1526027349175185656,21,1,2,13,0
