1720420143,37,Snapper,1531859028329841616,19,3,4,20
1720420143,17,Spot Fish,7612818684223334294,19,3,1,13
1720420143,16,Trout,362769512146303716,12,4,4,8
1720420143,10,Sardine,15711020106649150018,20,6,3,9
1720420143,23,Pufferfish,12552441216379036317,18,2,4,9
1720420143,55,Spearfish,17461249077562229408,19,1,1,16
1720420143,32,Cod,12474864545123117893,18,6,4,10
1720420143,35,Triple Tail,8142345609434684159,25,6,1,19
1720420143,16,Trout,14892666277386312885,19,5,4,17
1720420143,56,Spearfish,12431286677119723428,30,4,4,3
1720420143,103,{NULL}fish,5210607652065102528,100,0,0,0
1720420143,1,Tilapia,9355041391145381583,19,4,4,16
1720420143,23,Pufferfish,5332075224551813485,23,5,1,7
1720420143,101,Red Handfish,14054202286547173074,25,11,6,9
1720420143,82,Starfish,6160164400981594582,27,4,3,10
1720420143,40,Anglerfish,13944161747656638931,15,3,1,14
1720420143,13,Sardine,14061729599260994149,21,4,4,20
1720420143,19,Trout,9618238777872369567,16,3,4,13
1720420143,94,Lobster,8903892886766111498,29,4,4,16
1720420143,45,Clownfish,13905614400801115739,28,7,1,11
1720420143,15,Spotfish,13657679983510031460,22,7,4,10
1720420143,100,Jellyfish,12149552306261243251,23,7,1,6
1720420143,25,Catfish,14532834931511120363,22,6,4,10
1720420143,50,Damsel Fish,11980997609827538031,25,1,2,10
1720420143,24,Pufferfish,15936445301269863125,32,2,1,16
1720420143,12,Sardine,2927991621402308316,25,4,2,14
1720420143,65,Piranha,1836204101641397406,19,5,2,12
1720420143,43,Clownfish,763412967062750492,26,1,4,20
1720420143,72,Angelfish,11837177328260022982,28,7,2,10
1720420143,56,Spearfish,8162615687627020893,31,6,3,2
1720420143,29,Herring,836119528909312221,17,3,3,8
1720420143,69,Grouper,17793430457772202116,19,2,3,2
1720420143,40,Anglerfish,2913511291229658995,19,5,4,6
1720420143,74,Mola Mola Fish,13435679585953891823,22,4,1,12
1720420143,51,Damsel Fish,9645518373153444025,33,4,1,15
1720420143,4,Perch,3747314629330587379,18,1,3,7
1720420143,50,Damsel Fish,5595159323186706574,21,5,1,5
1720420143,8,Bass,11489263963876730861,24,4,3,2
1720420143,62,Barracuda,12374914190540974742,19,1,2,6
1720420143,65,Piranha,7717997984318691343,14,5,3,16
1720420143,93,Blue Lobster,16324396606304712507,15,6,4,9
1720420143,68,Grouper,10158140984084054383,25,2,3,3
1720420143,13,Sardine,16374957985308213492,22,1,1,8
1720420143,65,Piranha,12974348103649557812,21,2,3,18
1720420143,23,Pufferfish,15243368410003988126,15,5,3,8
1720420143,32,Cod,15026560228005957628,24,2,2,7
1720420143,43,Clownfish,5171717007662137938,16,6,4,13
1720420143,104,Boot,15107571773893740272,19,3,3,4
1720420143,55,Spearfish,13067785131496445677,23,6,4,14
1720420143,39,Snapperfish,10717586752546488974,23,7,2,14
1720420143,56,Spearfish,3419349154756025107,24,2,4,20
1720420143,5,Perch,12395360219869380973,23,2,4,10
1720420143,75,Mola Mola Fish,13707462709464358157,26,2,2,12
1720420143,77,Turtle,709884761789188699,20,5,1,17
1720420143,40,Anglerfish,5995917794744564508,24,3,3,15
1720420143,71,Angel Fish,1838792480301188199,21,3,4,13
1720420143,55,Spearfish,3701204922336595854,15,3,1,18
1720420143,19,Trout,4877804745515915374,19,3,2,18
1720420143,11,Sardine,4897691719508535337,16,2,2,14
1720420143,100,Jellyfish,724170249988220474,30,3,3,18
1720420143,54,Redgill,11405390342452544914,21,2,3,19
1720420143,55,Spearfish,14815714480958436162,25,4,3,2
1720420143,18,Trout,1007144863297372761,27,3,3,11
1720420143,84,Crab,14269288130386648829,26,5,3,15
1720420143,5,Perch,14137007433384840334,25,5,4,6
1720420143,50,Damsel Fish,14038734948896612957,22,3,1,5
1720420143,69,Grouper,7035708902467157514,18,1,1,13
1720420143,43,Clownfish,12530580660572202891,15,2,1,9
1720420143,32,Cod,2990356362275343456,19,3,1,4
1720420143,79,Turtle,15223136181309607556,22,7,6,13
1720420143,3,Tilpia,7934550172797200049,25,1,3,16
1720420143,44,Clownfish,16800375404111048975,22,4,4,1
1720420143,74,Mola Mola Fish,954637962182900033,20,4,3,6
1720420143,75,Mola Mola Fish,3426618918339301025,26,3,1,16
1720420143,76,Mola Mola Fish,9815581282066402187,28,9,3,9
1720420143,37,Snapper,970384863273508607,19,4,2,11
1720420143,65,Piranha,7880608305557986298,21,1,3,13
1720420143,28,Anchovy,844274576766036952,19,5,1,14
1720420143,81,Starfish,17473399975522204226,22,3,3,19
1720420143,28,Anchovy,6026817520965494513,20,3,4,15
1720420143,28,Anchovy,6483504180361664911,19,4,2,3
1720420143,37,Snapper,10052135536063402489,19,3,1,15
1720420143,24,Pufferfish,5971486783609772808,27,5,4,9
1720420143,3,Tilpia,337390024991707784,16,6,4,18
1720420143,1,Tilapia,4057848556155826863,21,5,3,1
1720420143,19,Trout,13013522613653283341,18,3,1,16
1720420143,44,Clownfish,17369766108026283278,17,5,4,20
1720420143,81,Starfish,17594159755424219317,19,5,1,10
1720420143,15,Spotfish,17833334392545642382,29,4,1,15
1720420143,34,Triple Tail,13945881850764461588,18,2,1,18
1720420143,12,Sardine,12241221123261594664,26,3,4,12
1720420143,74,Mola Mola Fish,10960709584000897108,18,4,3,6
1720420143,40,Anglerfish,11718827573058183526,15,4,3,15
1720420143,40,Anglerfish,3895102965236656490,12,6,2,5
1720420143,5,Perch,16005082324412591093,18,4,1,18
1720420143,104,Boot,13994930722483738657,20,5,4,19
1720420143,18,Trout,663681000017848341,28,7,2,9
1720420143,71,Angel Fish,2044205748568216077,15,4,1,5
1720420143,47,Eel,12910318591589399922,20,4,3,12
1720420143,8,Bass,2034095083863950426,22,4,1,11
1720420143,1,Tilapia,9376084650592517629,21,5,2,17
1720420143,37,Snapper,7438469134351354440,20,2,2,3
1720420143,74,Mola Mola Fish,9503291903389718671,22,4,1,3
1720420143,101,Red Handfish,10496932164841112728,22,10,6,17
1720420143,16,Trout,2263780084947788530,18,3,2,6
1720420143,1,Tilapia,4814642854352436012,18,6,4,2
1720420143,5,Perch,17338295786342679681,16,5,3,17
1720420143,14,Sardine,15849360812293594396,23,3,4,14
1720420143,3,Tilpia,5507528266071684566,20,2,4,18
1720420143,29,Herring,15936113381232383638,14,2,3,20
1720420143,17,Spot Fish,14599628435345171484,16,4,4,13
1720420143,53,Bluegill,15752502873124709980,24,6,2,10
1720420143,62,Barracuda,12332544543484892641,20,4,3,12
1720420143,16,Trout,14230827037489806552,16,4,3,19
1720420143,59,Salmon,16516273470941120053,18,6,3,16
1720420143,50,Damsel Fish,2837401024825631674,24,6,4,11
1720420143,65,Piranha,15354532721910528255,25,2,2,3
1720420143,53,Bluegill,6550190381397066023,25,3,3,4
1720420143,22,Pufferfish,619123335326351354,19,2,3,17
1720420143,77,Turtle,13348056163870828842,25,1,3,1
1720420143,74,Mola Mola Fish,12577313294620803982,16,3,1,12
1720420143,74,Mola Mola Fish,7862160794622372339,21,4,4,18
1720420143,13,Sardine,11760545071578176820,21,6,1,17
1720420143,56,Spearfish,14940565548739869896,20,6,3,14
1720420143,75,Mola Mola Fish,17180848429265037388,29,3,3,3
1720420143,5027,Cutthroat Trout,4390875623085188391,26,3,1,10
1720420143,5067,Pop-eyed goldfish,15738481637370850516,33,6,3,14
1720420143,43,Clownfish,5475025238174402842,18,4,3,20
1720420143,19,Trout,8720000080148492852,23,5,4,5
1720420143,3,Tilpia,8580230092654703342,21,2,1,3
1720420143,37,Snapper,13164255300112152207,16,3,2,19
1720420143,50,Damsel Fish,13795688382713989154,18,2,2,19
1720420143,14,Sardine,16658758277998526266,17,1,1,9
1720420143,55,Spearfish,13168414733484797862,16,6,3,5
1720420143,72,Angelfish,7027794698327756451,26,3,4,20
1720420143,31,Cod,3614603809892062796,15,1,2,16
1720420143,38,Snapper,12173045704712360400,20,5,4,8
1720420143,5,Perch,4470949474438453727,17,4,3,3
1720420143,104,Boot,1615600960278880111,14,2,2,9
1720420143,79,Turtle,5602362015553058973,24,6,3,21
1720420143,40,Anglerfish,91659191553456902,16,4,3,9
1720420143,62,Barracuda,2738309215869870318,23,1,3,12
1720420143,22,Pufferfish,9087633608162917652,22,4,4,2
1720420143,55,Spearfish,8643404987038734175,17,5,3,2
1720420143,84,Crab,1719195723300299301,24,7,4,17
1720420143,32,Cod,11739710694621631871,17,4,1,1
1720420143,29,Herring,6714970250704995848,20,3,1,18
1720420143,59,Salmon,3883815267616130724,19,4,3,7
1720420143,7,Bass,9069158983694428298,24,5,4,1
1720420143,3,Tilpia,10537547775391985403,17,4,2,15
1720420143,89,Seahorse,17371769689311094113,12,3,3,5
1720420143,18,Trout,7527511331130821516,26,3,4,6
1720420143,11,Sardine,7283059206857231735,19,2,3,12
1720420143,28,Anchovy,18205699024198640208,21,4,4,15
1720420143,87,Shrimp,10525668367207334448,22,2,3,12
1720420143,104,Boot,1653180969691237030,25,5,2,3
1720420143,51,Damsel Fish,16191651574154556520,21,3,2,17
1720420143,11,Sardine,17774758474666948637,17,5,4,12
1720420143,25,Catfish,2724402535129992002,18,2,4,11
1720420143,53,Bluegill,1420479598194401084,24,1,3,17
1720420143,10,Sardine,6083883341849497446,19,3,1,20
1720420143,5059,Great white shark,6267085958264923081,31,5,1,17
1720420143,55,Spearfish,2189145607975218653,18,6,2,9
1720420143,8,Bass,8891806951111547233,12,2,3,5
1720420143,14,Sardine,727766003591605658,16,2,4,5
1720420143,22,Pufferfish,12688104492641804842,18,5,4,11
1720420143,19,Trout,2277598461566824295,16,4,1,11
1720420143,30,Herring,10132961573843175240,24,3,1,14
1720420143,84,Crab,344700415770918321,23,3,3,6
1720420143,87,Shrimp,3980671807486786050,22,5,2,18
1720420143,25,Catfish,2168082050523811243,22,5,2,8
1720420143,7,Bass,3881870564647532220,17,1,3,3
1720420143,30,Herring,4725378920815841858,15,2,1,19
1720420143,1,Tilapia,10605289682981999847,19,5,4,13
1720420143,32,Cod,472237837859844011,18,3,3,2
1720420143,32,Cod,6256074062158558259,22,5,4,4
1720420143,29,Herring,9588883739710921157,20,3,4,12
1720420143,98,Jellyfish,13998532696042459748,18,2,3,3
1720420143,14,Sardine,18077605796552729957,19,3,4,18
1720420143,104,Boot,11400941725948882137,16,3,3,19
1720420143,40,Anglerfish,14118717839387532113,18,4,3,16
1720420143,28,Anchovy,9007519664855202554,16,1,2,12
1720420143,13,Sardine,14406930003227357244,24,3,3,5
1720420143,37,Snapper,347268098430257235,16,4,3,7
1720420143,5059,Great white shark,14048323206783105186,17,6,1,17
1720420143,4,Perch,4049744496196451578,18,5,2,7
1720420143,37,Snapper,2608534480035755770,17,5,4,13
1720420143,7,Bass,7587304554680780741,19,6,4,5
1720420143,16,Trout,5254553396326362030,18,1,3,10
1720420143,1,Tilapia,2619524197895686905,17,3,3,11
1720420143,62,Barracuda,4854747872198125293,15,1,3,1
1720420143,1,Tilapia,11304021299495395037,21,2,3,8
1720420143,23,Pufferfish,10059221758750909280,22,4,3,1
1720420143,69,Grouper,18342628512367403601,25,2,4,8
1720420143,7,Bass,398335263111803243,23,1,3,18
1720420143,1,Tilapia,15933602996553169742,18,1,3,5
1720420143,93,Blue Lobster,11657445739484119173,22,3,1,20
1720420143,69,Grouper,2964446138285124929,20,2,2,5
1720420143,74,Mola Mola Fish,5401535546483989389,25,3,1,4
1720420143,22,Pufferfish,11184626224135827399,19,5,3,8
1720420143,7,Bass,8321245673250028821,14,1,3,1
1720420143,23,Pufferfish,5896437453683383977,19,1,4,5
1720420143,13,Sardine,5493409672168155745,18,6,1,1
1720420143,53,Bluegill,17956867262286967117,23,4,1,13
1720420143,20,Trout,12288981115245427380,32,4,3,3
1720420143,59,Salmon,7472403387559431723,12,3,3,2
1720420143,13,Sardine,1231597542582385614,21,5,3,19
1720420143,7,Bass,7764180184272648911,18,3,3,8
1720420143,55,Spearfish,4494467805971975947,23,5,4,10
1720420143,53,Bluegill,11702831441857283475,16,4,4,1
1720420143,22,Pufferfish,15706096058308255482,18,2,1,8
1720420143,55,Spearfish,16792405308048314810,20,4,1,13
1720420143,11,Sardine,6004548788347888568,14,5,1,19
1720420143,34,Triple Tail,10909547384345002952,23,2,2,10
1720420143,62,Barracuda,4765966715048653277,19,6,3,13
1720420143,65,Piranha,17833223013906851503,23,5,2,14
1720420143,81,Starfish,13777411701286494262,22,1,4,18
1720420143,22,Pufferfish,7554500592856393674,20,2,4,11
1720420143,1,Tilapia,12189203517161269762,19,3,2,17
1720420143,44,Clownfish,2097473535954555654,15,3,2,18
1720420143,28,Anchovy,3241444184229023064,24,4,4,19
1720420143,89,Seahorse,7868257546529244520,16,6,4,4
1720420143,44,Clownfish,9992496403197840458,20,2,4,5
1720420143,5,Perch,13447825307349636373,19,5,1,18
1720420143,43,Clownfish,17512500254230563764,20,3,3,11
1720420143,46,Eel,5407651709009776867,14,5,4,17
1720420143,78,Turtle,4948060681555551412,32,6,3,7
1720420143,5028,404 Fish,2849714383209960362,24,3,3,5
1720420143,29,Herring,2564193077101822600,15,5,3,3
1720420143,65,Piranha,6772912052267771845,19,5,3,13
1720420143,50,Damsel Fish,1622700292929453106,19,1,3,18
1720420143,87,Shrimp,12621168745167914675,23,4,3,17
1720420143,74,Mola Mola Fish,6760093973685056532,19,2,3,3
1720420143,9,Bass,9345432141949762373,31,4,1,19
1720420143,15,Spotfish,11603540554412780724,26,7,4,17
1720420143,32,Cod,6912334861008844565,21,5,2,7
1720420143,100,Jellyfish,17696245891144621536,24,7,1,17
1720420143,5,Perch,5717523029357253323,22,1,2,7
1720420143,41,Anglerfish,12681971334031676161,28,2,2,21
1720420143,36,Triple Tail,541156136602565537,25,7,4,9
1720420143,16,Trout,6406221034664939767,19,2,3,2
1720420143,40,Anglerfish,1819119717452414232,22,5,3,14
1720420143,68,Grouper,6522615376427218743,19,4,2,4
1720420143,25,Catfish,241146036393717297,22,4,1,14
1720420143,1,Tilapia,17343826357762680203,21,2,3,14
1720420143,57,Spearfish,18341173775017816632,20,2,3,18
1720420143,26,Catfish,5749726943306920559,24,3,3,7
1720420143,65,Piranha,14689416809534488023,19,2,4,12
1720420143,38,Snapper,3011230999123090723,19,4,3,9
1720420143,74,Mola Mola Fish,13134066395459882688,19,5,1,8
1720420143,43,Clownfish,17211574731875682516,23,3,3,9
1720420143,27,Catfish,5359379694470432759,26,4,1,17
1720420143,46,Eel,16044814581243458481,22,2,3,15
1720420143,30,Herring,4680380046936996568,15,2,1,8
1720420143,32,Cod,12022447517098202184,15,5,2,19
1720420143,77,Turtle,9813672487598818271,14,1,4,20
1720420143,14,Sardine,2751611372328527755,22,3,3,2
1720420143,55,Spearfish,17365107454601888276,21,6,3,8
1720420143,4,Perch,12838324316167601765,17,2,3,11
1720420143,51,Damsel Fish,13401469580408072682,23,2,4,6
1720420143,50,Damsel Fish,7948786662672558600,15,3,2,17
1720420143,104,Boot,12777443280753327797,13,5,3,20
1720420143,7,Bass,7422519475292044371,21,5,3,3
1720420143,38,Snapper,8993941970086925263,22,2,3,19
1720420143,84,Crab,12005922287336190570,30,4,4,18
1720420143,25,Catfish,8429752836053375075,23,3,3,19
1720420143,39,Snapperfish,335618574543589700,29,4,4,16
1720420143,74,Mola Mola Fish,16009998087807524946,26,4,1,13
1720420143,47,Eel,12369796337234117428,20,2,4,5
1720420143,68,Grouper,12280266581873833756,34,2,4,12
1720420143,69,Grouper,547712438883034832,22,5,2,18
1720420143,11,Sardine,5129318931789955380,24,6,4,20
1720420143,45,Clownfish,7588583750164927583,28,2,4,21
1720420143,97,Golden Takoyaki,6324028725973260718,23,10,6,13
1720420143,79,Turtle,1586351127398325023,27,3,1,9
1720420143,8,Bass,12532442220837409526,19,2,1,11
1720420143,29,Herring,5878235816633626391,24,2,1,1
1720420143,59,Salmon,17861115352410069199,18,3,3,3
1720420143,31,Cod,8067077231818297713,21,5,2,14
1720420143,47,Eel,1428840551617534142,21,6,3,1
1720420143,55,Spearfish,10551363199894669533,20,3,3,1
1720420143,31,Cod,6662903312892624035,21,3,4,16
1720420143,39,Snapperfish,13450529335317507190,32,2,2,21
1720420143,19,Trout,12798504579944722171,15,2,1,16
1720420143,25,Catfish,14934213090729303840,14,4,4,9
1720420143,28,Anchovy,12820278046342095080,16,6,3,7
1720420143,22,Pufferfish,5306500656243951593,19,5,2,8
1720420143,77,Turtle,4727972591660290675,18,5,3,15
1720420143,54,Redgill,1432109228116228478,23,3,4,16
1720420143,33,Cod,1855760700340055245,20,5,1,13
1720420143,90,Seahorse,14106415396355080885,26,3,1,2
1720420143,50,Damsel Fish,10968665255871512915,17,3,3,5
1720420143,32,Cod,4240684494965863337,19,2,1,4
1720420143,89,Seahorse,7802164833566874706,15,1,3,2
1720420143,23,Pufferfish,3226168340151727390,20,1,4,9
1720420143,65,Piranha,11520808030071359758,25,6,3,14
1720420143,17,Spot Fish,13758281529646697162,21,4,2,20
1720420143,51,Damsel Fish,16873599001670238242,17,2,1,15
1720420143,48,Electric Eel,15640189309841786004,20,7,1,3
1720420143,102,Axolotl,3262610854748310040,25,6,5,7
1720420143,65,Piranha,7948282488734358579,19,1,1,12
1720420143,8,Bass,7443456914092238378,18,3,1,7
1720420143,8,Bass,9628898775006680878,15,5,1,4
1720420143,71,Angel Fish,12857691246762595537,21,1,2,18
1720420143,71,Angel Fish,17535394132426013872,20,3,3,1
1720420143,62,Barracuda,11360264228751249537,20,5,3,11
1720420143,5059,Great white shark,2218803593315488039,32,3,1,19
1720420143,50,Damsel Fish,17304025489698240124,19,5,1,2
1720420143,59,Salmon,10320756842301113063,13,2,3,9
1720420143,81,Starfish,98964242736488370,21,2,3,18
1720420143,22,Pufferfish,4092924181357785876,16,3,1,19
1720420143,53,Bluegill,8337392260755011165,12,4,3,7
1720420143,79,Turtle,16257578228955011240,24,4,6,12
1720420143,19,Trout,1302701697094925564,20,5,3,20
1720420143,87,Shrimp,1545594651413862865,23,5,2,13
1720420143,5010,Blahaj,3853712033238728983,37,9,6,6
1720420143,59,Salmon,11448065995985426844,22,1,1,7
1720420143,27,Catfish,9485037950697820480,32,3,1,16
1720420143,17,Spot Fish,16772394176714297700,16,3,2,4
1720420143,1,Tilapia,16648770692314768797,26,2,3,5
1720420143,84,Crab,3956068038342034937,24,2,1,13
1720420143,37,Snapper,10031521148715511849,21,4,1,10
1720420143,4,Perch,640365689969829032,15,6,1,1
1720420143,8,Bass,9886201856090737173,21,1,3,5
1720420143,50,Damsel Fish,15751017452634665015,14,6,3,6
1720420143,55,Spearfish,3541438375735127141,16,1,1,6
1720420143,5,Perch,12815552628110800923,15,3,1,2
1720420143,10,Sardine,1240864019634987129,17,4,1,10
1720420143,97,Golden Takoyaki,15474038267521961819,31,7,6,21
1720420143,76,Mola Mola Fish,11267327948026815982,21,3,5,20
1720420143,30,Herring,6134494918297467565,19,1,2,16
1720420143,16,Trout,14988458780382297906,17,3,2,20
1720420143,44,Clownfish,9537032293866119863,25,6,1,13
1720420143,13,Sardine,17739482379511815798,16,2,1,14
1720420143,69,Grouper,8904652451792445408,16,3,4,8
1720420143,76,Mola Mola Fish,7506148500411753781,31,10,2,14
1720420143,76,Mola Mola Fish,16692030961169591848,29,4,1,21
1720420143,1,Tilapia,4287551319339868499,24,3,2,10
1720420143,77,Turtle,12846278508819156331,23,3,3,16
1720420143,34,Triple Tail,2961602916639359824,15,1,2,2
1720420143,32,Cod,15189518269615330053,15,6,2,20
1720420143,44,Clownfish,1765740069597805526,23,5,3,17
1720420143,74,Mola Mola Fish,15560883641386783105,20,4,2,14
1720420143,3,Tilpia,6135402059828175891,22,6,3,1
1720420143,31,Cod,14258597588753498754,21,2,4,3
1720420143,94,Lobster,2111976234562923244,28,2,2,2
1720420143,94,Lobster,15523349832273303177,24,4,2,18
1720420143,37,Snapper,11493892116733311824,18,1,4,13
1720420143,43,Clownfish,17152616680647945150,13,1,2,8
1720420143,25,Catfish,17124126522220574814,16,5,1,4
1720420143,60,Green Salmon,5808468521618619239,27,7,3,10
1720420143,17,Spot Fish,6242129929637341979,19,3,3,18
1720420143,1,Tilapia,13780435000845846609,21,5,3,16
1720420143,104,Boot,3964185817833403928,21,1,3,1
1720420143,54,Redgill,16184073499511623709,22,2,4,4
1720420143,11,Sardine,7192542038263599835,16,2,4,5
1720420143,12,Sardine,18219996377571571766,28,6,3,11
1720420143,5059,Great white shark,4828043679135814120,30,2,3,10
1720420143,47,Eel,15926237585571726340,18,2,4,4
1720420143,19,Trout,836530041643942245,15,5,3,10
1720420143,29,Herring,14546004652714978375,15,2,1,9
1720420143,7,Bass,8072386414886245345,18,2,2,14
1720420143,3,Tilpia,16983675477593858951,16,5,4,17
1720420143,101,Red Handfish,11565871505467154472,29,5,6,7
1720420143,32,Cod,16899473591844132763,24,4,3,12
1720420143,15,Spotfish,7347863164085479282,19,5,3,14
1720420143,71,Angel Fish,17473313550744407501,21,6,3,16
1720420143,1,Tilapia,16214425555912757616,13,2,1,18
1720420143,1,Tilapia,5080007580741279329,13,1,3,4
1720420143,3,Tilpia,3341005358804315382,17,3,1,9
1720420143,17,Spot Fish,4179885904101972089,17,1,1,9
1720420143,102,Axolotl,12682200580108134733,23,9,6,18
1720420143,74,Mola Mola Fish,9967934990687399779,25,6,2,9
1720420143,79,Turtle,16309039310733573067,28,5,6,22
1720420143,104,Boot,9182810530910507895,21,1,3,9
1720420143,30,Herring,1747477357368315917,15,3,1,9
1720420143,59,Salmon,9401269925990683954,18,1,4,13
1720420143,47,Eel,6471844474414288775,24,2,2,14
1720420143,14,Sardine,7991452366206330318,23,6,4,4
1720420143,94,Lobster,13332807261573856842,32,7,1,20
1720420143,31,Cod,16223862599055257662,22,1,2,1
1720420143,37,Snapper,15766855739537619627,16,6,1,14
1720420143,39,Snapperfish,15927123003195897355,32,3,2,21
1720420143,28,Anchovy,9967682304050654265,18,1,4,16
1720420143,79,Turtle,8556591792706548770,22,8,2,18
1720420143,81,Starfish,1754878243550313912,17,2,3,13
1720420143,14,Sardine,10893122639458573063,15,4,3,15
1720420143,47,Eel,8745173554461360236,25,5,1,1
1720420143,16,Trout,10989863358792417685,17,1,1,7
1720420143,56,Spearfish,7088523669783262657,18,2,4,6
1720420143,62,Barracuda,2464192378634534119,24,3,4,15
1720420143,16,Trout,6257866696408187442,15,6,4,20
1720420143,14,Sardine,8625530884395713860,19,1,1,1
1720420143,98,Jellyfish,14015031425831834721,22,7,2,14
1720420143,31,Cod,17656977044543443668,24,1,2,8
1720420143,82,Starfish,15866856181152172937,25,3,1,16
1720420143,29,Herring,15982454362840255348,20,4,3,18
1720420143,76,Mola Mola Fish,10267046216392001839,26,5,2,5
1720420143,77,Turtle,16745635575545100472,16,4,4,1
1720420143,16,Trout,15302684184268869365,18,1,4,11
1720420143,5028,404 Fish,561831568424268011,24,2,1,15
1720420143,17,Spot Fish,135297581544101216,20,1,1,20
1720420143,74,Mola Mola Fish,8653493022323535789,21,6,2,8
1720420143,28,Anchovy,8494189333925397676,19,5,4,5
1720420143,15,Spotfish,6712011475285722266,27,3,1,12
1720420143,102,Axolotl,11728442559944072736,22,3,3,6
1720420143,50,Damsel Fish,15438925125024345406,18,5,1,16
1720420143,39,Snapperfish,14620694535123319089,23,5,1,4
1720420143,13,Sardine,2095218242748747888,15,3,4,14
1720420143,89,Seahorse,6568206836296769422,23,5,4,2
1720420143,5013,Sakhalin sturgeon,18392085065950520932,29,7,6,22
1720420143,44,Clownfish,10328775771643416021,18,1,2,12
1720420143,94,Lobster,10576087711336053141,31,7,3,12
1720420143,17,Spot Fish,8142307773600003700,21,5,4,3
1720420143,37,Snapper,8170429024803666619,14,4,4,6
1720420143,4,Perch,14852869378622059805,20,1,2,7
1720420143,17,Spot Fish,8309344948008343406,20,6,3,7
1720420143,37,Snapper,17430380254483678054,17,2,2,2
1720420143,5,Perch,2319090263067475756,18,2,4,4
1720420143,7,Bass,8513888504599797328,26,5,2,19
1720420143,3,Tilpia,18390027811373983944,15,3,1,2
1720420143,65,Piranha,8263212816396601409,20,4,4,19
1720420143,33,Cod,395595048651448397,21,2,2,18
1720420143,13,Sardine,7842837502488425131,24,1,3,7
1720420143,47,Eel,12469937733743691665,12,4,3,6
1720420143,90,Seahorse,2413603996923052738,29,3,1,21
1720420143,40,Anglerfish,8863293965258695854,15,6,2,20
1720420143,71,Angel Fish,6689187196876894910,16,1,4,4
1720420143,53,Bluegill,4986538958378523306,21,5,1,10
1720420143,10,Sardine,5021125053284204774,15,5,2,16
1720420143,30,Herring,7646417886059278888,18,2,2,12
1720420143,29,Herring,11694854128260192809,21,2,2,3
1720420143,44,Clownfish,2641577204006130276,22,1,2,20
1720420143,48,Electric Eel,3554445774986015789,28,4,4,19
1720420143,60,Green Salmon,10072753121686938985,23,3,1,4
1720420143,10,Sardine,16257937384154104432,16,5,1,7
1720420143,102,Axolotl,2179520780961443003,24,3,6,5
1720420143,89,Seahorse,7317019537602834063,15,1,4,11
1720420143,84,Crab,7272140478824565766,28,7,4,7
1720420143,5067,Pop-eyed goldfish,17072967623706444209,24,5,4,3
1720420143,30,Herring,10486951025776758132,17,1,4,12
1720420143,3,Tilpia,5182984227696051083,16,4,4,3
1720420143,50,Damsel Fish,10385251246633941444,16,1,3,12
1720420143,53,Bluegill,1079298740383652574,20,1,3,15
1720420143,29,Herring,11195749372510370977,21,4,4,4
1720420143,44,Clownfish,16726869060666763733,15,3,3,11
1720420143,26,Catfish,1820492656359016150,31,3,1,5
1720420143,23,Pufferfish,3747753844940346236,18,6,3,14
1720420143,102,Axolotl,11079636981366409148,17,3,5,17
1720420143,28,Anchovy,15361988989737863650,17,2,2,14
1720420143,8,Bass,13488323725111556533,19,1,2,1
1720420143,69,Grouper,9244121486221713942,20,4,4,7
1720420143,100,Jellyfish,17033276511328070739,27,4,3,17
1720420143,51,Damsel Fish,9254341467346578870,27,5,3,12
1720420143,89,Seahorse,803877131169812547,23,6,3,17
1720420143,74,Mola Mola Fish,306871536088710570,20,3,2,13
1720420143,22,Pufferfish,9387927473845328070,22,4,3,7
1720420143,6,Perch,480307747400075241,21,7,3,18
1720420143,16,Trout,7727081550070148970,17,1,1,13
1720420143,5013,Sakhalin sturgeon,16619059084539152914,36,4,6,15
1720420143,3,Tilpia,18400946581648300388,19,1,2,6
1720420143,40,Anglerfish,156637268844842343,13,1,2,13
1720420143,31,Cod,7476232577281018656,19,6,1,14
1720420143,104,Boot,13731947092926456230,16,3,3,2
1720420143,71,Angel Fish,7430512639219790224,16,2,3,19
1720420143,32,Cod,11732164588292747889,14,2,4,20
1720420143,26,Catfish,2680165703076020116,29,3,2,3
1720420143,60,Green Salmon,13526420380944181453,18,6,3,6
1720420143,5059,Great white shark,5057032791732091328,28,4,3,20
1720420143,68,Grouper,3784795479559328637,23,7,1,2
1720420143,59,Salmon,14153652861692059438,20,6,2,5
1720420143,59,Salmon,14754847819367466836,22,1,3,8
1720420143,102,Axolotl,11027258235397604236,25,10,1,7
1720420143,3,Tilpia,6182999395518327919,19,4,1,5
1720420143,30,Herring,9124490571952677364,15,2,1,7
1720420143,10,Sardine,15652145275016990876,22,5,2,17
1720420143,60,Green Salmon,7270545725532926378,28,7,2,13
1720420143,27,Catfish,18341880250840214400,23,6,4,13
1720420143,1,Tilapia,6427827581767664355,19,2,4,7
1720420143,5013,Sakhalin sturgeon,12187790439975315247,40,8,6,10
1720420143,43,Clownfish,7047032523457637760,22,3,2,3
1720420143,60,Green Salmon,9878220550709314407,21,5,4,19
1720420143,50,Damsel Fish,7887020231039612955,24,6,1,9
1720420143,74,Mola Mola Fish,14696035903321913200,19,2,2,2
1720420143,62,Barracuda,7669705487385616989,18,4,3,17
1720420143,47,Eel,11373646047570422359,18,1,2,20
1720420143,15,Spotfish,12056773072546540710,24,2,1,20
1720420143,104,Boot,10538580958901073946,22,6,3,18
1720420143,16,Trout,7022422829971184037,16,2,4,9
1720420143,38,Snapper,8041533118800333248,14,4,4,8
1720420143,74,Mola Mola Fish,12302117387775733969,22,2,1,7
1720420143,90,Seahorse,13720797318526863579,31,2,1,21
1720420143,89,Seahorse,859320875143312590,20,4,2,6
1720420143,77,Turtle,2668547338201788504,19,3,1,8
1720420143,93,Blue Lobster,308501730286054547,29,4,4,7
1720420143,71,Angel Fish,8719985961408002276,15,4,2,19
1720420143,44,Clownfish,18323062170184286884,14,3,4,8
1720420143,55,Spearfish,10175145289898456726,19,1,4,9
1720420143,7,Bass,8049327951466754115,19,4,2,16
1720420143,31,Cod,16702579904258081797,19,4,2,3
1720420143,17,Spot Fish,15368392531141332394,13,6,1,3
1720420143,22,Pufferfish,948859723446184467,16,2,3,12
1720420143,5028,404 Fish,10935390560485346055,19,6,3,13
1720420143,31,Cod,16097233574457556184,19,1,1,2
1720420143,27,Catfish,3621369238373939872,26,7,1,14
1720420143,30,Herring,6820676477049903633,15,2,1,14
1720420143,47,Eel,3855218287365637796,21,5,3,15
1720420143,81,Starfish,12839306264956214936,24,5,3,1
1720420143,8,Bass,3468680473975953302,17,3,1,7
1720420143,20,Trout,16363566221093654864,26,6,3,10
1720420143,53,Bluegill,4108513182963725607,16,1,2,9
1720420143,14,Sardine,10005175630096304447,25,2,1,13
1720420143,71,Angel Fish,4125247032221504867,26,2,2,2
1720420143,5,Perch,12976481845900362949,19,6,1,3
1720420143,35,Triple Tail,5147211036969452072,23,7,1,14
1720420143,94,Lobster,12994868800765061751,29,3,3,15
1720420143,56,Spearfish,11819767756577254570,30,4,4,12
1720420143,105,GamerPieJess fish,6309859618084749249,27,2,2,4
1720420143,69,Grouper,10362619817667580276,16,2,3,5
1720420143,4,Perch,12856364462216363222,15,6,2,19
1720420143,31,Cod,15777525260611262539,14,3,3,13
1720420143,25,Catfish,16652915135079921557,23,1,1,1
1720420143,8,Bass,5038697459367885173,19,1,2,6
1720420143,37,Snapper,16629230157053062866,22,2,4,1
1720420143,81,Starfish,16642826563452014179,21,2,1,3
1720420143,55,Spearfish,571957533924684637,24,2,2,8
1720420143,68,Grouper,10504105832199396953,30,2,1,4
1720420143,81,Starfish,17684282971579537676,18,6,1,17
1720420143,98,Jellyfish,13250769761696072420,17,4,1,17
1720420143,104,Boot,14959494348921741348,17,5,3,11
1720420143,78,Turtle,11622266878369742151,22,6,3,6
1720420143,62,Barracuda,17548406797226685508,25,2,3,18
1720420143,7,Bass,17714739421880287609,16,3,1,19
1720420143,89,Seahorse,5469234745285616566,23,6,3,14
1720420143,34,Triple Tail,9887700343695101611,15,5,3,15
1720420143,11,Sardine,1167047404340091619,23,1,4,4
1720420143,5067,Pop-eyed goldfish,17028561509265344470,19,7,3,12
1720420143,30,Herring,2425243053015247010,13,5,3,3
1720420143,81,Starfish,5470088731258444137,23,5,3,13
1720420143,75,Mola Mola Fish,5457438797759476066,31,4,4,11
1720420143,5013,Sakhalin sturgeon,15807936848058094920,41,5,6,17
1720420143,54,Redgill,16601268274502546232,28,5,2,7
1720420143,44,Clownfish,9362370474491313686,21,5,2,1
1720420143,5,Perch,3182662177594937624,22,2,2,18
1720420143,62,Barracuda,16532157679759331179,21,3,3,11
1720420143,20,Trout,10158116532716077251,30,7,3,21
1720420143,12,Sardine,4483654515577367419,22,3,2,4
1720420143,89,Seahorse,11273505954666788270,14,6,3,14
1720420143,29,Herring,15219464942676589490,15,3,2,9
1720420143,89,Seahorse,13643955660286855231,20,4,4,8
1720420143,24,Pufferfish,13036284662243466605,32,7,4,10
1720420143,55,Spearfish,7627325060550378333,15,5,3,1
1720420143,3,Tilpia,2889377596434425153,20,3,1,13
1720420143,53,Bluegill,13690615250263367914,16,2,3,13
1720420143,98,Jellyfish,16507519659807847686,30,3,3,3
1720420143,23,Pufferfish,6865664990109288462,17,6,4,3
1720420143,102,Axolotl,5211930461752031097,25,9,2,11
1720420143,13,Sardine,6768322131042114970,25,3,1,3
1720420143,65,Piranha,10610395105912151880,15,6,2,15
1720420143,40,Anglerfish,8560393851326184052,19,2,4,9
1720420143,23,Pufferfish,17726252431524531171,19,3,3,9
1720420143,77,Turtle,152426892813754670,19,3,2,1
1720420143,51,Damsel Fish,14775685751563726946,21,3,3,19
1720420143,54,Redgill,16658813833933158098,23,4,3,5
1720420143,104,Boot,12785578974788212425,21,6,3,1
1720420143,82,Starfish,7979600563405105966,26,3,1,18
1720420143,13,Sardine,1013930359128254345,25,4,4,17
1720420143,23,Pufferfish,13940750968400527987,16,1,1,7
1720420143,102,Axolotl,6718508744919706137,26,7,4,11
1720420143,7,Bass,7224781258551780454,19,6,4,16
1720420143,5,Perch,9594923289352801682,18,6,3,16
1720420143,65,Piranha,13601754515313794231,18,2,1,20
1720420143,7,Bass,15084821987786055422,21,6,2,11
1720420143,87,Shrimp,1443896412678292856,32,5,4,12
1720420143,72,Angelfish,2662110540570506690,31,4,3,8
1720420143,3,Tilpia,7525317749348904869,20,2,3,16
1720420143,54,Redgill,6210779043870410160,23,4,1,17
1720420143,65,Piranha,4231827522461287518,19,3,2,6
1720420143,19,Trout,13415547311568619448,16,4,1,8
1720420143,62,Barracuda,11932428666939021415,13,6,4,2
1720420143,26,Catfish,12665926290140060666,24,7,3,4
1720420143,8,Bass,17887339299769003794,25,3,1,6
1720420143,1,Tilapia,6424564969996830540,20,2,4,16
1720420143,53,Bluegill,13303427160784959096,15,2,4,17
1720420143,102,Axolotl,12836105172122061009,28,9,3,21
1720420143,59,Salmon,17846383953056533989,23,3,4,19
1720420143,79,Turtle,1654996150792117350,27,4,1,6
1720420143,34,Triple Tail,4354436008413764268,23,6,1,13
1720420143,23,Pufferfish,15721291196367403475,22,1,4,1
1720420143,23,Pufferfish,2152206984971041569,19,4,4,14
1720420143,26,Catfish,14305000351959541795,24,4,3,14
1720420143,62,Barracuda,1748352471457754344,14,2,2,15
1720420143,44,Clownfish,3236485732612901686,19,2,4,18
1720420143,5,Perch,5492887513226747900,23,2,1,20
1720420143,25,Catfish,15319695318558858276,24,3,1,14
1720420143,7,Bass,847190423501391648,15,3,3,3
1720420143,22,Pufferfish,2888376021123608424,23,2,1,10
1720420143,47,Eel,1069475221784499904,21,1,1,12
1720420143,15,Spotfish,10289028395473207799,20,7,4,17
1720420143,8,Bass,12271456869262152345,18,6,3,8
1720420143,50,Damsel Fish,9270139717533051006,23,2,1,1
1720420143,6,Perch,15036172828131238230,19,5,1,21
1720420143,4,Perch,2691719340573999171,21,5,4,7
1720420143,41,Anglerfish,18097400434437400518,29,6,2,6
1720420143,38,Snapper,6298444280676999846,24,6,2,9
1720420143,20,Trout,12238534334904564150,15,7,1,17
1720420143,27,Catfish,11394694839123928633,22,2,2,4
1720420143,29,Herring,10810525263257554512,19,1,2,17
1720420143,53,Bluegill,10142975146218154807,18,2,1,13
1720420143,46,Eel,1649219540949686985,16,5,2,11
1720420143,5059,Great white shark,769289093742051676,29,6,1,14
1720420143,10,Sardine,7888114211617071224,22,1,3,16
1720420143,71,Angel Fish,18361693171655488864,22,6,2,20
1720420143,65,Piranha,11828312969225365560,19,6,3,9
1720420143,25,Catfish,9561161608523362096,17,3,1,1
1720420143,68,Grouper,15626618997917060302,30,3,2,16
1720420143,19,Trout,6925902167157391526,16,3,4,12
1720420143,69,Grouper,8435931795168683823,18,6,2,4
1720420143,74,Mola Mola Fish,396872280965496350,20,5,1,4
1720420143,56,Spearfish,14433294944387238527,23,2,3,14
1720420143,77,Turtle,9981707801152091175,21,2,4,18
1720420143,56,Spearfish,10971849713061250400,29,2,4,3
1720420143,25,Catfish,15969264444638089296,13,4,4,19
1720420143,10,Sardine,8814860500381028647,18,5,1,7
1720420143,30,Herring,9257838619221025312,17,4,4,17
1720420143,3,Tilpia,12867956038387347246,21,1,2,15
1720420143,30,Herring,9143331656744373135,23,6,3,20,0
1720420143,5,Perch,8207700213420826432,23,6,2,3,0
1720420143,81,Starfish,4632376770387870298,13,4,2,19,0
1720420143,66,Piranha,15021893197194764181,30,3,4,6,0
1720420143,69,Grouper,12401712399942168205,21,2,1,19,0
1720420143,28,Anchovy,11203568194609981550,16,3,4,7,0
1720420143,25,Catfish,12707199401638529482,18,2,1,4,0
1720420143,44,Clownfish,1777824693325505061,20,4,4,10,0
1720420143,99,Jellyfish,9415383137110541350,24,4,4,10,0
1720420143,55,Spearfish,6827781471171752850,18,5,3,8,0
1720420143,72,Angelfish,13320814714376061123,20,6,1,2,0
1720420143,25,Catfish,7742058416208518973,15,2,2,14,0
1720420143,104,Boot,10444739043681513907,24,3,2,3,0
1720420143,24,Pufferfish,6733029736618394144,26,2,4,19,1
1720420143,104,Boot,2146336897214555165,17,2,3,5,0
1720420143,30,Herring,5980537662929526005,20,2,3,5,0
1720420143,5067,Pop-eyed goldfish,2109544268902032916,18,2,2,19,0
1720420143,76,Mola Mola Fish,2254594118830844562,29,10,3,22,19
1720420143,66,Piranha,18144242900464714956,27,7,2,16,0
1720420143,74,Mola Mola Fish,13078568723576324083,13,1,4,17,0
1720420143,25,Catfish,17657505982738927567,17,4,4,13,3
1720420143,11,Sardine,7332810302399297542,18,3,1,9,0
1720420143,91,Golden Seahorse,15405910799189059368,22,3,5,12,2
1720420143,105,GamerPieJess fish,14875661187518960837,18,7,3,8,3
1720420143,67,Grouper,1429497267391870597,23,5,2,10,0
1720420143,71,Angel Fish,13863418625803616675,22,5,4,8,0
1720420143,44,Clownfish,14074951851804087774,22,3,4,2,0
1720420143,63,Barracuda,13204757655541386891,29,6,3,14,6
1720420143,36,Triple Tail,10126078579596846091,31,2,3,17,0
1720420143,87,Shrimp,463738130523029329,32,4,3,10,11
1720420143,2,Tilapia,8733461009127424984,17,4,2,2,0
1720420143,71,Angel Fish,14829451889584772904,19,6,1,15,3
1720420143,32,Cod,7165634988400444909,21,3,3,16,0
1720420143,62,Barracuda,406419921780865887,19,3,2,13,0
1720420143,5027,Cutthroat Trout,13138866966983930491,21,6,2,15,0
1720420143,74,Mola Mola Fish,16169129320629912203,14,4,3,10,0
1720420143,60,Green Salmon,13700234674262938600,21,5,1,12,1
1720420143,91,Golden Seahorse,8478588541575864614,18,8,1,5,1
1720420143,61,Barracuda,3404782986374021765,12,4,4,2,0
1720420143,96,Octopus,10004101638714137538,29,6,6,6,0
1720420143,12,Sardine,615716710657326185,23,2,2,5,0
1720420143,75,Mola Mola Fish,9884678519559207375,21,7,4,6,0
1720420143,55,Spearfish,16710465617688365549,15,3,1,14,0
1720420143,61,Barracuda,9161249113564589730,20,2,2,8,0
1720420143,58,Salmon,18162384284594040019,18,4,3,5,0
1720420143,43,Clownfish,2797867544368676143,22,1,4,18,0
1720420143,35,Triple Tail,14381953968849321845,17,5,4,21,0
1720420143,69,Grouper,9455565313691135489,18,5,1,3,0
1720420143,95,Octopus,17914278050815569579,26,4,4,18,14
1720420143,64,Piranha,958603238328286405,13,1,3,15,0
1720420143,34,Triple Tail,15931401812360335852,21,5,2,7,0
1720420143,5,Perch,13870480416888431974,22,5,3,16,0
1720420143,62,Barracuda,1108547188458945258,18,1,4,8,0
1720420143,4,Perch,18090538527681293768,17,1,4,14,0
1720420143,62,Barracuda,11631061463616866902,20,3,1,14,0
1720420143,13,Sardine,4285865585655323423,12,6,3,14,2
1720420143,1,Tilapia,5217481893963640998,23,5,3,9,5
1720420143,16,Trout,4598522181032694748,16,1,3,20,0
1720420143,69,Grouper,10168098959132802054,16,2,3,10,1
1720420143,11,Sardine,5351454075622925901,13,4,1,2,0
1720420143,60,Green Salmon,12185452803820162036,24,7,2,16,0
1720420143,64,Piranha,11337801132560439654,23,4,3,17,0
1720420143,59,Salmon,14841723124270264502,16,1,3,5,0
1720420143,34,Triple Tail,9642238505224760446,22,4,3,10,2
1720420143,2,Tilapia,11022436723342870933,24,3,1,1,4
1720420143,28,Anchovy,2590593855787862758,21,4,4,6,0
1720420143,71,Angel Fish,9457123770041442152,22,2,4,13,0
1720420143,25,Catfish,11035136312158543483,18,4,3,3,0
1720420143,71,Angel Fish,8722514320541154018,23,6,3,1,5
1720420143,32,Cod,15543224349635911480,23,1,1,18,0
1720420143,64,Piranha,3905126112486812304,17,2,3,11,1
1720420143,66,Piranha,6489546650119399145,28,2,1,8,0
1720420143,69,Grouper,10946023621354604552,14,3,1,19,0
1720420143,46,Eel,16727856279022233629,19,2,4,1,0
1720420143,55,Spearfish,14792696605083196808,15,2,1,5,0
1720420143,6,Perch,18073375292617139953,19,2,3,13,0
1720420143,80,Starfish,11866447757647377,16,2,2,11,0
1720420143,74,Mola Mola Fish,7446736505681609464,20,5,3,6,0
1720420143,66,Piranha,4274204255359409465,15,4,2,19,0
1720420143,21,Trout,4626089764935330034,23,5,1,8,0
1720420143,50,Damsel Fish,9028437204361810428,19,1,1,18,0
1720420143,20,Trout,16439409066400297045,27,4,2,18,0
1720420143,50,Damsel Fish,6653587120412388762,16,2,3,18,0
1720420143,74,Mola Mola Fish,5933058431407694648,21,6,4,2,6
1720420143,66,Piranha,4745894979326115604,32,5,2,17,0
1720420143,100,Jellyfish,13292272305406555295,24,2,1,14,0
1720420143,17,Spot Fish,16362685385170182049,23,6,4,7,0
1720420143,22,Pufferfish,1806984580458773824,16,4,3,2,0
1720420143,14,Sardine,5745891490724202567,17,5,1,4,0
1720420143,33,Cod,8858963032995812302,24,3,2,14,0
1720420143,38,Snapper,14679044673510389542,22,1,4,13,0
1720420143,21,Trout,6789424342146831350,20,3,3,18,0
1720420143,20,Trout,1937261823915699775,23,3,3,20,1
1720420143,22,Pufferfish,11457245650397542798,24,5,3,7,0
1720420143,74,Mola Mola Fish,12733386117908829032,22,3,4,13,0
1720420143,8,Bass,18380439059654103272,17,6,4,4,0
1720420143,46,Eel,2316554432055380055,21,5,4,15,0
1720420143,71,Angel Fish,18384293926274947471,19,5,2,11,0
1720420143,50,Damsel Fish,2368523091679855359,17,1,1,1,0
1720420143,25,Catfish,4588543457184125347,20,6,1,11,0
1720420143,61,Barracuda,16335329926960280532,22,1,2,18,0
1720420143,99,Jellyfish,13518100476903691047,17,4,3,12,2
1720420143,99,Jellyfish,7784443096701902845,20,3,3,10,0
1720420143,54,Redgill,733778422330197426,30,3,2,4,1
1720420143,104,Boot,11695101451529288528,16,2,2,3,0
1720420143,8,Bass,7068878733976604004,18,3,4,18,0
1720420143,29,Herring,2428691466842904433,23,5,3,13,0
1720420143,78,Turtle,3130259751166487770,20,2,4,13,0
1720420143,69,Grouper,102247743129139605,20,3,1,3,0
1720420143,65,Piranha,1517563548736595879,18,3,4,9,0
1720420143,47,Eel,4605108032892459445,15,6,4,19,0
1720420143,46,Eel,5469688095683880463,19,1,4,7,0
1720420143,46,Eel,5787228738712408326,18,1,3,4,0
1720420143,31,Cod,11449901041383605098,22,5,1,6,0
1720420143,71,Angel Fish,398189510202271802,18,2,3,1,0
1720420143,72,Angelfish,15267665787638986188,22,2,2,21,0
1720420143,90,Seahorse,5478137318516503537,20,3,1,12,0
1720420143,46,Eel,11485009070956289093,22,6,3,10,1
1720420143,20,Trout,9711123275453980433,27,4,3,2,4
1720420143,34,Triple Tail,6477921799564536696,21,4,3,17,3
1720420143,74,Mola Mola Fish,10608144583132599761,23,3,2,13,2
1720420143,4,Perch,9241152713009286155,20,6,3,4,0
1720420143,102,Axolotl,14288002243813247044,29,7,5,6,7
1720420143,52,Bluegill,3659986878362022398,17,1,1,3,0
1720420143,86,Shrimp,4677951464088199856,18,4,4,7,0
1720420143,47,Eel,9742357946362678592,21,3,3,17,0
1720420143,7,Bass,2302578000757729377,25,3,3,16,5
1720420143,92,Lobster,11625505617790930494,17,5,2,10,0
1720420143,30,Herring,110488893445581455,19,6,2,10,0
1720420143,43,Clownfish,8565322797772850981,21,4,2,6,1
1720420143,8,Bass,7776746493697968597,15,6,2,18,1
1720420143,63,Barracuda,11664182665794070828,26,5,1,14,7
1720420143,56,Spearfish,13095945961015605415,23,4,3,19,0
1720420143,46,Eel,9543389730563469309,18,5,2,10,0
1720420143,104,Boot,10334456139777835497,18,5,4,8,0
1720420143,22,Pufferfish,6386280706808175869,18,3,2,16,0
1720420143,58,Salmon,9361270955219718392,18,5,4,18,5
1720420143,65,Piranha,9054121827759701292,21,4,1,13,0
1720420143,64,Piranha,2545316349418696987,25,4,1,20,1
1720420143,64,Piranha,13032617920221867930,14,4,2,5,0
1720420143,71,Angel Fish,14198282146944638276,20,6,4,1,0
1720420143,48,Electric Eel,7860549662208396588,16,3,1,17,0
1720420143,86,Shrimp,12381699722508604429,20,2,4,3,0
1720420143,99,Jellyfish,17324486389090542659,20,2,4,2,0
1720420143,44,Clownfish,10392668741530068072,24,5,1,19,0
1720420143,89,Seahorse,1481167589559759790,16,1,1,14,0
1720420143,47,Eel,9209020683885463112,18,3,4,6,0
1720420143,87,Shrimp,3271086867650121684,28,3,2,20,1
1720420143,53,Bluegill,9459147436716128587,24,2,4,12,0
1720420143,62,Barracuda,4910723238359238883,17,5,4,6,0
1720420143,40,Anglerfish,4172243931256795559,20,6,4,11,2
1720420143,45,Clownfish,17175905213602399903,22,4,3,14,3
1720420143,5010,Blahaj,16119180840757326673,36,4,6,23,15
1720420143,96,Octopus,11626479335262904067,22,5,5,5,0
1720420143,70,Angel Fish,12107930181578942910,21,1,2,8,0
1720420143,14,Sardine,17860301792045528254,25,4,1,4,0
1720420143,19,Trout,5950475288996802760,21,3,4,18,0
1720420143,79,Turtle,11183578384741032906,25,4,6,14,0
1720420143,96,Octopus,16733221020920620159,27,9,1,15,11
1720420143,40,Anglerfish,10789713689523795618,19,5,2,14,0
1720420143,104,Boot,13766015324324123734,12,6,2,13,0
1720420143,40,Anglerfish,237149320490821788,13,4,1,4,0
1720420143,30,Herring,11718861627896763825,19,2,2,5,0
1720420143,5,Perch,16485022690608024442,14,2,3,13,0
1720420143,50,Damsel Fish,8827119716559750941,21,5,1,1,2
1720420143,1,Tilapia,3819590131323320741,17,5,4,4,3
1720420143,22,Pufferfish,7110098525222533871,18,5,2,20,1
1720420143,48,Electric Eel,1052652159919164883,23,3,4,16,0
1720420143,44,Clownfish,6198127038723325385,17,6,4,20,7
1720420143,74,Mola Mola Fish,13214723323219455162,16,3,2,17,0
1720420143,80,Starfish,1835657286147103852,20,4,3,11,1
1720420143,44,Clownfish,18245112735096188978,22,4,4,8,2
1720420143,5067,Pop-eyed goldfish,1534423795139105419,24,7,3,11,10
1720420143,17,Spot Fish,10931192200391821309,22,6,2,3,0
1720420143,99,Jellyfish,4304581202787135903,19,3,4,6,0
1720420143,67,Grouper,17284221807949451888,21,5,4,4,0
1720420143,86,Shrimp,690437132239350123,14,2,3,10,0
1720420143,22,Pufferfish,3089928484374605844,17,5,4,1,0
1720420143,80,Starfish,10293036778345170736,18,5,2,13,0
1720420143,34,Triple Tail,16027627770658742484,20,5,2,13,0
1720420143,69,Grouper,9342859183642976210,20,5,1,9,0
1720420143,51,Damsel Fish,8453894773734865264,27,3,1,7,0
1720420143,51,Damsel Fish,13756833252492566681,32,6,1,9,0
1720420143,41,Anglerfish,13676298154505646079,35,5,4,6,8
1720420143,64,Piranha,17963674262294798415,15,4,4,6,0
1720420143,72,Angelfish,13067150016451343272,26,5,4,10,0
1720420143,78,Turtle,7983010446553817160,16,5,2,19,0
1720420143,61,Barracuda,4156660985372464572,16,4,3,10,0
1720420143,39,Snapperfish,6153626181088461684,30,2,1,21,0
1720420143,81,Starfish,605284917488198486,22,1,1,14,0
1720420143,59,Salmon,1700794452776935301,21,5,3,8,0
1720420143,89,Seahorse,6931423052331930655,14,4,1,6,0
1720420143,3,Tilpia,5385584304129053260,18,5,3,6,0
1720420143,74,Mola Mola Fish,16367502250532767659,15,5,2,8,0
1720420143,58,Salmon,17713316190350320038,22,2,1,9,0
1720420143,64,Piranha,7218330102629861760,19,2,3,17,0
1720420143,43,Clownfish,8395418120099973,19,1,3,2,0
1720420143,35,Triple Tail,9598112707223691528,23,6,1,18,0
1720420143,12,Sardine,8426672184766485627,23,2,3,12,0
1720420143,71,Angel Fish,4637478093907955642,23,4,2,17,0
1720420143,46,Eel,13135679295173337070,16,2,1,4,0
1720420143,30,Herring,11840463887218206922,24,2,3,1,0
1720420143,8,Bass,8001547621352665082,19,6,1,10,0
1720420143,81,Starfish,3224116163180852453,16,5,3,14,0
1720420143,41,Anglerfish,13864159582632319191,30,7,3,20,8
1720420143,54,Redgill,4002981456293393026,31,5,1,9,0
1720420143,32,Cod,10511001441852513065,21,5,3,19,0
1720420143,59,Salmon,1645729906172015749,18,1,3,12,0
1720420143,82,Starfish,3569763187017756200,29,2,2,16,0
1720420143,39,Snapperfish,16668562644809229107,32,7,2,19,5
1720420143,3,Tilpia,8682599982138868292,20,5,4,5,0
1720420143,9,Bass,5534769301034610314,26,4,4,17,0
1720420143,19,Trout,1292115573463907193,20,2,1,19,0
1720420143,59,Salmon,6741074428894865091,21,4,3,18,1
1720420143,24,Pufferfish,6901032842694747954,28,6,4,17,17
1720420143,96,Octopus,2393455903521837013,23,9,2,7,0
1720420143,28,Anchovy,1045673522069262744,17,5,1,7,0
1720420143,11,Sardine,14973956783379449783,20,5,2,20,0
1720420143,36,Triple Tail,8665006863410387576,15,2,2,13,0
1720420143,65,Piranha,16496346950419098636,25,1,4,6,0
1720420143,47,Eel,8643763292351978896,18,2,1,11,0
1720420143,47,Eel,8750312366482797336,18,2,4,1,0
1720420143,55,Spearfish,17722151253119417751,15,5,4,16,0
1720420143,34,Triple Tail,9101558056050910823,17,1,4,3,0
1720420143,56,Spearfish,1864072387265425883,31,2,3,18,0
1720420143,46,Eel,8892733013372828623,20,3,2,9,0
1720420143,81,Starfish,6887196690767052473,18,2,3,13,0
1720420143,64,Piranha,12357365350067512408,18,5,1,20,0
1720420143,14,Sardine,5289418838037203251,20,3,2,18,0
1720420143,56,Spearfish,9348860506665667674,34,6,1,20,6
1720420143,9,Bass,2720695711880740596,22,6,3,21,2
1720420143,17,Spot Fish,17030181329487632446,15,5,2,20,0
1720420143,50,Damsel Fish,3316126028342042212,19,2,3,2,0
1720420143,100,Jellyfish,11272997170175239199,26,3,4,15,0
1720420143,80,Starfish,5752333781838171933,16,3,2,16,0
1720420143,36,Triple Tail,4071754286444764979,14,7,3,12,0
1720420143,40,Anglerfish,1939466528324724748,20,4,4,7,0
1720420143,43,Clownfish,655269037723323828,21,2,4,18,0
1720420143,47,Eel,12742149529244014618,18,5,3,8,0
1720420143,69,Grouper,15419384746321891569,15,1,2,3,0
1720420143,55,Spearfish,15438181609134325397,15,2,3,14,0
1720420143,75,Mola Mola Fish,14379124298610178970,25,2,4,12,0
1720420143,55,Spearfish,16435146549974356505,18,6,3,3,0
1720420143,44,Clownfish,2562324053367579555,16,3,1,17,0
1720420143,29,Herring,9061198398270543699,18,2,3,10,0
1720420143,8,Bass,9953940164219204466,16,6,3,14,0
1720420143,84,Crab,917588486971158089,20,5,2,18,0
1720420143,62,Barracuda,17464926142690086593,17,3,1,12,0
1720420143,59,Salmon,15309637783202456449,14,1,4,1,0
1720420143,45,Clownfish,12227108615143781822,25,3,1,18,0
1720420143,12,Sardine,18154404144765760370,21,6,1,15,0
1720420143,3,Tilpia,18150112024690403417,22,6,3,16,2
1720420143,8,Bass,13048201968986355259,21,2,1,4,0
1720420143,69,Grouper,5257840194613452850,15,2,2,11,0
1720420143,35,Triple Tail,6250809062518285923,23,3,4,18,0
1720420143,29,Herring,11703367654873566373,15,5,2,16,0
1720420143,61,Barracuda,13916631118991850882,24,1,4,2,0
1720420143,66,Piranha,1545550285062510825,27,5,3,16,0
1720420143,54,Redgill,6224957382903971078,24,7,1,13,0
1720420143,1,Tilapia,1264006971777499940,19,5,4,5,0
1720420143,74,Mola Mola Fish,15078803504827545092,16,3,2,5,0
1720420143,34,Triple Tail,2489645355138761272,19,3,2,17,0
1720420143,74,Mola Mola Fish,15707278783136018180,15,2,1,3,0
1720420143,44,Clownfish,15165733988597868431,20,4,1,7,0
1720420143,22,Pufferfish,17415906039752827414,17,1,2,15,0
1720420143,52,Bluegill,2754658846881822223,19,4,4,18,0
1720420143,78,Turtle,13719053500096391484,24,2,4,9,0
1720420143,43,Clownfish,11682156537666662954,18,3,1,4,0
1720420143,1,Tilapia,13281437908064465155,25,5,2,16,3
1720420143,40,Anglerfish,2935889463350787335,18,1,4,3,0
1720420143,102,Axolotl,3526797251990639744,29,6,3,6,18
1720420143,2,Tilapia,42415196999881381,23,6,1,4,0
1720420143,40,Anglerfish,9024253751996346117,20,3,2,9,0
1720420143,30,Herring,12750870711695431177,17,2,1,9,0
1720420143,40,Anglerfish,14945458417329499948,22,4,2,2,0
1720420143,62,Barracuda,932569186170626171,22,6,1,14,5
1720420143,74,Mola Mola Fish,10539668924924070090,20,5,4,12,2
1720420143,76,Mola Mola Fish,16953812424906391448,34,4,1,22,4
1720420143,41,Anglerfish,8869650136899516041,25,7,4,16,19
1720420143,78,Turtle,4659141096199515642,27,4,4,16,7
1720420143,44,Clownfish,6801167503523297043,23,3,4,7,0
1720420143,69,Grouper,16209947790912229271,19,4,4,10,0
1720420143,88,Shrimp King,10650890424323284891,29,8,6,17,1
1720420143,55,Spearfish,10895291924834640496,17,5,2,13,0
1720420143,5059,Great white shark,1312009932063948089,19,4,4,8,5
1720420143,20,Trout,12548189687053829691,31,3,3,10,2
1720420143,15,Spotfish,9936237211591144381,32,5,1,16,3
1720420143,58,Salmon,10336874219382742180,22,2,2,15,2
1720420143,17,Spot Fish,2473761029038789202,14,3,3,2,0
1720420143,38,Snapper,8141231568963288193,19,3,1,13,0
1720420143,87,Shrimp,6440259645777869428,29,2,3,20,1
1720420143,46,Eel,15614747739491459377,19,3,4,13,0
1720420143,74,Mola Mola Fish,9126802010655893909,15,3,1,4,0
1720420143,66,Piranha,17867355126975427408,22,6,3,6,0
1720420143,34,Triple Tail,13228555552690084674,15,4,1,3,0
1720420143,48,Electric Eel,6329204644239615559,25,5,2,12,5
1720420143,18,Trout,9526123859662253989,26,7,4,13,6
1720420143,47,Eel,11748776564423118024,16,4,3,6,0
1720420143,6,Perch,18076235677706319781,19,6,4,6,3
1720420143,43,Clownfish,8981639769469788161,13,3,4,14,1
1720420143,8,Bass,9291752326031869164,14,4,3,2,0
1720420143,54,Redgill,18105818003463745630,28,2,1,7,0
1720420143,17,Spot Fish,16840830981663253024,20,5,2,9,0
1720420143,40,Anglerfish,12049846111906432364,17,1,1,11,0
1720420143,104,Boot,7417283568487433276,20,1,4,9,0
1720420143,5,Perch,107289576372535713,17,5,2,11,2
1720420143,29,Herring,6235038640363326710,23,4,1,9,0
1720420143,82,Starfish,12327419295598760334,23,6,4,20,5
1720420143,5028,404 Fish,12983479280118545934,25,3,1,16,3
1720420143,50,Damsel Fish,4535991781621142083,19,2,1,8,0
1720420143,11,Sardine,13577582098378261440,15,6,1,15,0
1720420143,72,Angelfish,10962610518222128332,26,4,3,7,2
1720420143,2,Tilapia,7198438799487683577,14,6,3,14,0
1720420143,66,Piranha,11406267069199722254,23,3,4,7,1
1720420143,10,Sardine,13322711703330495252,12,2,4,13,0
1720420143,82,Starfish,12105594216881856880,24,5,3,18,1
1720420143,57,Spearfish,11726211067086926748,27,3,4,3,0
1720420143,74,Mola Mola Fish,8214416155291439700,22,3,2,5,0
1720420143,56,Spearfish,17282656660054748522,22,3,1,16,0
1720420143,10,Sardine,10105617430607841449,13,2,3,2,0
1720420143,104,Boot,1794426016534779759,20,2,4,7,0
1720420143,15,Spotfish,3811911562374159592,27,5,4,8,0
1720420143,35,Triple Tail,1301408884997099689,25,4,2,4,0
1720420143,102,Axolotl,4987155075723245644,17,6,4,8,0
1720420143,29,Herring,3657537069187838344,15,2,1,10,0
1720420143,5,Perch,17329703280862008490,23,6,2,13,1
1720420143,19,Trout,11855283860328811486,16,5,1,11,6
1720420143,3,Tilpia,4486310307347048327,17,1,4,15,0
1720420143,25,Catfish,3085213595805256099,20,1,4,6,0
1720420143,22,Pufferfish,17246349354891844231,18,2,2,11,0
1720420143,47,Eel,16264691460508457156,15,4,3,11,0
1720420143,75,Mola Mola Fish,2832134688220487148,30,6,1,13,17
1720420143,61,Barracuda,6399752055297475486,20,2,2,15,0
1720420143,80,Starfish,13030227341562538815,21,4,3,2,0
1720420143,5059,Great white shark,12406594810725448467,14,2,1,18,0
1720420143,47,Eel,3977644152464611303,24,3,1,14,0
1720420143,80,Starfish,5006100948088657305,21,6,4,18,0
1720420143,28,Anchovy,11454072414574417781,20,3,2,6,0
1720420143,13,Sardine,2903008940983080914,23,1,1,11,0
1720420143,47,Eel,12608914096821010455,17,1,1,2,0
1720420143,44,Clownfish,13767090684973489324,17,6,1,12,0
1720420143,25,Catfish,15688106797251322909,20,2,1,3,0
1720420143,5,Perch,16656829519753442870,23,1,4,11,0
1720420143,40,Anglerfish,8767486711107544199,18,5,3,18,0
1720420143,69,Grouper,3194019046039859963,19,2,1,1,0
1720420143,92,Lobster,15639559975336230935,19,6,2,2,0
1720420143,77,Turtle,13820168034844397710,20,6,1,13,0
1720420143,40,Anglerfish,9961508502343294716,23,4,3,14
1720420143,50,Damsel Fish,243847836651382462,22,6,3,3
1720420143,24,Pufferfish,4437140294993839481,23,2,3,13
1720420143,71,Angel Fish,8436420707267472364,24,4,3,4
1720420143,49,Damsel Fish,5304072556946493840,14,5,1,18
1720420143,62,Barracuda,883957817953116067,25,5,2,17,6
1720420143,28,Anchovy,76032572430137199,13,2,2,10
1720420143,49,Damsel Fish,2752610318108595002,23,1,2,9
1720420143,49,Damsel Fish,13055569630993757822,24,6,4,20,10
1720420143,29,Herring,8930548519217892734,19,1,2,9,0
1720420143,104,Boot,8675147837696255795,16,2,3,17,0
1720420143,80,Starfish,11788311014324023366,16,6,2,1,0
1720420143,70,Angel Fish,17839853553923384001,26,4,2,14,3
1723451554,34,Triple Tail,14383704331126897283,21,5,3,2,5
1723451861,3,Tilpia,15253227426507017625,20,3,2,3,0
1723452008,90,Seahorse,13382147637126310879,22,5,1,11,0
1723452136,44,Clownfish,15584009204539499175,23,6,4,5,0
1723452917,34,Triple Tail,17456216938262014359,14,4,1,14,1
1723453310,5010,Blahaj,10476786592310013097,32,10,6,17,32
1723453453,99,Jellyfish,14913053212529113426,18,3,1,17,0
1723454099,35,Triple Tail,6479320818717844935,22,3,3,21,0
1723454295,29,Herring,13696869535369189047,21,1,2,20,0
1723454635,15,Spotfish,11099484783495605853,24,3,4,4,0
1723454755,62,Barracuda,12977943644377981391,21,1,3,2,0
1723455073,11,Sardine,17141490063103203037,12,5,1,3,0
1723455299,81,Starfish,14248658178713412987,12,1,1,9,0
1723456104,54,Redgill,10991386345839454625,29,4,1,7,0
1723456794,67,Grouper,14879515778170667130,23,2,4,7,2
1723456917,55,Spearfish,8501265929615925820,14,4,3,6,0
1723457290,50,Damsel Fish,7785182972069313827,19,1,4,14,0
1723457727,47,Eel,665792674421274225,16,5,2,6,0
1723458079,90,Seahorse,2866265439275952911,29,4,2,19,0
1723458508,71,Angel Fish,8950953432272987464,19,6,4,12,0
1723458634,34,Triple Tail,3649587234502331292,21,4,4,16,0
1723459046,40,Anglerfish,278415338922959933,20,5,1,18,0
1723460147,24,Pufferfish,16398991693408820817,20,3,4,15,0
1723460976,75,Mola Mola Fish,18302156865898147985,27,6,1,19,18
1723461310,22,Pufferfish,16600188825090135943,19,1,4,13,0
1723461872,68,Grouper,4110241643814246909,23,7,2,9,0
1723462265,75,Mola Mola Fish,16203935662921226261,23,2,4,13,0
1723462435,77,Turtle,2552735128237660070,13,3,3,14,0
1723462664,53,Bluegill,10145589562968447889,22,2,4,17,0
1723462950,79,Turtle,16854664532958606501,31,5,4,22,9
1723463363,47,Eel,8837998784651298265,26,2,4,15,0
1723463667,22,Pufferfish,10064297639338508925,22,4,1,2,0
1723463789,55,Spearfish,7785912935115518071,22,3,3,10,0
1723464067,100,Jellyfish,18008982183575431082,20,3,1,20,0
1723464360,48,Electric Eel,9952613050466979091,26,4,3,9,0
1723464734,28,Anchovy,17297237381821624721,16,5,2,3,0
1723464981,13,Sardine,11931377338662787194,18,4,1,9,2
1723473800,83,Crab,12585501037600816380,23,6,1,16,5
1723473921,30,Herring,8393066426815053514,24,2,4,7,1
1723474043,55,Spearfish,3970947776377809130,19,5,3,4,0
1723474167,3,Tilpia,14751862653725906014,26,2,3,5,0
1723474289,26,Catfish,11649977768505997604,27,3,2,16,0
1723474439,58,Salmon,14799200003348538884,20,2,3,16,0
1723474566,17,Spot Fish,11260065536433590970,17,3,4,19,0
1723474789,4,Perch,250928221435317628,19,4,1,1,0
1723475688,97,Golden Takoyaki,15689854115596470734,32,4,6,12,15
1723476234,19,Trout,15827325310374092805,20,6,2,19,0
1723476599,34,Triple Tail,3704359028047829802,20,5,4,1,0
1723476830,65,Piranha,17580029970912157611,19,1,3,11,0
1723477075,64,Piranha,3815371785595751025,17,6,4,9,0
1723477205,47,Eel,7182121998443967447,24,4,3,16,0
1723477326,24,Pufferfish,11557237605340351743,18,5,4,5,0
1723477532,8,Bass,16857049188014689716,18,5,2,15,0
1723477683,94,Lobster,4261255052872041100,30,6,1,13,0
1723477810,19,Trout,15617281693520113400,23,3,1,7,0
1723478015,87,Shrimp,3915874427101896536,26,5,3,8,0
1723478140,30,Herring,8422285426381523300,21,6,4,13,11
1723478375,32,Cod,17171559909356195555,14,4,2,8,0
1723478500,25,Catfish,3230227861751000537,22,1,1,14,0
1723478624,89,Seahorse,10220519443612080810,21,4,1,15,0
1723478766,69,Grouper,5549071035764071467,19,6,3,13,2
1723478892,19,Trout,1384442275311241862,17,4,3,14,0
1723479016,16,Trout,719089993048756,19,2,1,9,0
1723479161,11,Sardine,14478796645612030849,19,5,2,18,0
1723479352,78,Turtle,12046615125286724850,16,4,4,8,0
1723479482,87,Shrimp,9646721480674032560,23,4,1,10,0
1723479714,74,Mola Mola Fish,15394404787290623507,17,2,3,1,0
1723479842,65,Piranha,10478051295973526003,23,3,1,20,1
1723480123,5013,Sakhalin sturgeon,287479040282323679,41,11,6,4,14
1723480243,59,Salmon,10255597822999343501,17,2,2,10,0
1723480505,79,Turtle,13862523636270769933,23,8,6,11,1
1723480628,25,Catfish,10091486957174440092,20,6,1,1,0
1723480943,14,Sardine,14056111929102340872,21,2,4,1,0
1723481066,69,Grouper,9732151319891964371,22,4,4,11,0
1723481186,5059,Great white shark,235198180539581847,22,3,4,20,0
1723481309,104,Boot,14154336572102375001,20,5,3,10,6
1723481431,90,Seahorse,5485040492792655343,22,7,1,14,0
1723481554,77,Turtle,12631664640261537764,14,6,4,8
1723909884,29,Herring,15741450185991511171,16,1,3,19,0
1723910014,69,Grouper,5705770961777990814,17,5,4,12,0
1723910220,71,Angel Fish,18308251023915187837,15,6,3,9,0
1723910454,24,Pufferfish,17878432746747531238,18,3,1,20,0
1723910665,87,Shrimp,2495831956138799763,30,2,1,17,0
1723910828,29,Herring,5254312180128484818,21,6,3,5,0
1723910953,28,Anchovy,3355232166435777601,20,2,2,13,0
1723911275,10,Sardine,5510686615616664814,22,3,1,4,0
1723911448,102,Axolotl,5278105400761112697,24,9,6,21,8
1723911642,5,Perch,15579401715292762456,15,2,4,3,0
1723911978,47,Eel,15320287747003757971,23,2,3,17,1
1723912331,62,Barracuda,1846649090173568374,24,6,2,9,5
1723912538,25,Catfish,14109619084265001516,22,2,1,8,0
1723912781,63,Barracuda,16039887262998639319,14,6,3,17,0
1723912917,50,Damsel Fish,8040416660362805034,15,4,1,5,0
1723913053,16,Trout,3831381000806860035,19,5,4,14,0
1723913209,3,Tilpia,6076012709516670029,21,5,2,16,9
1723913332,50,Damsel Fish,6018147622984648529,20,3,4,10,0
1723913550,64,Piranha,3497550808441734002,19,3,4,10,0
1723913674,80,Starfish,11631623094855997261,18,2,2,1,0
1723913796,24,Pufferfish,7746027740803433232,30,5,4,9,10
1723913990,58,Salmon,7809875098789330955,14,5,3,8,0
1723914150,104,Boot,2579080086834238861,19,5,1,11,0
1723914272,10,Sardine,18133727879267821791,19,1,1,3,0
1723914423,50,Damsel Fish,8571806682849772377,15,3,2,17,0
1723914549,3,Tilpia,181125160890516761,20,4,2,4,0
1723914690,17,Spot Fish,10995078991513029447,19,2,3,4,0
1723914812,79,Turtle,16587704808509417278,17,6,4,4,0
1723915255,62,Barracuda,14943801783135369278,19,2,2,14,0
1723915667,34,Triple Tail,13702554450726597078,21,4,2,15,0
1723915791,36,Triple Tail,7273455729835673920,29,3,2,20,0
1723917746,3,Tilpia,3053989976916842742,20,4,3,4,0
1723917878,16,Trout,4077646023240010702,22,4,4,15,1
1723918000,26,Catfish,16972202284709926062,28,5,4,3,0
1723918368,99,Jellyfish,7775068800261925021,16,2,2,16,0
1723918491,100,Jellyfish,1008322212220172108,18,5,1,7,0
1723918627,43,Clownfish,13931647976942279432,18,2,4,6,0
1723918818,80,Starfish,17435725271187796539,22,4,3,1,0
1723918942,11,Sardine,4990557681388451673,14,5,1,20,0
1723919319,19,Trout,7135199412754492786,18,2,3,15,0
1723919488,26,Catfish,9920856653645461223,35,4,2,15,0
1723919677,101,Red Handfish,4609444458051095736,24,9,6,20,9
1723919810,19,Trout,11231476570382703463,18,1,4,7,0
1723921061,96,Octopus,18133806120641558394,25,9,2,19,13
1723921183,90,Seahorse,15618484402464568489,28,6,3,5,0
1723921851,59,Salmon,2031978022238743437,21,6,4,8,0
1723922102,52,Bluegill,15516416535396567398,22,4,2,12,0
1723922311,80,Starfish,168443901443242828,21,6,1,8,0
1723922450,38,Snapper,17147926670937570690,16,6,3,10,0
1723922573,19,Trout,14365925590021177063,18,3,1,8,0
1723926073,25,Catfish,325932160063405257,25,5,3,4,3
1723926253,17,Spot Fish,18281031168297816959,22,2,2,18,0
1723926434,89,Seahorse,15774733466559982638,18,2,1,14,0
1723926724,62,Barracuda,7037118721651512829,19,2,1,14,0
1723926849,5028,404 Fish,18064245755839043524,21,2,1,18,0
1723927335,74,Mola Mola Fish,5612089912122422458,15,4,1,4,0
1723927483,75,Mola Mola Fish,3123077583791977120,29,5,3,13,11
1723927610,5,Perch,4368456222625216726,17,6,3,13,0
1723927846,30,Herring,2964068995213057312,22,3,1,16,0
1723927987,44,Clownfish,16285859681073129141,22,3,2,5,0
1723928122,54,Redgill,12134933850567223447,31,4,1,2,0
1723928285,37,Snapper,13948440153055018355,26,5,3,16,9
1723928544,55,Spearfish,691872743999793406,16,5,4,13,0
1723929301,44,Clownfish,7086865743806256178,24,4,4,20,0
1723929589,93,Blue Lobster,9483184718713638876,25,6,1,5,0
1723929725,55,Spearfish,7824639538522235644,18,3,2,15,0
1731097142,29,Herring,3095030250477634986,24,3,1,4,0
1731097266,62,Barracuda,11681518480449011438,21,3,2,17,0
1731097396,2,Tilapia,6327543571679385500,18,4,3,6,0
1731097890,49,Damsel Fish,18249792830466899260,20,1,1,2,0
1731098029,11,Sardine,13724594479274200245,17,2,4,12,0
1731098154,24,Pufferfish,3496655675301922576,22,3,4,10,4
1731109403,71,Angel Fish,15900395779120751020,22,1,2,15,0
1731109535,43,Clownfish,13542156611663275086,25,4,4,12,9
1731109840,69,Grouper,13970117913992321157,13,3,4,11,0
1731327268,51,Damsel Fish,11176058290271752543,32,2,4,13,1
1731327403,45,Clownfish,11090607890945355001,28,6,1,10,7
1731327530,72,Angelfish,1821383528213301025,27,4,1,14,0
1731327687,17,Spot Fish,12989732827432151495,19,5,4,9,0
1731327860,34,Triple Tail,13812453804640353823,19,3,3,6,0
1731327982,31,Cod,18258963041786848034,13,3,2,11,0
1731328122,47,Eel,6984032132796259555,16,3,3,13,3
1731328259,26,Catfish,6885994862017047834,22,5,4,9,8
1731328507,89,Seahorse,8766854185014889802,17,3,3,11,0
1731328653,24,Pufferfish,1077273661212190960,22,4,2,11,0
1731328783,47,Eel,6218831236605196220,16,3,2,18,0
1731328928,38,Snapper,7945203856610642717,20,3,4,20,0
1731329097,20,Trout,15898321930292819876,18,5,1,2,0
1731329299,5067,Pop-eyed goldfish,3242340837634580121,15,4,1,12,0
1731329424,17,Spot Fish,10587873972495554990,18,5,2,5,0
1731329584,3,Tilpia,16647393811098594712,16,5,4,14,0
1731329726,28,Anchovy,6017134571669188788,19,1,2,12,0
1731329881,89,Seahorse,10062609526399727904,25,5,4,3,0
1731330104,49,Damsel Fish,1987561373942678159,21,6,4,12,9
1731330228,13,Sardine,3167380996195945337,14,6,1,11,0
1731330556,5027,Cutthroat Trout,8321856889841100680,30,4,4,16,13
1731330701,43,Clownfish,660342429599592721,26,4,3,9,0
1731330894,93,Blue Lobster,5903672919381953063,26,5,1,10,1
1731331177,15,Spotfish,17204637730992966096,16,7,1,5,0
1731331896,4,Perch,3736875148026249780,22,3,1,2,0
1731332704,104,Boot,2056989091842393958,19,5,1,19
1731333151,87,Shrimp,15906518272608546947,31,2,2,9,0
1731333279,31,Cod,8309711425895546404,18,2,1,10,0
1731672882,100,Jellyfish,11575790678001021233,25,2,3,12,0
1731673006,2,Tilapia,16122910826441463859,18,5,2,20,0
1731673231,31,Cod,6152115251751088488,20,3,2,19,0
1731673445,21,Trout,11344432287574166406,25,3,4,10,2
1731674135,13,Sardine,13807459086855949058,17,3,4,18,0
1731674261,31,Cod,9765758747642256525,14,5,3,13,0
1731675081,55,Spearfish,7787202821871103919,24,5,2,19,0
1731675410,69,Grouper,14020648175233271896,26,5,1,13,0
1731676292,43,Clownfish,11670649506751387785,22,1,1,15,0
1731676415,89,Seahorse,132455236165245402,16,3,4,6,0
1731676548,71,Angel Fish,6079985798333164353,17,5,3,2,0
1731676913,4,Perch,12245778644788217607,19,3,4,12,0
1731677469,95,Octopus,6952305950948306385,28,4,4,8,3
1731677833,74,Mola Mola Fish,9890828817311805552,22,3,3,1,0
1731678199,33,Cod,17029506945985310185,24,2,2,12,4
1731678380,20,Trout,15406380538011731850,23,3,1,12,0
1731679041,29,Herring,637818505089946874,19,2,2,20,0
1731679297,17,Spot Fish,16317907839340290529,24,6,3,11,0
1731679429,2,Tilapia,8870600227431032189,16,2,2,18,0
1731679731,5,Perch,16991531332317246611,22,2,2,11,0
1731679959,38,Snapper,12456770689514096414,24,1,3,20,0
1731680082,25,Catfish,15068408404232431207,20,6,4,20,0
1731680297,90,Seahorse,9094646990987184443,24,2,1,18,0
1731680889,6,Perch,6159135710590957218,25,3,3,8,0
1731681353,40,Anglerfish,16372970504215485376,12,3,2,16,0
1731681575,6,Perch,15751696464589246477,21,7,2,21,6
1731681942,80,Starfish,9415129303853511705,15,4,3,11,0
1731682065,96,Octopus,7519580841868468762,26,10,1,7,0
1731682199,89,Seahorse,14396746927373064452,18,4,3,12,0
1731682323,67,Grouper,10178012005716417143,22,5,2,2,0
1731682445,102,Axolotl,16157181083146590155,33,8,6,17,25
1731682615,93,Blue Lobster,6057758500968340540,19,4,4,10,0
1731682738,30,Herring,6305496971356940093,16,5,1,12,0
1731682883,76,Mola Mola Fish,13873530352346932275,19,5,3,15,0
1731683016,93,Blue Lobster,13239899410309158390,26,6,2,15,2
1731683627,34,Triple Tail,15626926036874148161,13,6,2,5,0
1731683824,55,Spearfish,7443014952519981161,19,5,4,12,0
1731684021,30,Herring,17872993318755055843,19,6,1,15,0
1731684433,99,Jellyfish,8470859930889187032,16,6,2,19,4
1731684565,32,Cod,16148733301877580750,17,2,3,19,0
1731684937,31,Cod,6575368510222807386,19,3,1,10,0
1731685060,35,Triple Tail,5186338888801812851,21,3,2,15,0
1731685183,43,Clownfish,14644180169367082554,21,1,3,10,0
1731685342,64,Piranha,7681489283654876551,20,5,1,9,0
1731685634,70,Angel Fish,17429841427977906297,20,5,1,10,1
1731685877,74,Mola Mola Fish,10498268323129930481,24,3,3,3,0
1731686046,44,Clownfish,15892733123100074796,18,3,4,18,0
1731686457,49,Damsel Fish,7470415889229003691,19,4,2,9,0
1731686611,10,Sardine,15381393161490575468,21,6,4,16,7
1731686832,32,Cod,13081073707455665805,20,1,2,10,0
1731687066,59,Salmon,4868895979331051811,19,3,4,16,0
1731687237,2,Tilapia,15359840942853851147,25,3,3,4,0
1731687383,47,Eel,6416773401961642017,18,1,3,17,0
1731687888,8,Bass,12275029069689383811,19,1,2,13,0
1731688017,20,Trout,9512297734538159282,29,5,3,17,16
1731688744,52,Bluegill,12379270346123092466,25,1,1,5,0
1731688868,87,Shrimp,8992585526599881954,22,7,3,4,0
1731689146,18,Trout,2633912722808538439,29,5,3,3,0
1731689271,87,Shrimp,14852579612930126583,29,7,1,14,3
1731689412,42,Anglerfish,17841699250212700002,24,6,1,18,7
1731689640,7,Bass,272220777739180254,16,1,2,10,0
1731689762,50,Damsel Fish,8877283229585639631,22,5,3,15,0
1731689999,62,Barracuda,8514522336740280367,15,3,1,8,0
1731690137,59,Salmon,11300780782549076753,21,3,2,3,0
1731690259,29,Herring,6693126449008480368,20,1,1,4,0
1731690394,39,Snapperfish,5042652545801840768,18,5,4,4,0
1731690800,50,Damsel Fish,3048681587606959632,16,2,2,20,0
1731691107,69,Grouper,15205025218905583814,15,2,4,7,0
1731691246,100,Jellyfish,16246414874975259355,32,2,4,10,0
1731691376,42,Anglerfish,15593533746294020629,26,4,4,15,0
1731691513,31,Cod,11470279295058798178,14,3,4,5,0
1731691710,89,Seahorse,2858668143142027892,18,1,3,9,0
1731691865,18,Trout,15825638053667067442,28,5,1,3,0
1731691988,81,Starfish,15390208024754731512,19,2,3,2,0
1731692156,88,Shrimp King,4916502206205092692,25,8,6,22,22
1731692287,63,Barracuda,11781124886660543225,24,3,3,11,0
1731692411,10,Sardine,11499773207451709115,22,2,2,16,0
1731692533,3,Tilpia,7141111573650152876,13,2,3,16,0
1731694484,5027,Cutthroat Trout,11465217832707404731,22,2,4,15,0
1731694883,40,Anglerfish,7386879219205402865,15,1,4,17,0
1731695080,5067,Pop-eyed goldfish,6524701231351564089,20,3,4,12,0
1731695202,43,Clownfish,748976829986360287,23,6,4,17,7
1731695422,49,Damsel Fish,6159202761923769900,22,6,4,20,13
1731695563,5,Perch,12751371420044849854,24,5,3,19,0
1731695794,86,Shrimp,8234021206141925582,20,2,3,5,0
1731695928,24,Pufferfish,8005933170467402609,26,3,1,5,0
1731696074,34,Triple Tail,17629271370207711552,23,3,2,13,0
1731696207,81,Starfish,1918767964452803302,20,3,4,13,0
1731696363,10,Sardine,16442838304231874718,15,3,3,7,0
1731696512,30,Herring,6837897652788557774,17,2,1,14,0
1731696637,62,Barracuda,1461814819538438703,19,2,4,6,0
1731696764,22,Pufferfish,3062201659653907173,22,2,2,10,0
1731697005,90,Seahorse,7754786129396733160,21,3,4,14,0
1731697154,65,Piranha,4989302637425729601,15,4,1,4,0
1731697315,26,Catfish,16890437964163814647,22,4,4,11,5
1731697443,80,Starfish,16824053949826234599,22,6,3,15,1
1731697752,50,Damsel Fish,9188856762379870131,16,5,1,2,0
1731697874,93,Blue Lobster,1422179697536451409,23,4,3,4,0
1731697996,44,Clownfish,6877671212012513455,13,3,1,3,0
1731698132,48,Electric Eel,9066979116945196137,21,3,3,8,0
1731698326,33,Cod,9095004825144045439,22,3,3,3,0
1731698512,97,Golden Takoyaki,15443424771771493845,43,9,6,21,18
1731698638,55,Spearfish,4000319521455326989,22,4,3,1,0
1731698761,5,Perch,9831931572132246090,20,2,1,19,0
1733565436,22,Pufferfish,18244455024639795630,18,2,3,7,0
1733565559,74,Mola Mola Fish,14932157174298756281,17,6,4,2,0
1733565729,30,Herring,13158734615299298743,20,6,3,18,0
1733565852,15,Spotfish,16922572053140558755,17,4,1,17,0
1733566092,93,Blue Lobster,8814325354201664753,19,4,2,2,0
1733566241,28,Anchovy,10485824327235044607,16,5,4,1,1
1733566362,94,Lobster,2763436296499990134,26,5,3,8,7
1733566602,91,Golden Seahorse,12113106028505995506,25,10,2,3,5
1733566774,45,Clownfish,4624129215503809384,20,7,4,21,14
1733566924,12,Sardine,17286766108708931653,21,5,4,4,0
1733567046,52,Bluegill,1163887996732429417,19,4,3,19,0
1733567346,71,Angel Fish,12204616254957257162,18,2,2,6,0
1733567468,43,Clownfish,14527222173964833443,19,5,1,13,0
1733567590,22,Pufferfish,11623903408565369861,18,5,1,16,6
1733567712,55,Spearfish,5209746762822451731,17,3,4,15,0
1734800523,19,Trout,2665217581603097941,23,2,4,7,0
1734800688,17,Spot Fish,12853164757557538882,14,2,2,19,0
1734800833,69,Grouper,5934283499010378969,22,3,1,1,0
1734801136,44,Clownfish,5375442861892120337,16,6,4,10,0
1734802077,68,Grouper,5204741454524751968,27,6,2,10,15
1734802210,10,Sardine,2804353839923239883,22,3,1,5,0
1734802506,7,Bass,7683051118979351719,23,3,4,11,0
1734806314,91,Golden Seahorse,2668408308291671780,34,3,4,18,11
1734806643,38,Snapper,11848979749814415755,19,2,4,9,0
1734806807,49,Damsel Fish,11108648218067176201,22,3,2,13,0
1734807048,22,Pufferfish,15357356080438881899,23,2,3,2,0
1734807252,90,Seahorse,257903278323950783,29,7,4,9,4
1734807425,55,Spearfish,15390159999368441067,18,1,3,20,0
1734807604,73,Rainbow Trout,8709675635257389612,34,8,6,5,25
1734808015,10,Sardine,13673061884404883773,19,3,2,9,0
1734808141,100,Jellyfish,14624689753905015485,22,7,3,18,0
1734808745,18,Trout,115800633396128888,24,5,3,9,0
1734809004,34,Triple Tail,13735283204879638367,21,3,2,8,0
1734809128,95,Octopus,10547955775656035131,29,3,2,9,0
1734809323,61,Barracuda,15186508120475374783,16,3,4,14,0
1734809722,60,Green Salmon,13240884477451958039,24,6,3,8,0
1734810160,7,Bass,2038902296126664264,16,6,4,14,3
1734810352,34,Triple Tail,12118213257368018567,20,1,2,10,0
1734810574,60,Green Salmon,8742707749666531554,28,5,3,11,7
1734810727,22,Pufferfish,5724684234830793085,21,1,2,11,0
1734811457,47,Eel,13930468406039051136,15,4,1,19,0
1734811597,60,Green Salmon,14554587238027813055,18,5,4,11,1
1734811755,99,Jellyfish,13457292838608343982,18,4,1,20,1
1734811906,13,Sardine,14110874735038360941,13,6,1,14,0
1734812404,4,Perch,4132054449288991937,20,2,2,1,0
1734812876,65,Piranha,16122447809232031347,12,5,4,2,0
1734819525,69,Grouper,13844165749704198910,19,2,2,12,0
1734820830,89,Seahorse,4113492683227707948,22,1,3,20,0
1734820951,35,Triple Tail,10991401813626281705,29,3,1,3,0
1734821072,77,Turtle,15202606221363626719,18,5,1,8,0
1734821195,29,Herring,9106611940761000453,20,2,2,12,0
1734821378,39,Snapperfish,18259044739728233673,31,4,1,21,7
1734821929,49,Damsel Fish,7076314571136736632,22,6,4,2,4
1734822763,17,Spot Fish,9586861505388376235,16,1,1,5,0
1734822994,5,Perch,13566595377628607108,23,3,3,6,0
1734823430,31,Cod,18353334334869834675,23,5,2,4,4
1734823660,104,Boot,15545251448937795455,14,5,3,18,0
1734823901,84,Crab,3827772670012282928,14,7,1,21,3
1734827626,2,Tilapia,16284347779927933119,16,5,2,16,0
1734827747,46,Eel,13207010505566656209,25,4,2,11,0
