1720420143,4,Perch,4938537714490436669,22,1,2,2
1720420143,7,Bass,4738425050484130330,21,6,1,3
1720420143,28,Anchovy,14374882237140947922,21,5,1,2
1720420143,17,Spot Fish,8072665742580991743,22,3,4,9
1720420143,14,Sardine,3996795794947613896,21,6,4,9
1720420143,16,Trout,1810374016378189433,21,5,3,3
1720420143,43,Clownfish,15700375856051176775,21,1,4,11
1720420143,17,Spot Fish,13803089511822302142,21,2,1,14
1720420143,5013,Sakhalin sturgeon,13030895743216428,39,10,6,5
1720420143,89,Seahorse,9678689704027936436,21,1,3,9
1720420143,74,Mola Mola Fish,8247081004718285627,21,3,2,10
1720420143,100,Jellyfish,8782510056042867441,28,2,4,15
1720420143,45,Clownfish,8250893703894597595,25,7,4,17
1720420143,11,Sardine,1300541409149656006,18,5,4,8
1720420143,62,Barracuda,1968071245399172183,12,5,1,12
1720420143,43,Clownfish,283334860190781368,19,1,4,20
1720420143,94,Lobster,16284780184322920022,31,2,2,11
1720420143,5,Perch,10190882317513798942,17,2,4,14
1720420143,84,Crab,13566982319946237314,24,7,3,15
1720420143,5,Perch,2372370157214470097,18,3,4,1
1720420143,31,Cod,10117396200916965761,20,5,1,15
1720420143,24,Pufferfish,2020607375862999481,26,6,1,6
1720420143,47,Eel,17510811366422968862,20,3,3,13
1720420143,3,Tilpia,3221066819407422456,15,2,1,9
1720420143,54,Redgill,8823532323158024580,24,3,2,12
1720420143,72,Angelfish,15777194556085096663,18,2,1,15
1720420143,3,Tilpia,13888485156539804338,18,3,2,18
1720420143,56,Spearfish,18413398561005080984,27,5,3,4
1720420143,5,Perch,8079678285120734104,17,6,1,20
1720420143,77,Turtle,1438650682693366465,21,5,1,13
1720420143,29,Herring,13095048848451341386,18,4,4,6
1720420143,28,Anchovy,14356805344988215926,19,3,2,14
1720420143,101,Red Handfish,11971350927321622939,36,7,6,9
1720420143,47,Eel,10040375031283582668,15,1,2,20
1720420143,19,Trout,7448240766414761509,19,1,4,14
1720420143,55,Spearfish,8105275847168262227,21,5,1,18,0
1720420143,5,Perch,12364666871151068637,17,5,1,16,4
1720420143,5010,Blahaj,14608345335078183517,25,10,6,9,13
1720420143,37,Snapper,14964996246191014147,26,5,2,18,0
1720420143,71,Angel Fish,2299425428819215842,16,3,4,19,0
1720420143,45,Clownfish,12127063112138510524,23,6,3,14,0
1720420143,76,Mola Mola Fish,10729300505086787233,27,5,5,16,2
1720420143,5027,Cutthroat Trout,5998128156200784750,29,7,4,2,6
1720420143,47,Eel,5441044047365741158,24,2,1,17,2
1720420143,99,Jellyfish,17558019649891435816,14,2,2,13,0
1720420143,51,Damsel Fish,15337772647011906626,25,2,1,11,0
1720420143,20,Trout,3594559535242174059,26,5,4,17,0
1720420143,18,Trout,3164703393894558801,23,7,2,7,0
1720420143,34,Triple Tail,16080307732762083164,12,3,1,3,0
1720420143,22,Pufferfish,5628288725718053750,17,4,3,18,0
1720420143,80,Starfish,7203667928052561685,26,1,2,6,0
1720420143,74,Mola Mola Fish,6001911972615402275,13,2,2,20,0
1720420143,6,Perch,3356339275690195299,22,2,2,8,0
1720420143,93,Blue Lobster,5843865485673386854,32,6,4,15,12
1720420143,47,Eel,3606502638098997680,18,3,4,13,0
1720420143,8,Bass,9959285356145759633,18,6,1,1,0
1720420143,10,Sardine,3408534886625269847,19,6,1,3,0
1720420143,44,Clownfish,7344262716575157566,16,2,1,5,0
1720420143,94,Lobster,11667287294294893895,20,3,4,5,0
1720420143,71,Angel Fish,2233757370455915090,16,6,3,13,0
1720420143,47,Eel,2760525503683231525,14,2,2,12,0
1720420143,79,Turtle,9155300633272743433,23,9,5,7,1
1720420143,63,Barracuda,16189634838528907666,32,7,2,7,12
1720420143,19,Trout,14322597944395890585,15,6,3,18,0
1720420143,53,Bluegill,14372399185980997882,24,6,2,12,0
1720420143,104,Boot,3687229913108950507,20,6,4,8,3
1720420143,1,Tilapia,13019393254583945521,17,3,2,3,0
1720420143,58,Salmon,6153071370914600596,22,5,2,5,0
1720420143,44,Clownfish,5403431264248479433,15,2,4,3,0
1720420143,65,Piranha,15219711292752294246,25,1,3,19,0
1720420143,23,Pufferfish,13554029205681668215,14,2,4,10,0
1720420143,47,Eel,2540406839541786607,23,1,2,14,0
1720420143,77,Turtle,6259816510230108307,21,3,2,18,1
1720420143,77,Turtle,17219120725264443641,18,1,4,14,0
1720420143,59,Salmon,13926259355207195087,23,6,4,1,2
1720420143,65,Piranha,6428892697249952303,16,5,3,16,0
1720420143,16,Trout,6230046265042886412,22,1,4,14,0
1720420143,63,Barracuda,17563694298351179831,29,7,3,12,0
1720420143,103,{NULL}fish,7256447912936443065,100,0,0,0,0
1720420143,11,Sardine,2057145624444871856,19,3,1,12,0
1720420143,96,Octopus,775869591966924886,29,8,5,20,0
1720420143,34,Triple Tail,7386493871599614073,20,4,3,17,0
1720420143,19,Trout,4422882913410337154,19,6,2,16,0
1720420143,52,Bluegill,7172573126380581445,17,6,2,12,0
1720420143,43,Clownfish,1734521930502301153,26,5,1,17,14
1720420143,47,Eel,11285507679678648959,20,4,4,6,0
1720420143,50,Damsel Fish,1654812215749054575,14,1,1,5,0
1720420143,75,Mola Mola Fish,2176580469517169432,24,4,4,16,7
1720420143,59,Salmon,14357538842038323826,20,1,4,11,0
1720420143,23,Pufferfish,1338051267767913367,17,6,2,16,0
1720420143,17,Spot Fish,8395139928697216197,25,1,1,1,0
1720420143,42,Anglerfish,16397460300715750825,22,6,3,11,4
1720420143,59,Salmon,16673377715654714160,19,1,4,19,0
1720420143,1,Tilapia,18150334886214547677,19,3,3,12,0
1720420143,74,Mola Mola Fish,5492081272586464924,20,1,1,9,0
1720420143,34,Triple Tail,6182134662915129246,21,3,2,20,0
1720420143,76,Mola Mola Fish,15641557055167099551,25,3,3,10,0
1720420143,69,Grouper,7841298424136496825,23,5,4,11,6
1720420143,79,Turtle,11564797629017086788,14,10,1,22,0
1720420143,71,Angel Fish,17422033782924985211,18,6,2,16,1
1720420143,38,Snapper,4537999779397485245,18,5,4,15,0
1720420143,60,Green Salmon,12536949501381732188,30,7,4,9,17
1720420143,84,Crab,6179974040422067097,22,7,3,3,0
1720420143,3,Tilpia,1450041612676665916,15,2,4,2,4
1720420143,71,Angel Fish,6175100162356909380,17,2,3,17,0
1720420143,36,Triple Tail,5468950959601152569,34,2,3,5,3
1720420143,72,Angelfish,13202289754149744600,23,5,4,14,2
1720420143,25,Catfish,905976066713441366,21,5,2,6,0
1720420143,14,Sardine,9916590702794323194,16,2,2,17,0
1720420143,77,Turtle,12221847968499261870,26,3,3,16,7
1720420143,40,Anglerfish,2998412815471921686,22,6,3,16,0
1720420143,89,Seahorse,2921124140246595473,16,1,3,3,0
1720420143,77,Turtle,8567979395914422564,22,6,1,15,1
1720420143,89,Seahorse,18313684018184039966,18,3,1,9,0
1720420143,24,Pufferfish,7299801775036744504,27,6,3,16,9
1720420143,44,Clownfish,2973357478927661442,22,6,1,14,0
1720420143,73,Rainbow Trout,4658048404063426376,28,8,6,13,10
1720420143,100,Jellyfish,6117480571699223386,26,5,1,14,0
1720420143,30,Herring,9548628915903626864,17,5,2,20,3
1720420143,24,Pufferfish,9908015190621112181,27,6,3,3,11
1720420143,46,Eel,13503827215257460097,26,1,3,6,0
1720420143,72,Angelfish,11209031523309560301,30,2,3,10,1
1720420143,50,Damsel Fish,11608967221098304848,19,1,3,16,0
1720420143,7,Bass,5837858663592083677,19,6,3,7,0
1720420143,50,Damsel Fish,17328838557069746955,23,3,4,15,0
1720420143,2,Tilapia,15021686531991389105,18,4,3,5,0
1720420143,29,Herring,15746469673778094281,18,4,4,3,1
1720420143,79,Turtle,8017311974967761584,23,7,2,11,0
1720420143,78,Turtle,7822626124897673889,18,4,3,14,0
1720420143,69,Grouper,10060562648980879573,22,5,1,12,5
1720420143,34,Triple Tail,9023854522143024611,22,3,3,3,0
1720420143,18,Trout,9135974091458339983,27,4,1,21,0
1720420143,27,Catfish,9501158492968415931,24,2,2,3,0
1720420143,10,Sardine,17610346628702117981,22,5,4,2,6
1720420143,22,Pufferfish,9502162077717001350,23,2,3,14,0
1720420143,1,Tilapia,13312335578489597819,21,1,3,20,0
1720420143,54,Redgill,12460249613895863528,27,2,4,4,0
1720420143,5,Perch,6373414449058733712,20,1,4,9,0
1720420143,84,Crab,7535961074431155586,27,7,1,10,7
1720420143,44,Clownfish,6351276746322058434,14,2,1,13,0
1720420143,43,Clownfish,11426720872046287916,19,1,3,19,0
1720420143,104,Boot,5691525371774109667,19,1,3,7,0
1720420143,74,Mola Mola Fish,10150225504625219672,13,2,4,8,0
1720420143,32,Cod,10031121091518517876,14,2,1,5,0
1720420143,5,Perch,11165782569338990536,19,2,4,6,0
1720420143,46,Eel,9476453949915355603,20,6,4,9,5
1720420143,49,Damsel Fish,17312458373965907417,16,2,2,4,0
1720420143,40,Anglerfish,12790257346937504313,20,2,3,7,0
1720420143,59,Salmon,4239770123426201623,17,6,1,11,0
1720420143,50,Damsel Fish,2480683892847020348,19,5,1,15,0
1720420143,16,Trout,12707000972689222514,26,5,2,1,0
1720420143,28,Anchovy,3665400491398918912,19,4,3,13,0
1720420143,86,Shrimp,3755980767427208599,19,5,4,12,0
1720420143,38,Snapper,5882528075564398671,21,3,4,8,0
1720420143,92,Lobster,8689792820901413265,20,4,4,17,0
1720420143,86,Shrimp,2451042993893627926,21,6,1,13,0
1720420143,2,Tilapia,3799932068311876116,19,2,1,6,0
1720420143,87,Shrimp,17835948670256930539,21,3,4,21,0
1720420143,104,Boot,3156432306088842252,14,1,4,8,0
1720420143,37,Snapper,16880105136756209721,21,3,2,18,0
1720420143,5067,Pop-eyed goldfish,12495344478246803926,25,6,2,16,0
1720420143,5067,Pop-eyed goldfish,6908267588496345228,22,5,2,9,0
1720420143,54,Redgill,18031693282428668340,30,4,1,12,0
1720420143,2,Tilapia,7547242087966455793,18,3,2,6,0
1720420143,84,Crab,14977240182836047445,29,5,2,17,4
1720420143,25,Catfish,12567895076009292165,20,4,3,8,0
1720420143,96,Octopus,14063851565606667024,26,6,6,4,0
1720420143,28,Anchovy,13965534651528108568,22,5,3,9,0
1720420143,17,Spot Fish,13106604003158517084,13,6,2,16,0
1720420143,31,Cod,8412975989983263507,24,1,1,3,0
1720919248,89,Seahorse,17768352040000248024,17,3,4,18,0
1720919879,55,Spearfish,17905860442446800348,24,3,1,12,0
1720921071,81,Starfish,15257317481334263524,22,5,3,12,2
1720921191,64,Piranha,7876874765738821833,18,6,1,17,0
1720921347,63,Barracuda,14774132875830479678,27,3,2,16,3
1720921821,91,Golden Seahorse,18396372939780299879,30,6,3,14,0
1720922073,77,Turtle,9800607830677248399,13,5,4,13,0
1720922399,79,Turtle,2996045961837388942,18,9,3,10,0
1720923056,93,Blue Lobster,9281797518795915437,23,5,4,21,0
1720925534,22,Pufferfish,8111104678975916971,19,1,1,11,0
1720925943,46,Eel,2551723922782126288,20,4,3,5,0
1722486660,10,Sardine,10688347960517810479,19,6,1,5,0
1722571573,44,Clownfish,414437312448052279,22,4,3,7,0
1723263792,70,Angel Fish,9848675203966460599,20,4,1,16,0
1723264001,52,Bluegill,759327316643741533,20,6,4,19,4
1723356792,26,Catfish,13599810402923228330,17,7,4,4,0
1723357221,50,Damsel Fish,3091027642587428938,15,5,2,13,0
1723357591,50,Damsel Fish,246522635885723810,19,1,2,11,0
1723358329,26,Catfish,10077216688547437556,25,3,4,13,0
1723366442,99,Jellyfish,17989839918143827512,17,1,3,17,0
