1720420143,14,Sardine,5496889681320346392,19,4,1,3
1720420143,37,Snapper,7294125850203764983,17,4,3,5
1720420143,47,Eel,2057284489449883459,15,1,1,6
1720420143,13,Sardine,10354258056803304154,20,5,1,4
1720420143,3,Tilpia,13953601476235292172,17,6,3,12
1720420143,81,Starfish,8222109514780046712,18,2,1,11
1720420143,31,Cod,9572638507109977767,18,3,2,14
1720420143,46,Eel,13692502356198778046,21,2,2,4
1720420143,46,Eel,12350898492386483842,20,1,3,10
1720420143,40,Anglerfish,9723541695898836451,19,2,3,4
1720420143,93,Blue Lobster,10410471029975654512,25,7,4,19
1720420143,47,Eel,15096363124627235941,16,1,3,6
1720420143,89,Seahorse,8879344935804338587,22,3,3,10
1720420143,62,Barracuda,2846128338002145462,20,4,2,3
1720420143,49,Damsel Fish,11716337837446634214,16,6,1,5,3
1720420143,80,Starfish,1300895596573673253,24,3,2,19,0
1720420143,48,Electric Eel,15696707771094460371,17,7,4,5,0
1720420143,8,Bass,266499816052597994,19,2,4,11,0
1720420143,64,Piranha,5736188477871475497,20,6,1,14,0
1720420143,89,Seahorse,11477599011473610106,23,4,3,18,0
1720420143,25,Catfish,12016228027892139385,21,5,4,3,0
1720420143,70,Angel Fish,17094583222646658920,25,3,3,19,2
1720420143,17,Spot Fish,5799586240201050221,19,4,4,14,6
1720420143,59,Salmon,4904171009647067716,23,6,1,6,3
1720420143,62,Barracuda,9122796187812062725,21,1,3,13,0
1720420143,46,Eel,12787511731071335834,24,1,2,8,0
1720420143,32,Cod,4223386856044485597,19,2,3,20,0
