1720420143,32,Cod,3484432287018067807,17,1,4,13,0
1722575642,65,Piranha,3362937682332373283,18,2,4,17,0
1722575782,46,Eel,6666685304838322304,16,6,3,14,0
1722575904,64,Piranha,3142953051547251681,17,1,4,1,0
1722576024,92,Lobster,15309085294310943618,20,4,2,15,0
1722576145,58,Salmon,1287988909081537036,21,5,4,6,3
1722576334,47,Eel,13892025459464782720,18,1,4,9,0
1722576469,47,Eel,2007817257182005873,18,2,2,15,0
1722576647,59,Salmon,2662928353883943432,13,3,2,1,0
1722576788,5,Perch,9701167960643733284,21,4,2,10,0
1722576940,10,Sardine,636702490299541860,26,3,4,17,7
1722577373,82,Starfish,196834367504170116,24,4,1,9,0
1722577493,26,Catfish,7194418967306316738,27,3,3,2,0
1722577685,59,Salmon,2219659699834312949,18,5,1,4,0
1722577806,62,Barracuda,8930170311637048191,14,2,2,20,0
1722578123,69,Grouper,8068757924894404223,15,5,2,6,0
1722578268,62,Barracuda,1323671613921871068,15,6,3,8,4
1722578449,20,Trout,16786384880952829073,24,7,1,5,0
1722578569,36,Triple Tail,8073404485798975906,24,6,1,21,15
1722579201,17,Spot Fish,10911058775122131805,16,5,3,13,0
