1720420143,65,Piranha,13436607489250586198,22,6,1,7
1720420143,11,Sardine,16593724779341600394,21,1,2,12
1720420143,77,Turtle,3900431798506157095,16,3,1,3
1720420143,37,Snapper,17870224296191718271,18,3,3,15
1720420143,28,Anchovy,5876737209483036639,23,3,2,18
1720420143,102,Axolotl,11195822474494029807,28,9,3,11
1720420143,34,Triple Tail,3954363171251973698,16,4,2,14
1720420143,32,Cod,16273708587126069467,18,2,4,10
1720420143,59,Salmon,11256604095856914179,22,4,2,18
1720420143,23,Pufferfish,5906258420397628778,19,4,4,10
1720420143,28,Anchovy,2657970521529667378,21,4,2,15
1720420143,7,Bass,5977148261930856694,23,4,2,20
1720420143,71,Angel Fish,1845560504956854197,16,5,2,4
1720420143,29,Herring,2419865748006078815,17,2,3,5
1720420143,4,Perch,17566547038147919068,18,3,1,4
1720420143,1,Tilapia,556252125642528194,12,3,3,4
1720420143,40,Anglerfish,6242081233664098553,19,5,1,8
1720420143,65,Piranha,12326078626370178214,21,3,2,19
