1720684541,70,Angel Fish,15696754582731511526,19,2,4,5,0
1720684713,16,Trout,6508735670165920079,17,2,3,20,0
1720684862,89,Seahorse,15560345532427749348,13,5,4,10,0
1720684982,2,Tilapia,13541101285906562147,19,4,3,16,0
1720685102,5029,{NULL}fish,2678935708055476277,100,0,0,0,0
1720685225,75,Mola Mola Fish,7605470566126590025,26,3,3,9,2
1720685399,65,Piranha,6573360376612942691,19,2,4,6,0
1720685576,25,Catfish,5782757877436940605,25,4,4,9,0
1720685776,69,Grouper,3269192249954776569,22,4,1,19,0
1720686061,50,Damsel Fish,2683152725336375574,19,2,1,11,0
1720920671,24,Pufferfish,9051499716193954468,24,5,1,2,0
1720920818,91,Golden Seahorse,14278162782330095092,22,4,1,18,0
1720921228,5031,Boot,4912605084316939099,21,5,1,3,2
1720921530,74,Mola Mola Fish,8158305690208192646,14,3,1,7,0
1720922375,71,Angel Fish,5115006356097304754,18,5,2,8,0
1720922506,40,Anglerfish,11076192619592858834,22,2,4,16,0
1720922631,88,Shrimp King,3218403947378357119,37,11,6,7,47
1720922877,48,Electric Eel,17648509984135576658,28,7,3,2,0
1720923035,19,Trout,331434246756461345,21,2,3,7,0
1720923443,55,Spearfish,16143034869089603863,21,2,1,8,0
1720923896,55,Spearfish,16605024613915620769,20,6,1,10,0
1722761082,53,Bluegill,3578125481517374645,20,2,2,16,0
1722761234,35,Triple Tail,12650453897199198707,28,3,1,10,0
1722761395,24,Pufferfish,6035210824079357403,28,6,4,6,0
1722761723,29,Herring,5624127526192103347,26,5,2,2,0
1722762111,2,Tilapia,9333162028244707228,19,6,1,10,0
1722762234,1,Tilapia,11042558797626002271,20,5,1,10,1
1722762481,56,Spearfish,621022079015974927,25,3,4,9,1
1722762796,86,Shrimp,4419404969513596245,15,6,4,7,2
1722762998,17,Spot Fish,3547704531330961167,24,3,4,9,0
1722763220,80,Starfish,10729623327906419899,17,1,4,12,0
1722763999,101,Red Handfish,10129213813548448719,34,4,6,5,0
1722764649,89,Seahorse,2699889635236024359,16,3,3,8,0
1722764799,36,Triple Tail,760452412998663494,26,3,1,2,0
1722764971,50,Damsel Fish,17755291087920611094,20,5,3,17,2
1722765213,79,Turtle,18000874372897904003,24,6,4,7,0
1722765633,28,Anchovy,15103583562744038765,21,3,1,7,0
1722765755,43,Clownfish,4404978018727659125,21,3,1,11,0
1722765899,77,Turtle,4065990965942789879,22,2,2,6,0
1722766067,2,Tilapia,7437061506042629280,24,5,1,3,0
1722766346,38,Snapper,1546159450440031752,16,3,4,10,0
1722766604,67,Grouper,3768506099937783127,19,2,4,6,0
1722768280,29,Herring,7830492213175286001,22,5,3,8,0
1722768952,3,Tilpia,12590088359570148781,18,3,1,8,0
1722769277,38,Snapper,15830815643723903740,20,1,4,4,0
1722771256,1,Tilapia,10411325805328556899,21,6,4,6,0
1722771534,49,Damsel Fish,12170759564460653738,20,4,1,9,0
1722772168,17,Spot Fish,11917357255371920250,16,5,2,15,0
1722772580,38,Snapper,13143733335791306894,15,4,1,11,0
1722772871,19,Trout,12056903715831623431,22,5,2,4,0
1722773017,3,Tilpia,13309505736800533556,13,5,4,20,1
1722773596,31,Cod,10996769180701035813,16,2,4,1,0
1722774356,68,Grouper,18029248686356064938,29,7,3,5,11
1722774477,5,Perch,10283047481352591602,21,6,4,14,0
1722774616,72,Angelfish,11437813684452967967,31,7,3,2,4
1722774863,5,Perch,15300625765263186923,15,2,1,2,0
1722775375,89,Seahorse,9611586834474442626,12,4,1,9,0
1722775764,16,Trout,1534154162461316120,21,4,1,15,1
1722775883,19,Trout,14172802627954669398,22,2,2,6,0
1722776256,37,Snapper,15006688985565219659,17,5,1,5,0
1722776799,79,Turtle,10027794959847382635,21,5,5,20,0
1722777274,64,Piranha,6458412942527415129,14,5,2,17,1
1722778555,98,Jellyfish,14097764898901316077,20,4,4,2,0
1722778862,46,Eel,10812165330973375988,15,4,1,14,0
1723291029,19,Trout,10392711116582302745,22,2,1,13,0
1723291241,29,Herring,4966870267451807802,21,2,4,1,0
1723291389,74,Mola Mola Fish,172624958177653090,18,2,2,6,0
1723291512,5,Perch,4572021954578112656,17,2,3,11,0
1723291798,53,Bluegill,2418130898111331845,20,4,1,17,0
1723291918,5,Perch,1681084411306703427,12,1,1,13,0
1723292136,35,Triple Tail,214305786796864522,21,6,3,12,1
1723292395,75,Mola Mola Fish,5304414432991859251,25,3,4,3,3
1723292516,44,Clownfish,3542928782519294084,22,6,4,20,0
1723292906,43,Clownfish,14257256512141414105,22,5,1,11,0
1723293039,23,Pufferfish,10294512721199289904,21,6,4,8,6
1723293268,4,Perch,11571288808173925098,22,4,4,12,0
1723293496,38,Snapper,13417701174468838471,23,4,1,9,0
1723293673,16,Trout,3174557812678379279,16,6,4,9,0
1723294172,13,Sardine,4139976734933742901,24,2,3,9,0
1723294343,68,Grouper,8413807095937334490,27,3,1,9,0
1723294522,13,Sardine,15867820547580695220,21,6,2,9,10
1723361345,92,Lobster,9982970873004832853,23,1,3,6,0
1723361534,5059,Great white shark,8134105954103789072,18,2,1,9,0
1723361770,47,Eel,1852094514479974248,23,2,1,18,0
1723361893,71,Angel Fish,17311602721856387709,18,2,1,9,0
1723362035,1,Tilapia,6547312196889825755,18,6,2,9,0
1723362589,2,Tilapia,13852554309854994198,15,3,3,3,0
1723364035,59,Salmon,12659028261176547878,18,6,2,2,0
1723369519,31,Cod,6320778458399539716,24,4,1,6,0
1723369851,49,Damsel Fish,17962873564843043052,20,1,3,12,0
1723369986,36,Triple Tail,16680094779650680503,25,4,2,2,0
1723370127,47,Eel,15548538303995988519,15,2,1,12,0
1723370249,47,Eel,8017267865385633192,22,1,3,18,0
1723370371,91,Golden Seahorse,17247561856548782318,23,7,1,5,0
1723370493,74,Mola Mola Fish,18382909457741555043,20,3,4,16,2
1723370626,88,Shrimp King,5796636279930870909,40,5,6,17,23
1723370748,75,Mola Mola Fish,3361537211398225801,27,7,3,10,0
1723370869,58,Salmon,190356488587253727,21,6,4,19,0
1723370989,62,Barracuda,17408448633738752503,21,1,4,2,0
1723371110,68,Grouper,13978091210335523836,31,3,4,7,0
1723371233,15,Spotfish,6771376096461908913,23,6,4,13,7
1723371368,81,Starfish,765781146796668523,15,3,2,18,0
1723371489,19,Trout,13043785039850624909,16,4,4,16,0
1723371671,32,Cod,16782079055113631622,14,4,4,2,0
1723371793,44,Clownfish,17738287585090390838,21,2,3,14,0
1723371993,84,Crab,2883793977386104915,25,6,3,8,6
1723372115,48,Electric Eel,7488722810167403566,20,7,1,3,0
1723372241,67,Grouper,3189105047536770915,17,5,3,14,0
1723372361,44,Clownfish,14173358536450085843,17,3,4,16,0
1723372488,100,Jellyfish,2539546199625628269,26,3,4,11,5
1723372617,24,Pufferfish,410793175799459336,25,3,3,6,1
1723372737,5,Perch,4521158722582170761,19,5,1,14,0
1723372857,76,Mola Mola Fish,1141851202585190,22,3,2,19,1
1723372977,91,Golden Seahorse,17888776544238161440,22,10,5,6,2
1723373115,46,Eel,4472385016755966538,23,2,4,12,4
1723373242,35,Triple Tail,5785512120505784562,24,6,4,6,9
1723373373,30,Herring,16439711345010820722,17,2,1,2,0
1723373493,2,Tilapia,16813478249490794164,18,4,3,11,0
1723373620,46,Eel,13137921119970298801,17,1,1,20,0
1723373761,1,Tilapia,13096884676981710700,18,2,1,12,1
1723373885,86,Shrimp,2165074442026274028,15,4,2,19,0
1723374038,14,Sardine,13192369550240269398,16,3,4,16,0
1723374163,37,Snapper,17962055490782584770,20,4,4,9,2
1723374290,24,Pufferfish,17264375840016648285,27,5,3,9,14
1723374410,13,Sardine,2477102810457170311,17,6,1,3,0
1723374647,20,Trout,11753946227932744662,26,7,1,8,3
1723374786,59,Salmon,6584980792415484298,15,6,1,14,2
1723374906,48,Electric Eel,2656217187665796794,23,7,4,17,19
1723375051,4,Perch,7943936529144876181,17,5,2,12,0
1723375172,59,Salmon,1759339650773419869,15,4,3,4,0
1723375307,30,Herring,1287738714633216744,22,3,1,16,0
1723375427,89,Seahorse,13558103849614525675,22,2,2,6,0
1723375626,13,Sardine,12540110949252722088,17,5,3,1,0
1723375982,37,Snapper,12266845605759306779,20,5,1,10,1
1723377055,83,Crab,16365044176570593233,20,3,1,13,0
1723377178,58,Salmon,8193769038436506546,17,2,2,4,0
1723377475,74,Mola Mola Fish,4762585160058356275,19,1,3,7,0
1723377743,15,Spotfish,2350316755578470979,28,2,4,16,1
1723377864,8,Bass,1097172446167564388,15,6,4,2,0
1723378028,17,Spot Fish,4704133496412590653,17,6,4,15,0
1723378150,71,Angel Fish,279551606071434202,23,4,3,6,0
1723378274,81,Starfish,15849560988639311246,15,4,3,15,0
1723378394,61,Barracuda,18233281841609463484,18,1,3,17,0
1723378516,61,Barracuda,10619365896215073215,22,5,3,7,5
1723378637,5,Perch,595590504653602975,16,3,1,6,0
1723378757,5031,Boot,16751402226547462947,19,5,3,5,0
1723378881,19,Trout,876429966271286652,13,5,2,13,0
1723379009,55,Spearfish,4640812766607952189,22,3,3,1,0
1723379130,25,Catfish,1345748709721833290,21,2,3,13,1
1723379250,74,Mola Mola Fish,7951184157414072455,17,5,1,14,0
1723379411,52,Bluegill,12851346159723952548,17,5,3,8,0
1723379533,65,Piranha,13147418230066245857,18,1,4,3,0
1723379653,67,Grouper,15976766791974891974,23,2,1,1,0
1723379782,31,Cod,14138764274283428039,23,4,1,3,0
1723379903,19,Trout,8057995609966794269,22,6,2,1,0
1723380024,62,Barracuda,16303158180236924413,13,4,1,9,0
1723380143,33,Cod,7050483462259073763,27,5,4,5,7
1723449111,22,Pufferfish,4285284372450214329,18,1,1,14,0
1723449233,61,Barracuda,17012527470860864908,20,6,2,3,0
1723449352,26,Catfish,3050791274319971791,25,2,4,3,3
1723449484,50,Damsel Fish,16673166482789053934,24,1,4,14,0
1723449675,69,Grouper,7575617319952959819,18,4,3,19,0
1723449794,59,Salmon,16008485026650308866,19,3,2,6,0
1723449917,21,Trout,10680069943198765254,21,3,1,2,0
1723450038,5,Perch,15224970458552007562,22,3,1,15,0
1723450161,13,Sardine,13410139393353719083,18,1,4,14,0
1723450281,94,Lobster,8594390134576386271,31,4,2,18,0
1723450413,96,Octopus,9875804036548955478,27,5,6,9,6
1723450535,38,Snapper,352664966792384785,24,5,3,8,0
1723452765,68,Grouper,17623382095829953643,20,2,2,10,0
1723452885,5,Perch,5499199257622048595,18,4,2,10,0
1723453006,34,Triple Tail,3604580037080087338,15,3,1,10,0
1723453126,74,Mola Mola Fish,13588238788090279316,22,2,1,10,0
1723453266,43,Clownfish,4115850822847761569,19,6,4,11,0
1723453386,40,Anglerfish,11253182789892261710,18,1,4,9,0
1723453512,49,Damsel Fish,10044599563476367232,18,1,1,19,0
1723453652,15,Spotfish,11340670061258831301,33,3,1,20,0
1723453777,29,Herring,17893807967975253478,22,2,3,14,0
1723453901,5031,Boot,11554398244282384826,26,1,2,6,0
1723454055,49,Damsel Fish,8806255614533606969,19,2,3,20,0
1723454175,62,Barracuda,7968202593433920888,21,4,2,4,0
1723454302,68,Grouper,10916281586116806749,28,5,2,9,0
1723454421,90,Seahorse,7526314180401608663,20,2,1,15,0
1723454541,66,Piranha,836265634698549788,27,3,2,2,1
1723454672,81,Starfish,11835615845001184102,17,1,2,1,0
1723454793,2,Tilapia,12694229790935924941,13,4,4,8,0
1723455023,81,Starfish,4931905132928700978,23,5,4,7,0
1723455143,72,Angelfish,13215950923433335151,26,4,1,14,1
1723455293,53,Bluegill,13356326375205263201,19,1,1,7,0
1723455444,92,Lobster,10496180795983949524,17,5,3,18,0
1723455581,16,Trout,8582618619101112056,21,2,4,6,0
1723455737,5031,Boot,13044344141076189434,20,1,3,1,0
1723455867,23,Pufferfish,1861058143669173298,14,5,3,11,0
1723456022,17,Spot Fish,10321483862634840691,18,2,3,19,0
1723456758,37,Snapper,14083192353113749354,20,2,4,8,1
1723456991,28,Anchovy,13034627855466678984,17,4,4,10,0
1723457320,14,Sardine,10160112498062310705,25,6,2,2,0
1723457463,34,Triple Tail,723033181582361933,22,1,4,11,0
1723457588,64,Piranha,16639150376975565102,19,4,4,9,4
1723457712,94,Lobster,9328528150104409616,28,3,1,10,0
1723457893,67,Grouper,8655305919770583943,17,2,3,11,0
1723458046,61,Barracuda,11485196196226219942,19,1,1,17,0
1723458165,59,Salmon,12890724666688872218,17,3,4,10,0
1723458293,61,Barracuda,6363399364555196379,19,5,4,17,0
1723458429,80,Starfish,11313373383730574885,18,1,1,20,0
1723458549,75,Mola Mola Fish,4226172654077137761,15,2,3,19,0
1723458669,55,Spearfish,17813567613991448815,16,3,3,11,0
1723458835,13,Sardine,2594963759725702970,16,2,1,10,0
1723459149,31,Cod,10486956320944756042,24,6,4,16,0
1723459270,83,Crab,15641046781848482015,14,2,3,14,0
1723459390,4,Perch,17107319595634838480,16,1,2,11,0
1723459510,67,Grouper,10890153480976986854,24,5,2,4,3
1723459659,58,Salmon,9494508812276433954,24,5,2,12,2
1723459838,28,Anchovy,16746228694696387827,17,4,4,10,0
1723460140,5031,Boot,9260384539435854526,20,4,3,8,0
1723460268,71,Angel Fish,8202400606849664273,20,1,1,19,0
1723460599,34,Triple Tail,17121969154537972419,18,1,2,12,0
1723460730,22,Pufferfish,4835896947122903537,13,3,2,12,0
1723461024,34,Triple Tail,4151907800156382533,21,3,4,3,0
1723461175,35,Triple Tail,5236529574372692037,22,2,2,8,0
1723461410,5067,Pop-eyed goldfish,12423380129807726097,28,2,3,7,3
1723461664,28,Anchovy,9167783737869732429,19,6,3,11,4
1723462459,16,Trout,3109978429299156403,19,3,3,13,0
1723462699,99,Jellyfish,5887917026416858041,14,6,1,12,0
1723463827,95,Octopus,16599836806326989877,20,6,1,11,3
1723464073,99,Jellyfish,982833347196492545,18,2,1,10,0
1723464198,16,Trout,15792418639992761534,20,3,3,17,0
1723464393,64,Piranha,9782063638750810216,20,4,1,17,0
1723465412,99,Jellyfish,14720924525111300421,17,4,1,12,0
1723465652,55,Spearfish,17417920636218420728,26,3,2,7,3
1723465865,99,Jellyfish,5006617968407424027,22,1,1,14,0
1723466016,13,Sardine,9436472515893803321,19,6,1,20,0
1723466430,52,Bluegill,5047685549236437015,23,2,1,3,0
1723466714,38,Snapper,10289352981383038596,20,4,3,6,0
1723466844,11,Sardine,1027658915240613500,20,4,4,2,5
1723466964,86,Shrimp,1384001940934689602,17,4,4,14,3
1723467123,48,Electric Eel,16227046607010388451,28,6,3,13,5
1723467244,13,Sardine,18011468733605202582,20,5,3,13,0
1723467373,34,Triple Tail,16210773561297172511,19,6,1,9,0
1723467496,74,Mola Mola Fish,16074817401725913144,20,2,4,11,0
1723467628,56,Spearfish,16717790182101056564,22,2,2,17,0
1723467774,11,Sardine,13505300214716720064,14,5,4,7,3
1723467895,37,Snapper,12882841509288962345,16,5,2,12,0
1723468033,71,Angel Fish,11807983432090314478,19,6,1,7,4
1723472598,71,Angel Fish,5127374664914631446,13,2,1,11,0
1723472779,44,Clownfish,12657014192874731227,20,2,3,10,0
1723472901,81,Starfish,4493966064531819779,13,5,2,16,0
1723473022,61,Barracuda,8208512034144882296,20,4,3,10,0
1723473217,61,Barracuda,15499108414516822068,19,4,3,20,0
1723473385,61,Barracuda,4038697822195458096,24,5,1,14,0
1723473505,4,Perch,16267067174860718448,21,2,3,10,0
1723473631,99,Jellyfish,10428629244895567807,15,5,2,5,0
1723473791,49,Damsel Fish,6226146521524224558,18,5,2,3,0
1723473931,17,Spot Fish,17602742102634458186,20,4,2,12,2
1723474107,47,Eel,8220650025552057323,14,2,3,6,0
1723474273,61,Barracuda,11971901888984370221,17,6,2,14,0
1723474413,49,Damsel Fish,1110136080399509913,15,1,3,2,0
1723474533,77,Turtle,4003257273427103771,18,6,4,3,0
1723474684,1,Tilapia,1052856225310022239,21,2,2,3,0
1723474852,4,Perch,15558742258931302367,24,6,3,6,0
1723474980,59,Salmon,9318641407958139475,19,6,2,9,0
1723475100,49,Damsel Fish,7505484591829685419,23,5,2,4,0
1723475222,80,Starfish,2918832301122794071,17,6,1,18,0
1723475381,7,Bass,17564684796291374618,15,5,3,17,0
1723475573,29,Herring,1484023206699092655,17,3,4,15,0
1723475700,16,Trout,16695073117933968477,20,1,2,2,0
1723475934,40,Anglerfish,8219770276983935313,22,6,2,2,0
1723476056,28,Anchovy,9916021193291196990,25,6,3,13,3
1723476176,81,Starfish,3628660460832439433,19,5,3,19,0
1723476338,14,Sardine,11767847576524078126,17,6,1,19,0
1723476458,58,Salmon,14343683179770919966,19,3,4,10,0
1723478794,49,Damsel Fish,13414167415315483437,24,2,2,17,0
1723478914,72,Angelfish,6173738285768476920,18,7,1,2,0
1723479045,25,Catfish,17213642423225611158,18,6,1,18,0
1723479165,56,Spearfish,10873154723008560963,26,5,2,13,2
1723479285,10,Sardine,12312684241919744754,14,1,3,12,0
1723479970,5028,404 Fish,12717077236167246777,22,6,2,4,0
1723480090,47,Eel,11217762150044359445,22,6,1,9,4
1723480305,31,Cod,5991008696738686846,17,1,3,17,0
1723480428,94,Lobster,3583842754964358451,27,2,3,16,0
1723480803,71,Angel Fish,10866878583384991994,15,5,3,4,0
1723480932,81,Starfish,15423952748286233613,20,4,2,19,0
1723481052,77,Turtle,8458616848083793527,22,1,3,5,0
1723481172,82,Starfish,12260280609003894708,29,5,4,4,5
1723481295,11,Sardine,12581102258320852639,14,2,2,1,0
1723481418,30,Herring,380640789002066280,20,4,2,1,0
1723481542,13,Sardine,9215992345103828953,21,4,4,4,0
