1720420143,13,Sardine,13554426195583004209,23,4,2,18
1720420143,1,Tilapia,17546633068762384101,18,3,3,17
1720420143,60,Green Salmon,5623832337030972932,29,2,1,6
1720420143,23,Pufferfish,7652415018719468679,16,6,4,10
1720420143,37,Snapper,7171942565608144161,13,6,1,9
1720420143,89,Seahorse,18165680963679819939,14,2,3,11
1720420143,48,Electric Eel,8839772841836332727,20,6,2,14
1720420143,4,Perch,15874045950772313116,14,2,4,10
1720420143,30,Herring,15792911036465205244,20,1,4,18
1720420143,53,Bluegill,8958458028696388849,16,3,2,3
1720420143,1,Tilapia,13919525971932739052,17,3,1,15
1720420143,38,Snapper,8044416282544316236,19,6,4,4
1720420143,50,Damsel Fish,11250137758388093099,19,4,2,2
1720420143,28,Anchovy,5237754447104763797,21,1,1,14
1720420143,53,Bluegill,1313598757181503895,14,3,2,14
1720420143,34,Triple Tail,2477605779400576586,18,1,2,4
1720420143,5067,Pop-eyed goldfish,17867229269721262721,25,6,1,18
1720420143,43,Clownfish,8201246035673572107,20,2,4,11,0
1720420143,38,Snapper,14329160203888566855,18,5,4,5,1
1720420143,24,Pufferfish,8392072922019213938,24,3,2,9,0
1720420143,3,Tilpia,15283954009787785836,19,1,2,13,0
1720420143,58,Salmon,15530677515204700083,17,5,4,11,0
1720420143,63,Barracuda,11028694751285173922,20,3,3,4,0
1720420143,50,Damsel Fish,2798907513992307154,14,2,4,7,0
1720420143,42,Anglerfish,2229774541344179603,29,6,1,18,7
1720420143,96,Octopus,17566211125419198294,30,10,4,5,11
1720420143,72,Angelfish,13355246054983358145,18,4,2,3,0
1720420143,19,Trout,7437225017769753620,16,1,2,1,0
1720420143,81,Starfish,15040333101740861117,20,4,3,13,0
1720420143,25,Catfish,12631661169761336250,19,2,2,20,0
1720420143,51,Damsel Fish,8080615483610185254,31,4,2,19,1
1720420143,104,Boot,15749604339251096854,19,5,3,1,0
1720420143,88,Shrimp King,13244185069166296034,30,10,6,7,9
1720420143,3,Tilpia,7389803385266860155,17,6,4,5,0
1720420143,11,Sardine,4376342189159466573,17,5,1,10,0
1720420143,55,Spearfish,16486246476144967933,20,1,1,5,0
1720420143,75,Mola Mola Fish,13657468928251674643,28,5,4,19,4
1720420143,52,Bluegill,6355060645801708057,20,6,4,9,2
1720420143,55,Spearfish,8492968247346865851,22,3,2,8,0
1720420143,65,Piranha,18201005726572649433,21,2,3,9,0
1720420143,28,Anchovy,4975415654932571995,17,5,1,9,0
1720420143,81,Starfish,3413920950339450266,18,3,3,2,0
1720420143,35,Triple Tail,1102675932568757040,22,6,4,9,5
1720420143,57,Spearfish,14676592963235397624,33,4,2,6,0
1720420143,87,Shrimp,17409436655936818401,22,3,3,9,0
1720420143,44,Clownfish,14597580627992997178,20,4,2,12,0
1720420143,71,Angel Fish,7543121182193890554,22,2,2,1,0
1720420143,22,Pufferfish,1013439489368048143,21,4,1,8,0
1720420143,1,Tilapia,1534969533921622094,15,6,3,20,0
1720420143,10,Sardine,1286064134735777447,22,4,4,1,0
1720420143,65,Piranha,11695151572159914334,13,2,4,3,0
1720420143,5,Perch,8799407677077173138,23,5,2,3,5
1720420143,104,Boot,11701365856957018231,19,2,1,2,0
1720420143,65,Piranha,8319707916240581881,18,5,2,1,0
1720420143,30,Herring,11447392039212879175,13,5,2,4,0
1720420143,72,Angelfish,11238749501290533342,27,3,2,10,0
1720420143,55,Spearfish,260913766800643922,16,6,2,13,0
1720420143,58,Salmon,11090503654929154103,18,4,4,8,0
1720420143,40,Anglerfish,14676520151073191199,24,5,1,8,0
1720420143,62,Barracuda,9007162493553090706,20,4,3,17,0
1720420143,3,Tilpia,10203827774560967063,21,5,2,2,0
1731325980,99,Jellyfish,17002516483936312556,13,3,4,9,0
1731326102,74,Mola Mola Fish,603010068312011139,19,2,3,11,0
1731326484,77,Turtle,11058974098833308214,13,4,3,6,0
1731326607,80,Starfish,3593307702773815937,19,6,1,2,0
1731326731,19,Trout,6927938826674804020,21,5,2,5,0
1731326853,59,Salmon,3778401129839869155,16,4,2,14,0
1731326976,34,Triple Tail,12936370671997591527,21,3,3,15,0
1731327106,92,Lobster,14840481632588974005,19,4,4,2,0
1731327230,31,Cod,8740299311294708874,23,4,2,19,2
1731327352,25,Catfish,4611995271100686406,24,3,3,2,0
1731327478,70,Angel Fish,14212398369133488589,16,1,3,15,0
1731327602,35,Triple Tail,6350327433740048607,23,5,3,18,7
1731327734,25,Catfish,13354507004134943459,15,3,4,1,0
1731327857,6,Perch,14982051123863242051,28,6,1,5,0
1731327979,48,Electric Eel,2330151610158705129,18,7,1,6,0
1731328103,5027,Cutthroat Trout,15726143034989800125,23,2,3,14,1
1731328225,75,Mola Mola Fish,6496449179484088348,14,4,3,15
1731328348,76,Mola Mola Fish,15298532514185910230,23,8,1,3,0
1731328520,76,Mola Mola Fish,9449988500355998461,34,10,6,21,31
1731328805,79,Turtle,1034456677136979933,21,3,3,19,0
1731328954,3,Tilpia,15473973367762608300,20,5,1,15,0
1731329082,19,Trout,9923013860811720543,20,6,4,11,0
1731329280,99,Jellyfish,327223723446869375,23,5,4,4,0
1731329534,13,Sardine,7887476399444422557,19,6,4,5,2
1731329687,17,Spot Fish,15446390380560296227,19,2,2,15,0
1731329809,52,Bluegill,4726428924630409482,20,1,2,1,0
1731330334,37,Snapper,13308214181237497322,22,4,4,7,0
1731330827,67,Grouper,7801980479002758241,22,3,3,8,0
1731331117,93,Blue Lobster,4144152451287590710,25,4,2,5,0
1731331359,48,Electric Eel,9301975079208551522,22,3,2,15,0
1731331481,70,Angel Fish,16842527730637796955,20,5,3,6,0
1731332691,50,Damsel Fish,2763212665198054372,14,1,2,5
