1720420143,13,Sardine,6419174779288853776,19,4,4,4
1720420143,16,Trout,9623137047886552075,14,5,3,12
1720420143,62,Barracuda,10691569802351573169,22,5,3,3
1720420143,38,Snapper,18431846564723814362,23,2,3,12
1720420143,87,Shrimp,6025264185156425553,18,4,3,21
1720420143,104,Boot,6850077995145606397,25,3,1,11
1720420143,89,Seahorse,4829550989666722081,17,5,3,17
1720420143,67,Grouper,17534428658557273614,22,1,4,15,0
1720420143,59,Salmon,754789241387181796,14,1,3,14,0
1720420143,12,Sardine,10136052833786008615,20,6,1,13,0
1720420143,108,Great white shark,11295076752403820056,35,5,4,3,16
1720420143,52,Bluegill,1101001588294670315,19,5,2,1,0
1720420143,22,Pufferfish,378250721710556868,17,1,1,10,0
1720420143,29,Herring,13479498641131945926,15,2,1,15,0
1723840918,65,Piranha,5372534881088206902,18,3,1,1,0
1723841165,82,Starfish,3027791200362225357,24,2,2,20,0
1723841285,46,Eel,12258582212889841803,18,1,2,6,0
1723841546,30,Herring,17043627146704412276,21,2,2,8,0
1723841672,104,Boot,8938837954615796885,24,1,4,12,0
1723841826,11,Sardine,10855133600383653786,23,3,1,20,0
1723841947,43,Clownfish,13417744773657041735,12,6,3,19,1
1723842070,92,Lobster,5980274524004301339,17,2,2,3,0
