1720420143,13,Sardine,9187815596238696073,18,4,2,19,0
1720420143,22,Pufferfish,5791967754121714692,16,5,2,5
1720420143,83,Crab,3448065550969919873,21,4,1,2
1720420670,32,Cod,2204192215265904523,19,6,1,13
1720420812,28,Anchovy,16137418077675421303,20,4,1,17
1720420958,47,Eel,5953699573025092722,16,6,3,20,0
1720421081,52,Bluegill,4062771359916114474,16,2,3,12,0
1720421203,99,Jellyfish,8174447489007612694,20,4,1,5,0
1720421325,81,Starfish,9307006086206652488,20,3,4,2,0
1720421448,74,Mola Mola Fish,14917973261829767685,16,1,3,5,0
1720421571,83,Crab,18276512764035937038,20,4,1,16,8
1720421693,52,Bluegill,4808125963063327017,24,2,2,20,0
1720421815,7,Bass,16518194252333384355,25,6,3,17,5
1720423060,49,Damsel Fish,2602131042858676012,20,2,2,14,0
