1720420143,28,Anchovy,9317525513647399502,19,2,2,20
1720420143,45,Clownfish,16940382053349492995,24,5,4,8
1720420143,28,Anchovy,14855288843441502743,20,1,3,3
1720420143,45,Clownfish,16239460949493875039,24,2,4,14
1720420143,72,Angelfish,2966772337916678842,21,6,4,16
1720420143,13,Sardine,15960556325587934315,12,1,3,20
1720420143,10,Sardine,4144584045552453728,24,5,1,16
1720420143,47,Eel,319512525450305634,23,3,3,6
1720420143,20,Trout,10051529606304886406,23,3,4,16
1720420143,17,Spot Fish,18160477236256936490,20,2,4,4
1720420143,17,Spot Fish,11846863844097001562,19,2,4,20
1720420143,18,Trout,1385190506702654755,32,5,4,7
1720420143,43,Clownfish,5171667640507196618,18,4,3,17
1720420143,46,Eel,2709916054998345014,13,2,4,1
1720420143,5,Perch,5465530751624109459,23,2,4,14
1720420143,65,Piranha,3842931665060755498,18,1,4,18
1720420143,14,Sardine,5474129116573581107,19,2,2,19
1720420143,46,Eel,5001433211928109188,16,6,1,5
1720420143,12,Sardine,4566778659355044523,28,3,1,11
1720420143,28,Anchovy,7613636017753838835,21,5,3,5
1720420143,77,Turtle,11790909195290586646,12,5,4,18
1720420143,60,Green Salmon,4037323815788936459,28,6,2,18
1720420143,84,Crab,10410228173564987137,20,6,4,3
1720420143,89,Seahorse,1902216151555143950,18,5,3,19
1720420143,12,Sardine,14775316914813168128,28,2,2,15
1720420143,17,Spot Fish,9814606454597332615,20,6,4,9
1720420143,43,Clownfish,14724384609938364643,23,6,3,4
1720420143,72,Angelfish,2432976435608733996,22,3,2,14
1720420143,72,Angelfish,119331383040060840,25,3,1,21
1720420143,15,Spotfish,12744372033825734699,23,2,4,13
1720420143,87,Shrimp,12045901812968391781,30,4,4,13
1720420143,46,Eel,13691541265318577391,22,6,2,5
1720420143,25,Catfish,9309671382809805708,16,5,3,12
1720420143,1,Tilapia,3533398763926249020,13,4,1,15
1720420143,13,Sardine,17753502353956194196,23,3,2,5
1720420143,75,Mola Mola Fish,9580860329755306443,31,4,2,16
1720420143,84,Crab,17956875688433260674,13,6,1,3
1720420143,23,Pufferfish,14064368272852956572,23,6,1,11
1720420143,17,Spot Fish,15401005718190991074,14,5,3,6
1720420143,22,Pufferfish,1271409770399758953,12,1,3,12
1720420143,14,Sardine,14730709191208438515,20,1,3,6
1720420143,19,Trout,2434094299077755445,23,2,1,1
1720420143,108,Great white shark,11156726931744340309,27,5,3,12
1720420143,15,Spotfish,12496796733277354494,25,3,4,18
1720420143,89,Seahorse,416298466765229820,19,5,1,7
1720420143,53,Bluegill,7986529725876844527,16,4,3,4
1720420143,90,Seahorse,6983668568931223608,27,4,2,15
1720420143,75,Mola Mola Fish,12027647594013760939,28,5,4,3
1720420143,46,Eel,2711328445966016029,21,4,4,8
1720420143,46,Eel,8257565185283723327,21,6,4,1
1720420143,47,Eel,4744732388684535276,16,3,4,14
1720420143,84,Crab,12084253936102624945,20,7,3,2
1720420143,48,Electric Eel,13015381920900395134,21,4,3,8
1720420143,17,Spot Fish,13762877102516886075,15,3,1,3
1720420143,46,Eel,8546709205425872088,16,5,2,19
1720420143,23,Pufferfish,2839561131420165985,18,2,1,13
1720420143,77,Turtle,13369908684075457728,18,3,4,6
1720420143,93,Blue Lobster,12683517395440338670,31,4,1,11
1720420143,95,Octopus,5435768170752089005,23,5,2,17
1720420143,33,Cod,5185596797852853580,35,7,1,10
1720420143,10,Sardine,16665341636945769389,20,4,1,13
1720420143,82,Starfish,17870682407704816090,20,7,3,14
1720420143,35,Triple Tail,14160192438652395026,19,5,4,19
1720420143,1,Tilapia,17380467505734123513,21,1,2,4
1720420143,93,Blue Lobster,4728077885874193864,27,4,2,8
1720420143,81,Starfish,6226805081056337346,13,3,3,12,0
1765540470,44,Clownfish,4371364425961070445,16,4,4,17
