1720420143,28,Anchovy,14898916829511143525,19,4,4,9
1720420143,4,Perch,6371726451908783128,15,2,4,3
1720420143,38,Snapper,10668378809466838097,21,6,3,1
1720420143,47,Eel,14435384492003831095,20,6,1,20
1720420143,31,Cod,4181024304692588753,13,2,3,14
1720420143,7,Bass,2749701698145992644,19,1,1,8
1720420143,16,Trout,10285503157641157311,21,2,1,3
1720420143,14,Sardine,12872191931988527,23,1,1,19
1720420143,5028,404 Fish,1221110367522095371,23,3,3,13
1720420143,53,Bluegill,114403907645607665,21,5,2,20
1720420143,72,Angelfish,15587217714191281214,22,4,1,14
1720420143,87,Shrimp,3936056546544921579,29,7,4,14
1720420143,40,Anglerfish,11858364349344717145,17,2,1,12
1720420143,10,Sardine,1739511567038878110,18,4,2,6
1720420143,74,Mola Mola Fish,7630403652014954022,20,4,4,12
1720420143,5,Perch,2042081849088694830,23,1,1,16
1720420143,55,Spearfish,13761676860473111257,21,4,2,16
1720420143,53,Bluegill,2084644760833993487,19,6,2,14
1720420143,102,Axolotl,5936745363374269144,26,8,5,20
1720420143,20,Trout,192740916869309609,24,4,3,10
1720420143,19,Trout,13689985076223674904,18,3,3,1
1720420143,10,Sardine,9564340136546729397,22,5,4,11
1720420143,81,Starfish,9181188812926311221,18,5,1,14
1720420143,6,Perch,3452927357529907507,20,7,2,4
1720420143,35,Triple Tail,2785766008281015089,21,3,2,19
1720420143,79,Turtle,13753070264713993487,22,5,2,12
1720420143,30,Herring,5649344484808699948,14,1,3,3
1720420143,3,Tilpia,693227984189122670,22,1,2,3
1720420143,44,Clownfish,8999648560474100761,20,6,2,4
1720420143,24,Pufferfish,8055188024445880146,34,5,3,20
1720420143,3,Tilpia,1370524005613389026,24,4,4,16
1720420143,60,Green Salmon,3162186550655773689,24,4,1,21
1720420143,55,Spearfish,17506558375198959503,21,3,2,14
1720420143,36,Triple Tail,2898550433251820411,25,5,2,5
1720420143,8,Bass,7474546608897615140,16,3,1,5
1720420143,38,Snapper,3816940453713692372,21,3,4,15
1720420143,8,Bass,16548441171177184954,25,1,2,8
1720420143,23,Pufferfish,2504116671523724390,20,5,2,8
1720420143,1,Tilapia,10904196143303364820,16,2,2,18
1720420143,7,Bass,1888018271235572773,14,4,1,13
1720420143,53,Bluegill,7353012045801000538,15,1,1,5
1720420143,5031,Boot,10962309161350781042,15,3,2,2
1720420143,23,Pufferfish,5336257881599261436,16,6,4,11
1720420143,39,Snapperfish,9736347640491463108,33,2,2,14
1720420143,23,Pufferfish,8384538600434199615,18,1,4,11
1720420143,11,Sardine,15869295871801356217,15,1,2,19
1720420143,23,Pufferfish,12488784164263575399,14,4,3,12
1720420143,5,Perch,14448223307351833875,19,1,3,17
1720420143,29,Herring,12276017717919214412,13,4,4,10
1720420143,5,Perch,7613051186296179477,19,3,2,18
1720420143,30,Herring,2957367070721380309,17,3,4,4
1720420143,28,Anchovy,18423692703832130617,20,2,1,14
1720420143,59,Salmon,15442792240001708477,15,6,3,7
1720420143,89,Seahorse,12787594748287102366,13,5,1,17
1720420143,5031,Boot,10016240988640058655,20,3,4,2
1720420143,37,Snapper,7862817338924823242,17,5,4,7
1720420143,31,Cod,10406709175027255265,22,2,2,19
1720420143,17,Spot Fish,10491320237259735177,20,5,1,17
1720420143,34,Triple Tail,6085149228974907638,22,5,4,14
1720420143,7,Bass,10485306264753239573,14,6,2,13
1720420143,32,Cod,10734095901806539667,25,1,1,6
1720420143,17,Spot Fish,1043597795143115065,17,6,2,19
1720420143,5031,Boot,12574141969447170777,18,6,4,14
1720420143,90,Seahorse,8038883663985842732,22,4,3,3
1720420143,43,Clownfish,17169526840598378942,26,4,3,12
1720420143,21,Trout,8851833692865722253,22,4,4,12
1720420143,37,Snapper,15749373850098276077,19,6,3,6
1720420143,31,Cod,9096683782230309670,23,5,1,8
1720420143,29,Herring,3297722082938435018,23,4,4,14
1720420143,7,Bass,10113216620550871131,20,6,2,12
1720420143,10,Sardine,18139893437914590359,22,6,2,3
1720420143,43,Clownfish,6231082612179117071,17,1,2,17
1720420143,84,Crab,13248351942450260370,14,6,1,7
1720420143,11,Sardine,5601305821715849749,20,6,3,20
1720420143,43,Clownfish,2005585948800617786,19,1,2,4
1720420143,43,Clownfish,4249183675470933646,20,2,1,4
1720420143,69,Grouper,9137735547313692286,21,5,1,12
1720420143,28,Anchovy,11586227104902344582,20,6,3,6
1720420143,1,Tilapia,9478977507430993202,23,5,1,14
1720420143,50,Damsel Fish,6930872601924882186,20,1,3,18
1720420143,31,Cod,2410605815748453826,21,6,1,16
1720420143,8,Bass,12697382445537932118,16,3,2,15
1720420143,62,Barracuda,6538217013142764391,15,1,2,1
1720420143,7,Bass,8779894238117605089,19,1,2,20
1720420143,11,Sardine,11849070283174909058,18,6,4,11
1720420143,10,Sardine,10830454897064921424,19,5,2,15
1720420143,6,Perch,5652062393091778233,26,6,4,15
1720420143,37,Snapper,16976324230854054347,16,3,4,16
1720420143,65,Piranha,12843328383713837209,22,6,2,3
1720420143,1,Tilapia,15075958326097940534,24,1,1,9
1720420143,55,Spearfish,8131211825761178078,18,6,1,8
1720420143,16,Trout,318908839097870405,24,1,3,7
1720420143,81,Starfish,11795547065431965029,22,5,1,1
1720420143,50,Damsel Fish,2198197666485616461,18,5,3,11
1720420143,29,Herring,17829929797292672474,21,2,3,18
1720420143,5029,{NULL}fish,6678168629440154750,100,0,0,0
1720420143,43,Clownfish,17982076126626817543,20,3,3,11
1720420143,1,Tilapia,8122105705613234617,14,2,2,3
1720420143,65,Piranha,8144903864354152003,24,4,3,2
1720420143,16,Trout,6941120024778498739,24,2,4,15
1720420143,37,Snapper,5572870319663943352,17,2,3,10
1720420143,1,Tilapia,16784247119342739025,26,1,4,16
1720420143,1,Tilapia,17281570612898319391,22,5,1,19
1720420143,32,Cod,1802701500412951568,21,3,1,10
1720420143,28,Anchovy,4066662630132722778,23,6,4,9
1720420143,13,Sardine,2229171679534339851,18,4,2,20
1720420143,10,Sardine,5271807163023739791,22,5,3,6
1720420143,28,Anchovy,13072996971327672967,14,2,4,11
1720420143,65,Piranha,14055460562599098631,24,3,3,3
1720420143,32,Cod,17654984203646220138,20,4,3,2
1720420143,29,Herring,12263747428906391146,20,4,4,6
1720420143,55,Spearfish,13929726512930705680,16,2,4,19
1720420143,37,Snapper,9058302528190052696,22,2,4,8
1720420143,77,Turtle,17645640317858584208,15,6,3,2
1720420143,32,Cod,7138255681473448560,13,4,1,15
1720420143,37,Snapper,13825485582903777077,26,5,1,10
1720420143,23,Pufferfish,16074733129894834889,19,6,1,1
1720420143,1,Tilapia,8362547947350125473,13,1,4,3
1720420143,29,Herring,17501430196358421536,24,1,1,4
1720420143,23,Pufferfish,13449814022687335730,20,2,2,17
1720420143,28,Anchovy,14028046785620151243,14,2,4,9
1720420143,11,Sardine,1804149965630870576,18,1,1,8
1720420143,33,Cod,5182715401184745122,18,4,1,13
1720420143,23,Pufferfish,16283480472001572740,16,6,4,11
1720420143,43,Clownfish,8074245426786028088,19,3,2,7
1720420143,46,Eel,5746656769976837049,14,1,1,17
1720420143,62,Barracuda,8234602175918377618,14,1,1,19
1720420143,17,Spot Fish,13542266260592292360,22,6,4,3
1720420143,13,Sardine,568097715071895924,18,5,1,2
1720420143,89,Seahorse,13064314961955628800,21,6,2,3
1720420143,11,Sardine,18434251278143342977,20,4,3,7
1720420143,5,Perch,6438663401800389751,20,5,1,10
1720420143,28,Anchovy,6447663041813332841,20,1,3,11
1720420143,12,Sardine,17722436683744176803,21,5,2,21
1720420143,34,Triple Tail,8439460799822795782,24,6,2,10
1720420143,16,Trout,16455661302814148795,16,1,4,3
1720420143,17,Spot Fish,16044550628878850320,17,3,2,4
1720420143,5031,Boot,16652762422802587149,23,5,3,8
1720420143,25,Catfish,106945320644127624,14,5,3,16
1720420143,46,Eel,4203571340307371353,19,1,2,4
1720420143,21,Trout,4983024130581892777,25,6,1,6
1720420143,1,Tilapia,11703398228850909734,24,2,1,18
1720420143,32,Cod,13625722297068874534,25,6,4,10
1720420143,65,Piranha,11580993069617425273,22,4,3,6
1720420143,47,Eel,9467678122409395905,18,3,2,13
1720420143,7,Bass,7385978328399447178,20,5,1,9
1720420143,8,Bass,14569946407238737855,19,5,3,11
1720420143,23,Pufferfish,1281547806065870507,23,2,2,11
1720420143,47,Eel,4988901907033289614,19,6,1,15
1720420143,37,Snapper,12220799973720259630,12,1,2,10
1720420143,5031,Boot,7062316422044132689,23,1,4,15
1720420143,23,Pufferfish,10967765198139918447,22,3,2,9
1720420143,8,Bass,6098764602409508622,24,3,2,1
1720420143,62,Barracuda,7087137798411143137,17,3,3,1
1720420143,35,Triple Tail,13232632820262748021,25,7,4,14
1720420143,71,Angel Fish,2710671512678557000,17,5,3,4
1720420143,23,Pufferfish,4840506011534699846,15,5,3,19
1720420143,5031,Boot,38874561787437652,20,6,3,11
1720420143,81,Starfish,7316443328620903854,18,3,4,3
1720420143,36,Triple Tail,14402256418716184307,31,6,1,13
1720420143,54,Redgill,3832679713255016288,24,5,1,3
1720420143,78,Turtle,17320142184744424869,17,6,1,19
1720420143,5026,GamerPieJess fish,18440608860112829324,24,7,2,13
1720420143,19,Trout,15511609005011249179,24,4,1,20
1720420143,17,Spot Fish,1712269736047589125,20,3,4,9
1720420143,22,Pufferfish,12325030589719224491,21,6,1,2
1720420143,13,Sardine,14952431182660238567,20,6,2,1
1720420143,43,Clownfish,12552732639109258999,15,3,1,8
1720420143,16,Trout,1582133694578473037,17,1,1,20
1720420143,69,Grouper,15155380060793793141,20,1,4,14
1720420143,34,Triple Tail,3165754765403047136,17,5,3,15
1720420143,69,Grouper,14946715945977856129,18,4,1,16
1720420143,22,Pufferfish,18375804647591099373,24,4,4,19
1720420143,29,Herring,16553028496288680293,19,6,2,11
1720420143,102,Axolotl,6743159833919067526,20,9,5,8
1720420143,14,Sardine,2306632201583428057,16,2,3,17
1720420143,10,Sardine,10018792811986328041,15,1,1,8
1720420143,25,Catfish,10148396985955687611,25,1,1,20
1720420143,6,Perch,10851243340612007476,16,3,1,6
1720420143,59,Salmon,9360930512627489463,24,5,3,12
1720420143,11,Sardine,11236617848744312367,21,6,2,5
1720420143,29,Herring,3590926268677866817,14,3,4,8
1720420143,14,Sardine,8728376255162988260,16,5,2,19
1720420143,7,Bass,12520520127503252222,19,4,3,7
1720420143,75,Mola Mola Fish,13877637455227402522,28,3,1,18
1720420143,56,Spearfish,5631684802715571596,20,2,2,14
1720420143,65,Piranha,9211503883931022241,21,4,1,17
1720420143,46,Eel,13608761311328594526,19,5,1,14
1720420143,7,Bass,2818541507806496204,19,1,4,9
1720420143,81,Starfish,15584638047536004463,20,6,1,18
1720420143,7,Bass,9996496911584768740,21,2,2,9
1720420143,77,Turtle,16737862689881795867,22,6,1,9
1720420143,68,Grouper,13486932039290521423,17,2,4,15
1720420143,10,Sardine,5836708744356131270,17,3,2,16
1720420143,3,Tilpia,4192718306431427896,19,3,4,9
1720420143,15,Spotfish,16708014948607963380,21,5,2,14
1720420143,33,Cod,1488662561578474692,24,2,4,18
1720420143,63,Barracuda,12067752832207093119,27,2,2,5
1720420143,76,Mola Mola Fish,12843244173735288756,30,8,2,17
1720420143,26,Catfish,15283439486663312054,24,7,1,5
1720420143,32,Cod,5742023457374277617,19,1,1,20
1720420143,25,Catfish,1401131635130948637,20,5,2,6
1720420143,47,Eel,10240710072383653737,25,4,3,6
1720420143,30,Herring,17781403320712840553,20,2,4,10
1720420143,84,Crab,5640299583568335774,28,6,4,6
1720420143,8,Bass,17556982277813835861,19,4,1,18
1720420143,5031,Boot,16593779210866198217,19,2,1,5
1720420143,9,Bass,5713491159731829037,23,4,3,4
1720420143,24,Pufferfish,8787885982360621973,28,3,4,9
1720420143,69,Grouper,1924124383063481323,18,4,2,6
1720420143,97,Golden Takoyaki,7714126779507965446,32,8,6,6
1720420143,41,Anglerfish,7265369871753540944,29,2,4,18
1720420143,53,Bluegill,7285111842761902326,20,2,4,11
1720420143,47,Eel,3029874654752877892,24,2,3,19
1720420143,40,Anglerfish,9449298389784279745,16,5,3,19
1720420143,10,Sardine,10008393298794881896,20,2,3,5
1720420143,17,Spot Fish,5332353320079095147,20,3,2,17
1720420143,41,Anglerfish,5971974947436638558,25,5,4,12
1720420143,93,Blue Lobster,15608311765154714716,26,4,2,9
1720420143,74,Mola Mola Fish,15963080703418980453,20,3,4,9
1720420143,44,Clownfish,16353639648694079876,18,3,3,4
1720420143,34,Triple Tail,9638616180276210,23,2,3,8
1720420143,47,Eel,7085131601001673935,19,2,3,10
1720420143,74,Mola Mola Fish,2804389511888394918,14,1,1,18
1720420143,1,Tilapia,13641230958735453475,25,3,4,13
1720420143,28,Anchovy,11355346459245501530,17,6,4,15
1720420143,44,Clownfish,5539821586989894432,15,2,4,20
1720420143,19,Trout,1620743095790174895,23,2,3,8
1720420143,17,Spot Fish,992748156129667528,21,5,2,7
1720420143,7,Bass,18432729080436235013,14,4,2,16
1720420143,16,Trout,5165627741633744553,21,5,1,14
1720420143,13,Sardine,1406966519287810082,17,5,1,3
1720420143,32,Cod,368117044688631083,18,3,4,11
1720420143,32,Cod,5081061491460941458,17,2,3,1
1720420143,1,Tilapia,3798572764032454026,16,1,4,17
1720420143,16,Trout,11275013266543614851,26,3,3,15
1720420143,68,Grouper,834078295818720089,26,5,3,19
1720420143,31,Cod,6209619441104003500,18,4,3,6
1720420143,89,Seahorse,14934331130920214503,14,3,4,6
1720420143,25,Catfish,4524437250274317108,16,3,4,13
1720420143,63,Barracuda,6045637802021759760,27,3,2,21
1720420143,62,Barracuda,3611562489719199103,18,5,2,7
1720420143,95,Octopus,11537785980974927540,32,5,4,14
1720420143,71,Angel Fish,4457412569197349818,18,3,2,10
1720420143,81,Starfish,10448620315083337095,23,6,2,14
1720420143,63,Barracuda,8635070341499703096,19,6,3,2
1720420143,81,Starfish,3654335343389130110,12,1,4,10
1720420143,98,Jellyfish,18191306090932848191,20,4,2,3
1720420143,47,Eel,10291728409643672688,18,2,2,9
1720420143,55,Spearfish,9284762950986695998,19,4,2,4
1720420143,81,Starfish,8818263743762186770,18,3,3,13
1720420143,41,Anglerfish,6186734292963924865,20,4,1,20
1720420143,3,Tilpia,9196006873726576823,19,2,4,18
1720420143,97,Golden Takoyaki,12675993957921159492,28,10,6,10
1720420143,8,Bass,14925721786474339723,17,3,3,6
1720420143,63,Barracuda,14807253304586801372,25,4,2,10
1720420143,87,Shrimp,10522709879104343273,20,5,2,5
1720420143,12,Sardine,4489425575147542446,27,3,2,19
1720420143,71,Angel Fish,15691489981978294294,18,6,2,5
1720420143,60,Green Salmon,9823559792222047338,28,5,2,8
1720420143,74,Mola Mola Fish,6480008816014817195,22,4,1,9
1720420143,5031,Boot,11003808120187740458,21,3,4,5
1720420143,47,Eel,10224343770738727500,21,5,2,4
1720420143,100,Jellyfish,16336104330614531424,33,3,3,9
1720420143,22,Pufferfish,13217920644449295246,18,4,4,6
1720420143,94,Lobster,13497336532671068636,23,7,1,12
1720420143,28,Anchovy,14656103823137894678,18,4,4,5
1720420143,5013,Sakhalin sturgeon,1246959509312998627,33,11,6,4
1720420143,34,Triple Tail,11816039097412547629,23,5,2,4
1720420143,11,Sardine,483777724870396892,15,6,4,5
1720420143,62,Barracuda,6149482429193206906,18,1,2,19,0
1720420143,51,Damsel Fish,12750135627089496368,27,3,2,3,0
1720420143,53,Bluegill,3727228989376749760,21,1,1,20,0
1720420143,78,Turtle,3593234449456256547,14,6,2,21,0
1720420143,46,Eel,10672262586823845602,15,2,1,3,0
1720420143,51,Damsel Fish,14076272111596400407,19,7,1,7,0
1720420143,93,Blue Lobster,18204391185471400014,26,7,3,19,0
1720420143,51,Damsel Fish,12026084305971712480,17,2,2,16,0
1720420143,5,Perch,8158141645830873885,23,5,3,14,0
1720420143,69,Grouper,77913894402707328,16,6,1,11,0
1720420143,20,Trout,12912232723909380442,27,7,3,8,3
1720420143,5,Perch,3952904344607186037,24,5,3,19,3
1720420143,16,Trout,1912342135502506532,14,1,1,14,0
1720420143,26,Catfish,6495606744151778856,27,2,4,3,0
1720420143,41,Anglerfish,5027608606155486083,25,3,4,10,1
1720420143,19,Trout,4656201250913320399,17,2,2,3,0
1720420143,62,Barracuda,140472549352879500,19,3,1,9,0
1720420143,26,Catfish,15085673926337956367,23,2,1,15,0
1720420143,5027,Cutthroat Trout,10720836761285172893,33,5,1,7,3
1720420143,4,Perch,3582462586363102217,12,1,3,20,0
1720420143,16,Trout,14643250619166982824,20,3,1,11,0
1720420143,52,Bluegill,11615954559457377291,22,1,3,15,0
1720420143,97,Golden Takoyaki,5315630798143561367,31,10,6,12,23
1720420143,46,Eel,343495769434782929,25,5,4,18,0
1720420143,43,Clownfish,7115925744470330323,18,6,3,11,3
1720420143,80,Starfish,5839555503303402034,19,1,2,14,0
1720420143,30,Herring,3250316012875112690,19,1,1,9,0
1720420143,8,Bass,1148001033837227379,24,4,2,20,0
1720420143,83,Crab,10959782631736851183,16,6,4,6,0
1720420143,53,Bluegill,3509497385982624364,19,4,4,19,4
1720420143,83,Crab,638907429323896049,25,5,1,20,0
1720420143,2,Tilapia,4921562607369745402,18,1,2,11,0
1720420143,61,Barracuda,17884387187729408454,18,2,1,5,0
1720420143,59,Salmon,6953003942089595760,23,4,2,15,4
1720420143,50,Damsel Fish,5431428720098216671,26,4,3,1,0
1720420143,25,Catfish,18173182490882601951,19,6,3,9,2
1720420143,29,Herring,8910892502200911212,17,4,3,9,0
1720420143,65,Piranha,17905467394407137953,13,3,3,5,1
1720420143,64,Piranha,3831648298301887076,19,6,4,1,1
1720420143,49,Damsel Fish,7623749600694032249,20,4,1,18,0
1720420143,14,Sardine,3574772286292618259,24,4,3,7,0
1720420143,23,Pufferfish,1329773635242390154,22,4,2,5,0
1720420143,43,Clownfish,5455334808117611174,17,5,2,19,1
1720420143,28,Anchovy,3033922328851867257,18,1,4,10,0
1720420143,61,Barracuda,8066344423039140051,18,2,2,10,0
1720420143,3,Tilpia,11491017867468487461,20,1,1,6,0
1720420143,7,Bass,6977524682868604495,19,3,3,2,0
1720420143,4,Perch,17864183130372829149,24,1,1,18,0
1720420143,44,Clownfish,13590828141502540948,16,2,4,19,0
1720420143,100,Jellyfish,6295662348675957450,21,3,4,18,0
1720420143,70,Angel Fish,318076055318511885,14,5,1,1,0
