1767011492,25,Catfish,847129733311592595,18,3,3,15
1767011616,11,Sardine,14591416323854516204,22,2,2,15
1767011739,32,Cod,1237972204844117514,15,2,4,17
1767011863,55,Spearfish,4460910882202302811,16,1,3,2
1767012153,52,Bluegill,17893884009999560480,20,6,2,7
1767012289,36,Triple Tail,12235718448563516067,24,4,4,4
1767012546,46,Eel,5750333813153638579,12,4,1,5
1767012707,19,Trout,11091883128058410772,18,1,1,15
1767012832,93,Blue Lobster,4734621357907710945,24,5,2,11
1767013007,16,Trout,8714400017507316105,21,3,2,8
1767013141,80,Starfish,15427063845785778418,25,3,3,11
1767013265,86,Shrimp,17842867904297142476,19,5,3,8
1767013401,17,Spot Fish,11211088943471854329,20,4,2,11
1767013525,55,Spearfish,4779393869643434770,14,1,1,2
1767013649,67,Grouper,7918900187873565193,24,3,1,11
1767016649,71,Angel Fish,6307176983285559200,25,4,1,15
1767016780,24,Pufferfish,7322803939063814331,24,3,1,16
1767016931,104,Boot,3312934546920634907,16,4,4,5
1767017068,17,Spot Fish,13030349497219615983,24,6,2,16
1767017192,67,Grouper,16259950528545711600,21,4,1,11
1767017319,46,Eel,13535805927787067632,13,1,4,1
1767017444,81,Starfish,4713593238303000618,17,3,1,20
1767017567,78,Turtle,12604333540201162015,24,5,2,3
1767017691,83,Crab,15454304946216392697,23,4,4,20
1767017817,29,Herring,10433353953410969107,17,4,3,15
1767017974,83,Crab,982113967342003494,20,3,2,15
1767018175,61,Barracuda,10417598534300499763,23,5,2,8
1767018315,31,Cod,8143721148565001989,21,3,2,9
1767018973,3,Tilpia,5811622225545823225,23,6,3,17
1767019249,71,Angel Fish,4170261386439945255,22,2,2,3
1767019372,34,Triple Tail,9781656270004012591,19,1,4,7
1767088568,38,Snapper,16113299484702308120,25,6,3,19
1767088693,92,Lobster,15797685202736669055,18,2,3,13
1767088962,63,Barracuda,6866343479070373618,15,6,1,20
1767089085,48,Electric Eel,119073769988248444,20,4,2,8
1767089209,49,Damsel Fish,11407817641972268827,18,1,1,5
1767089356,110,Pop-eyed goldfish,3317323445055550103,24,2,2,20
1767089499,59,Salmon,12534892977356913102,22,5,3,14
1767089670,29,Herring,15573956176909828613,20,3,2,3
1767090091,16,Trout,10114958274226111821,18,5,1,4
1767090260,25,Catfish,7833800361449220541,23,5,2,5
1767090666,69,Grouper,2817183074967812684,18,3,1,17
1767091065,43,Clownfish,12844646161996358373,19,2,2,3
1767091479,3,Tilpia,13041048779384442939,14,1,1,2
1767091655,62,Barracuda,12872516519487081521,21,3,2,4
1767091796,86,Shrimp,6718116710073824030,17,2,1,10
1767091920,1,Tilapia,4917221405213611039,19,1,4,3
