28,Anchovy,9854886907224541212,18,6,3,12,0
48,Electric Eel,5821450247483782662,21,4,3,17,6
67,Grouper,4154875415730482295,18,5,2,16,0
49,Damsel Fish,14703679709198961207,15,1,1,1,0
92,Lobster,15074703088270588849,21,2,3,16,0
84,Crab,17238306043022069488,27,4,2,15,0
58,Salmon,11440761408385555817,19,3,1,7,0
99,Jellyfish,12137436972802244730,24,2,1,20,0
10,Sardine,10324440227967497113,14,2,1,17,0
62,Barracuda,16474651854502449467,22,3,2,5,0
32,Cod,6444591025572763653,12,2,1,2,0
16,Trout,11696224901428792047,21,2,3,7,0
90,Seahorse,2711128423364542312,26,2,4,20,0
5,Perch,3215202986414041063,21,3,1,9,0
