53,Bluegill,5521690154824856188,20,6,2,8
5067,Pop-eyed goldfish,11675161148169859337,22,6,2,21
31,Cod,5047645363639943089,18,4,3,14
23,Pufferfish,16060717335177217956,19,2,1,11
46,Eel,15616559874958082091,17,1,4,14
20,Trout,16610014119705990664,26,3,2,16
93,Blue Lobster,10504188886162429543,22,5,4,21
72,Angelfish,12548285361531038324,29,7,3,12
5031,Boot,14203755729006913910,20,6,3,5
32,Cod,6784107567507257269,18,1,3,8
22,Pufferfish,5839645831440671860,17,4,1,12
59,Salmon,15240351145304629750,20,4,2,8
50,Damsel Fish,16625954188743659989,18,1,3,10
81,Starfish,16760892264609751839,17,5,4,3
5028,404 Fish,18034578171469762628,21,3,4,19
11,Sardine,15659489544901121396,20,5,4,12
25,Catfish,3658508780868400020,25,2,1,8
5,Perch,10596127367104557700,18,2,3,3
37,Snapper,11976681208683477299,20,6,1,13
31,Cod,5487770798378350448,17,1,3,4
84,Crab,5639261258430474232,16,7,2,12
40,Anglerfish,5708121296404315881,20,4,2,2
60,Green Salmon,17672490743831042018,29,4,3,6
57,Spearfish,9751963962186230224,26,4,3,16
24,Pufferfish,6816666927515881158,22,6,3,21
23,Pufferfish,6937359369595143326,25,5,1,10
60,Green Salmon,17035759063951844614,32,6,3,14
31,Cod,5260108128903129840,23,3,4,16
25,Catfish,6959441530966786709,19,3,4,8
36,Triple Tail,7349387946441941632,17,5,3,3
1,Tilapia,14453790356384588502,23,3,1,10
20,Trout,13133787120795712667,22,4,1,20
44,Clownfish,8359164198361628498,19,3,2,3
16,Trout,2800450395680363194,19,1,1,1
50,Damsel Fish,12064583642969978079,15,3,4,13
68,Grouper,9750327474785044685,23,7,1,6
46,Eel,8792021555169277965,14,2,3,13
3,Tilpia,7965329344217829846,16,3,2,10
7,Bass,11998461301470514977,16,6,1,18
16,Trout,9853770254709710186,13,5,4,11
17,Spot Fish,15886637167031243080,19,2,1,7
28,Anchovy,10962315906121399024,17,5,2,15
89,Seahorse,2299871473668317626,21,6,3,16
59,Salmon,15589379987054848911,25,5,3,15
5,Perch,18167684780045023165,17,4,3,9
40,Anglerfish,10909349228526741067,17,6,4,11
7,Bass,12548335269576337288,19,4,3,9
53,Bluegill,16677341165629076764,22,2,2,8
32,Cod,12831779424925346940,17,3,2,18
78,Turtle,17408085867552062620,25,5,2,14
41,Anglerfish,17891347092647038969,23,7,4,19
4,Perch,2917173721682260168,17,6,4,3
25,Catfish,7972250577316454607,24,1,2,16
38,Snapper,13884433178508126231,13,5,3,10
60,Green Salmon,4424803423240268428,25,4,2,21
51,Damsel Fish,470419349801128581,21,7,4,14
11,Sardine,16886935581082493332,21,1,1,3
91,Golden Seahorse,17029870435161354778,16,6,5,15
5,Perch,12089946142316268992,16,2,4,18
40,Anglerfish,2645481588085790336,23,4,2,4
34,Triple Tail,16767946397028100349,16,4,1,13
8,Bass,11939899800155963425,24,3,3,9
82,Starfish,14641551626506816829,21,3,2,12
19,Trout,16639372295420212466,23,6,4,15,6
69,Grouper,17346880381641438690,21,2,4,3,0
48,Electric Eel,12631198827765802469,31,3,3,5,0
34,Triple Tail,10101002486289961704,14,2,2,9,0
40,Anglerfish,4871040176215764685,19,2,3,13,0
34,Triple Tail,8803210086263424221,21,2,3,2,0
50,Damsel Fish,17666412589743115014,16,4,1,13,0
17,Spot Fish,7461937543490430404,24,3,1,6,0
40,Anglerfish,16380499895590287190,18,1,1,4,0
30,Herring,9289983505148190983,24,4,3,8,0
55,Spearfish,2787924578816612935,21,1,1,10,0
40,Anglerfish,6927251459475365948,21,4,3,18,0
19,Trout,8757393731773460097,17,2,3,20,0
