1720420143,14,Sardine,10195032243707105364,18,4,4,15
1720420143,13,Sardine,15365802776385779858,18,2,2,9
1720420143,50,Damsel Fish,8332658170064775355,20,6,3,13
1720420143,53,Bluegill,10492573979291043998,19,3,2,17
1720420143,4,Perch,9761106235506589262,15,3,3,20
1720420143,108,Great white shark,13549523994923669617,25,2,4,12
1720420143,47,Eel,11846917776223173922,18,2,3,12
1720420143,50,Damsel Fish,8155639410316969808,15,2,4,20
1720420143,59,Salmon,14919598763207614361,21,1,3,18
1720420143,1,Tilapia,13352882217858708805,15,6,1,3
1720420143,53,Bluegill,10015081857653496768,20,5,3,18
1720420143,14,Sardine,6401819258730856279,13,2,3,20
1720420143,62,Barracuda,13962966268381604803,18,3,1,1
1720420143,13,Sardine,10763940215959714179,20,2,4,9
1720420143,7,Bass,5372729345930314971,24,4,3,13
1720420143,31,Cod,17602026837869263814,17,6,2,3
1720420143,69,Grouper,3849607902122306508,18,1,2,2
1720420143,81,Starfish,17040011659183027153,12,1,3,5
1720420143,53,Bluegill,3354634327288992129,19,4,3,19
1720420143,37,Snapper,4336991352835969149,18,5,4,20
1720420143,23,Pufferfish,4185939630750428376,23,4,3,4
1720420143,53,Bluegill,4430670461614682343,22,4,4,7
1720420143,11,Sardine,15633444744835786992,22,5,1,19
1720420143,77,Turtle,15062823445574206825,15,2,4,19
1720420143,11,Sardine,9563943833151630066,17,1,3,6
1720420143,37,Snapper,16959114803548164915,21,6,4,13
1720420143,63,Barracuda,9556457914300060622,28,7,3,12
1720420143,53,Bluegill,4637974420965393117,21,4,2,20
1720420143,32,Cod,9008704782815592982,19,5,1,9
1720420143,25,Catfish,17416315699009352528,16,2,2,3
1720420143,4,Perch,7125709151893620136,25,5,1,20
1720420143,62,Barracuda,13441073074008220,21,5,3,15
1720420143,89,Seahorse,3459306906570591451,13,5,1,7
1720420143,13,Sardine,11145120761141356277,25,3,4,18
1720420143,74,Mola Mola Fish,6916641477690303699,23,1,1,15
1720420143,23,Pufferfish,8973143811754094867,21,2,3,10
1720420143,11,Sardine,2973727430016379631,20,4,2,12
1720420143,13,Sardine,5030500087226431312,20,3,3,18
1720420143,46,Eel,1360567214872285834,13,2,3,6
1720420143,104,Boot,3289152065148155180,21,5,3,2
1720420143,7,Bass,13303784300995164438,17,6,4,15
1720420143,23,Pufferfish,11488526989614073853,15,6,1,14
1720420143,44,Clownfish,15852540839243600282,20,3,3,19
1720420143,3,Tilpia,2662207904412122593,18,4,3,3
1720420143,87,Shrimp,12999776498301250289,21,5,1,4
1720420143,10,Sardine,15438946675054830236,20,5,3,7
1720420143,8,Bass,14551675545336545114,21,3,3,4
1720420143,19,Trout,1076290862437437086,22,2,2,9
1720420143,35,Triple Tail,12820933653564601632,16,7,1,6
1720420143,17,Spot Fish,3848758730978964224,15,6,4,4
1720420143,81,Starfish,14051407038028038766,23,6,1,1
1720420143,110,Pop-eyed goldfish,5505437127722251278,24,2,1,18
1720420143,44,Clownfish,1281963639651117162,12,3,1,9
1720420143,1,Tilapia,3745670508729243227,19,6,4,3
1720420143,4,Perch,3927392490458646811,23,5,1,16
