1720420143,44,Clownfish,3293665851315245118,22,4,2,3,0
1720420143,13,Sardine,6469314417881755718,16,4,4,17,0
1720420143,93,Blue Lobster,13708909619424506247,24,3,3,13,0
1720420143,47,Eel,9909123890754177807,15,6,1,1,0
1720420143,83,Crab,7660676656309517252,20,4,4,17,0
1720420143,45,Clownfish,2923014984926974436,20,6,2,9,0
1720420143,69,Grouper,10466742844631339235,19,3,1,3,0
1720420143,77,Turtle,12272492098904482379,17,5,1,7,0
1766211886,79,Turtle,14972773227376008782,28,7,2,5
1766213034,74,Mola Mola Fish,11427432750225143736,22,2,4,19
1766213168,93,Blue Lobster,6727287334625108884,23,7,2,8
1766213310,24,Pufferfish,16737380654431665172,34,4,1,20
1766213486,62,Barracuda,15504917937773888096,14,5,3,14
1766213620,52,Bluegill,514332588771863819,15,3,2,13
1766213747,69,Grouper,14687932359600621926,20,4,2,13
1766213932,25,Catfish,7522975059531104735,23,3,3,11
1766214286,51,Damsel Fish,3341925771462772737,32,4,4,15
1766214413,112,404 Fish,10494854342401342278,17,5,1,21
1766214539,17,Spot Fish,9515147281093247205,22,4,2,5
1766214666,15,Spotfish,16665122156321085362,32,3,4,18
1766214859,91,Golden Seahorse,12391356254636297265,23,8,2,5
1766215006,89,Seahorse,16537981016593194495,23,5,2,6
1766215169,2,Tilapia,198186213162860506,15,5,3,11
1766215410,68,Grouper,7421746071639734590,26,5,2,17
1766215551,50,Damsel Fish,9011155961305064644,22,5,3,13
1766215682,83,Crab,15146281848378583894,18,3,1,9
1766216030,20,Trout,503115840475955088,15,7,1,8
1766218250,40,Anglerfish,9142964034335983343,18,1,4,1
