1720420143,16,Trout,5034055321846599505,16,6,2,10,2
1720676462,52,Bluegill,13003781715901149292,22,6,2,19,15
1720678239,31,Cod,9402472440877320784,16,2,2,1,0
1720678385,99,Jellyfish,12148451612696723549,22,1,4,19,0
1720678507,31,Cod,6796192491147321090,22,3,4,3,1
1720678635,17,Spot Fish,17793816960671818030,19,2,3,15,0
1720678755,32,Cod,16965430189135595485,13,1,3,16,0
1720678876,49,Damsel Fish,6299355991434516696,20,5,3,8,0
1720679028,45,Clownfish,12663102627162757199,23,2,2,21,0
1720679147,59,Salmon,8934939905387133450,21,3,2,20,1
1720679289,52,Bluegill,13184191997402017509,20,5,4,18,8
1720679431,34,Triple Tail,10898976252400431215,26,3,4,15,0
1720679556,34,Triple Tail,11571266530323823734,22,1,2,4,0
1720679683,48,Electric Eel,14756984510956002244,29,2,2,20,1
1720679803,32,Cod,6376962927398818158,17,1,4,8,0
1720679934,104,Boot,11907278824197877078,20,2,1,5,0
1720680150,67,Grouper,18095503641855027633,18,6,1,4,2
1720680500,32,Cod,12146516960549754218,20,4,3,15,0
1720680689,61,Barracuda,323042758254663290,13,1,3,19,0
1720680847,83,Crab,779284967525218393,22,6,2,8,0
1720680987,37,Snapper,8530156478245643871,19,4,4,5,0
1720681120,31,Cod,2671456278590523342,19,5,2,7,0
1720681295,104,Boot,9600175407119219998,18,1,4,20,0
1720681660,83,Crab,18200554431882127806,19,5,1,1,0
1720681839,16,Trout,10201899253159232367,18,6,4,18,5
1720682673,87,Shrimp,10911325885759889085,17,6,3,19,0
1720683319,53,Bluegill,2569988797743159559,20,6,3,14,0
1720683450,49,Damsel Fish,5380684035551005096,21,2,2,9,0
1720683582,64,Piranha,17699250105313758716,23,6,2,6,0
1720683701,14,Sardine,9895130900962825695,21,3,4,12,0
1720683843,69,Grouper,13853083093523514160,16,1,4,8,0
1720683965,61,Barracuda,5706573807162029462,23,3,1,15,0
1720684088,32,Cod,5086816483335001525,21,4,3,12,0
1720684209,32,Cod,7423368458888259851,21,6,4,18,16
1720684430,58,Salmon,14361631240768331179,25,4,4,8,0
1720684551,61,Barracuda,14498841100311827667,23,5,2,1,0
1720684881,62,Barracuda,13134698377413597564,12,1,2,1,0
1720685213,52,Bluegill,673632310228992209,21,3,1,15,1
1720685523,47,Eel,9153311048039008053,17,5,3,1,0
1720686052,38,Snapper,8787456487242870683,16,6,2,14,0
1720935496,74,Mola Mola Fish,2658152967882546244,14,6,2,13,1
1720935618,69,Grouper,3498168835147499571,20,5,3,3,0
1720935737,17,Spot Fish,293040160959402606,16,1,2,2,0
1720935879,78,Turtle,5938416937254890659,22,3,4,10,1
1720936014,30,Herring,1856536753966544759,20,4,2,8,0
1720936158,43,Clownfish,13234885554410450195,17,1,3,18,0
1720936285,55,Spearfish,4487537402275927980,20,4,1,6,0
1720936405,58,Salmon,2101424055430236331,21,3,2,13,0
1720936531,55,Spearfish,10384944231338902784,18,5,4,2,2
1720936671,24,Pufferfish,10510538415613477293,28,7,2,7,6
1720936791,19,Trout,457421214336332795,17,1,2,2,0
1720936952,45,Clownfish,10007233022248885171,26,7,2,17,15
1720937079,2,Tilapia,11088992831505100859,22,2,4,17,0
1722478658,74,Mola Mola Fish,8187015538879518724,18,6,3,3,0
1722478778,62,Barracuda,11211714452067222403,20,1,3,7,0
1722478899,99,Jellyfish,18291535650706692159,19,5,4,8,0
1722479019,94,Lobster,17610449205279117011,24,4,4,5,0
1722479141,52,Bluegill,4648397320462322860,23,5,1,19,0
1722479261,13,Sardine,16387559870579199363,16,1,2,4,0
1722479381,64,Piranha,4239498837328821881,19,1,1,15,0
1722479611,52,Bluegill,4232148769283236345,26,4,1,16,0
1722479760,25,Catfish,18329461040549452631,18,2,1,9,0
1722479881,81,Starfish,11144748041839102432,22,6,4,19,11
1722480000,99,Jellyfish,9502134642214139808,22,2,1,19,0
1722480121,70,Angel Fish,17059079821955562059,22,4,2,10,0
1722480271,46,Eel,10949775535654595667,16,5,3,2,0
1722480400,32,Cod,3892840389168826014,18,5,1,9,0
1722480619,17,Spot Fish,10450675116279300630,19,3,1,1,0
1722481209,48,Electric Eel,2261671513270291447,22,7,4,9,6
1722481426,2,Tilapia,10849088044463397062,17,2,2,18,0
1722481627,61,Barracuda,5785541032991873762,19,4,1,4,0
1722481761,1,Tilapia,15735407608137471008,19,2,3,20,0
1722481988,4,Perch,963036411396214766,16,4,4,4,0
1722482108,48,Electric Eel,4844710829243887578,25,5,3,2,5
1722482230,62,Barracuda,14783600686017409488,15,4,2,20,0
1722482384,64,Piranha,5732860232860099897,14,1,3,13,0
1722482544,16,Trout,4570563546627708036,21,2,4,9,0
1722483032,104,Boot,4673046664717128264,14,1,4,5,0
1722483242,17,Spot Fish,5428172145323819271,21,1,1,12,0
1722483368,59,Salmon,13630634615802063056,13,3,1,16,0
1722483546,49,Damsel Fish,4119072210979717760,25,6,1,3,0
1722483731,104,Boot,16678415335007316937,20,4,3,2,0
1722483902,78,Turtle,45794402830303616,21,5,3,7,2
1722484025,3,Tilpia,16626378790349332861,25,4,4,10,2
1722484272,99,Jellyfish,5548545307309062045,17,4,3,13,0
1722486171,99,Jellyfish,3270658754382620764,16,1,1,12,0
1722486397,25,Catfish,814404535720773768,22,4,4,7,5
1722486534,23,Pufferfish,6635711161506094135,19,1,4,6,0
1722486820,29,Herring,1413066931811919958,26,6,2,8,5
1722486940,24,Pufferfish,1221324912125788037,20,7,2,6,0
1722487105,32,Cod,618694695998235277,18,6,4,6,3
1722487252,65,Piranha,7750041445146182092,16,2,2,14,0
1722487391,2,Tilapia,2365311654763040015,19,2,2,7,0
1722487798,61,Barracuda,8807356861672291360,19,4,3,16,1
1722487996,38,Snapper,9911036189084634193,23,6,2,3,1
1722488288,13,Sardine,3301879833138090241,22,6,4,3,0
1723264279,34,Triple Tail,1178746585439795109,21,2,1,1,0
1723264401,35,Triple Tail,11503667069216092767,28,7,3,7,8
1723264536,13,Sardine,4757993897119486045,21,2,1,14,0
1723264656,22,Pufferfish,17715510226374596252,21,3,4,16,0
1723264776,80,Starfish,1492874471905989658,14,5,4,5,0
1723265558,70,Angel Fish,11923800700569428794,26,2,3,1,1
1723265842,81,Starfish,13975193979048533816,13,5,3,7,4
1723266574,23,Pufferfish,18213398252203917466,24,1,1,11,0
1723266712,69,Grouper,11604081173500415024,25,3,3,8,0
1723267034,23,Pufferfish,13392426779800871675,18,1,4,5,0
1723267481,29,Herring,13370994043871831640,20,5,1,9,1
1723269135,1,Tilapia,10412709693657827162,20,3,2,2,0
1723269255,37,Snapper,11983049902617004616,16,2,3,6,0
1723269512,40,Anglerfish,7250295726908043135,17,6,2,13,0
1723269713,99,Jellyfish,1942866619196682079,26,3,3,17,0
1723270091,19,Trout,3645375388897509605,19,1,3,8,0
1723270328,16,Trout,2403709864851651327,23,4,4,14,6
1723270469,89,Seahorse,519354088610355677,16,5,4,3,0
1723270868,50,Damsel Fish,8157998516076179293,17,1,2,10,0
1723271277,15,Spotfish,8543088021844168514,18,7,4,4,0
1723271979,64,Piranha,125933920354741152,21,6,4,10,0
1723272852,34,Triple Tail,5660814513991312850,19,2,2,7,0
1723272976,26,Catfish,8292349836751918561,19,7,1,14,0
1723273288,100,Jellyfish,12350126828038087047,24,2,2,11,0
1723273607,65,Piranha,16559301605789397690,20,2,4,16,0
1723273749,4,Perch,15282131354891797831,17,2,3,1,0
1723273980,5,Perch,7330923888463733404,19,6,3,5,4
1723274214,99,Jellyfish,5131042580492193253,13,4,2,7,0
1723274576,1,Tilapia,8822823609361817290,21,6,2,5,4
1723274885,28,Anchovy,18210016711710726012,21,5,2,18,9
1723275089,31,Cod,1535154394791255239,17,4,4,6,0
1723275243,55,Spearfish,13162565131231699159,18,5,1,8,0
1723275368,89,Seahorse,9867656938915757237,16,2,3,18,0
1723275516,19,Trout,12669597628528380275,18,4,2,17,0
1723275718,61,Barracuda,9927184502046267629,21,1,1,8,0
1723275897,64,Piranha,9972420361658317653,19,2,4,3,0
1723276078,13,Sardine,8121773150953935490,23,6,4,9,0
1723276765,70,Angel Fish,6050170482063617264,23,6,3,13,3
1723276886,41,Anglerfish,14447615762234292114,26,7,4,6,19
1723277117,11,Sardine,14614870283122962769,19,5,2,8,0
1723277301,34,Triple Tail,594868499993264401,17,4,1,17,0
1723277422,46,Eel,5699648201127728221,13,2,1,14,0
1723277544,81,Starfish,2093287645797051140,16,4,4,8,0
1723277664,49,Damsel Fish,494143304586198734,15,3,4,9,0
1723277785,83,Crab,2614278516501748577,17,2,4,15,0
1723277905,31,Cod,10508036809902994871,16,3,3,13,0
1723278037,55,Spearfish,15650487302099126699,18,5,1,18,1
1723278157,1,Tilapia,2202076112651629073,20,5,3,19,1
1723278279,16,Trout,3308881531845656030,19,2,2,9,0
1723278399,8,Bass,15810863966811056357,24,2,2,17,0
1723278519,99,Jellyfish,16821703130127893782,21,1,2,11,0
1723278642,61,Barracuda,2001318734836244119,15,1,1,3,0
1723278815,38,Snapper,4073879174763636522,24,5,3,8,13
1723278937,37,Snapper,17779655385479325698,12,5,1,20,0
1723279059,34,Triple Tail,10725155619315243800,22,1,4,8,0
1723279181,83,Crab,7767475328037609892,17,5,2,18,0
1723279301,40,Anglerfish,4466260017260284416,20,6,1,15,0
1723279422,64,Piranha,14927904389602928311,20,2,1,1,0
1723279543,7,Bass,16309978734530114853,22,1,3,1,0
1723279666,34,Triple Tail,12892169268354330771,21,6,3,6,14
1723279798,13,Sardine,15906060804559626410,15,3,3,19,0
1723279944,65,Piranha,8031508282354831018,20,4,4,1,0
1723280065,23,Pufferfish,14890734296627474026,19,1,2,20,0
1723280193,67,Grouper,1892745909268701083,18,2,4,19,0
1723280405,30,Herring,166781685262461434,20,3,3,12,1
1723280538,25,Catfish,14524764733289934504,14,1,3,8,0
1723280662,43,Clownfish,16461681168754963643,18,4,1,11,0
1723280782,83,Crab,9896568070874320159,20,2,3,1,0
1723281017,99,Jellyfish,3527541750222667875,23,6,2,5,3
1723281197,17,Spot Fish,5994804079110098663,13,2,1,4,0
1723281319,13,Sardine,5739193169096258814,23,5,2,10,0
1723281439,61,Barracuda,6015886688545601254,22,5,3,2,0
1723281560,13,Sardine,11215510657461390059,19,2,3,5,0
1723281680,28,Anchovy,6483751916249388658,19,1,4,16,0
1723281828,23,Pufferfish,2478459108518760540,13,1,1,16,0
1723282111,62,Barracuda,8249516259913423865,18,2,1,9,0
1723282232,64,Piranha,15248109693313266890,17,6,2,4,0
1723282353,67,Grouper,8833116320574277949,23,2,4,11,0
1723282474,32,Cod,15985192179953836842,19,2,3,10,0
1723282596,104,Boot,4349607534683015223,19,3,4,6,0
1723282766,55,Spearfish,6040243728474883524,22,1,3,7,0
1723283090,29,Herring,9615386148372549899,16,6,3,11,0
1723283240,29,Herring,8656772003460569985,18,4,2,5,0
1723283373,31,Cod,13293519563595482597,15,2,3,16,0
1723283688,52,Bluegill,14431369566159285950,12,6,3,14,0
1723283816,31,Cod,16725110357851655992,25,4,1,20,0
1723283939,25,Catfish,13908340727626240958,20,3,3,8,0
1723284059,17,Spot Fish,11590875995334755754,14,4,4,7,0
1723284224,71,Angel Fish,2696800119053986629,14,4,1,3,0
1723284344,61,Barracuda,4659137109831022986,23,3,3,16,0
1723284511,25,Catfish,15920396592555954410,16,3,4,1,0
1723284750,89,Seahorse,1856431390382865911,15,6,1,18,0
1723284894,71,Angel Fish,9875248991493143350,22,4,2,5,0
1723285016,22,Pufferfish,14403907750977991913,18,1,2,18,0
1723285136,13,Sardine,1643235594421501043,13,4,1,8,0
1723285261,80,Starfish,10037715429673833341,23,2,1,12,0
1723285381,30,Herring,15117390557328392280,26,2,1,1,0
1723285609,17,Spot Fish,8296631077461212156,17,1,2,16,0
1723285741,37,Snapper,9074762951932838506,24,6,1,1,2
1723285861,46,Eel,18146546120448435188,23,2,4,1,0
1723285981,86,Shrimp,11976899041406979586,21,2,3,12,0
1723286144,99,Jellyfish,7462966254833734083,17,6,4,19,9
1723286718,38,Snapper,3855264494959344760,14,6,3,6,0
1723286838,103,{NULL}fish,1264696420482541145,100,0,0,0,0
1723287300,92,Lobster,13546485490725897769,14,5,4,6,1
1723287667,2,Tilapia,15959483833545676105,22,2,4,7,0
1723287840,58,Salmon,7523534980073537222,25,4,2,13,0
1723288489,70,Angel Fish,10120899814681106917,14,6,2,6,0
1723288616,80,Starfish,9896704120675203573,18,2,4,17,0
1723288841,16,Trout,15799097850885986154,23,2,3,8,0
1723289157,40,Anglerfish,1933830242383155154,16,5,4,4,0
1723289337,55,Spearfish,16621513033556476373,22,5,4,13,0
1723289463,34,Triple Tail,6072456979140812113,19,4,3,10,0
1723290006,99,Jellyfish,2828559326986180586,18,6,4,7,0
1723290535,56,Spearfish,7107289580876479159,31,6,1,19,1
1723291241,100,Jellyfish,16599552396172914844,24,6,2,16,13
1723294491,2,Tilapia,7657727990992365142,19,6,1,16,0
1724304048,10,Sardine,8628499857728658360,16,5,4,15,0
1724304173,77,Turtle,17943802909661512640,23,5,3,5,11
1724304295,99,Jellyfish,10523307368027218253,23,2,4,3,0
1724304416,52,Bluegill,17896111254488503891,21,1,4,16,0
1724304566,86,Shrimp,1143945393660264684,19,1,3,10,0
1724305069,17,Spot Fish,3899577164862797501,14,2,2,13,0
1724305203,49,Damsel Fish,11997076795353598906,21,2,3,4,0
1724305328,34,Triple Tail,8253938773877574309,17,5,1,15,8
1724305767,58,Salmon,11720448227526734501,22,3,1,16,0
1724305931,58,Salmon,15706841165645635173,18,3,3,12,0
1724306082,92,Lobster,11911628956479012546,16,2,3,3,0
1724306222,64,Piranha,17417925491750594463,22,4,3,15,6
1724306383,53,Bluegill,8877458460051358044,12,3,1,5,0
1724306507,3,Tilpia,2420923397286834537,14,1,4,14,0
1724306839,11,Sardine,14891917172626954384,16,1,1,4,0
1724307248,60,Green Salmon,16840731757572682472,20,2,1,12,0
1724307371,28,Anchovy,2747786276879363653,17,1,4,11,0
1724307495,50,Damsel Fish,17505029318813913444,18,1,4,7,0
1724307623,19,Trout,13059217086806637858,23,4,4,19,3
1724307751,99,Jellyfish,12655193915336500398,15,4,2,6,0
1724307916,4,Perch,6733607253104323286,16,3,1,18,0
1724308598,13,Sardine,15311325214549682713,15,2,1,3,0
1724308758,86,Shrimp,13307411555233554472,14,1,1,7,0
