1720420143,34,Triple Tail,12800070969173994401,23,6,1,2
1720420143,77,Turtle,15191943739385553859,22,3,1,11
1720420143,32,Cod,16570676107953628133,18,5,3,3
1720420143,44,Clownfish,12209823384411970177,23,5,3,9
1720420143,10,Sardine,7096122846164457039,14,3,2,13
1720420143,10,Sardine,397439344873391340,23,6,4,11
1720420143,50,Damsel Fish,12312421697585410581,25,4,1,20
1720420143,17,Spot Fish,6651807636599219010,24,5,1,8
1720420143,16,Trout,2705965774749816205,19,5,1,16
1720420143,81,Starfish,9887391944173501382,20,5,4,1
1720420143,5,Perch,4282745919192834799,24,6,2,1
