1720420143,28,Anchovy,12525667231266865098,13,6,3,4
1720420143,100,Jellyfish,3935220407744185859,21,2,2,2
1720420143,77,Turtle,4701951790647628905,20,5,3,1
1720420143,1,Tilapia,9853371519974828782,19,4,3,4
1720420143,4,Perch,18392453835534543286,16,4,3,16
1720420143,10,Sardine,314879177641071786,15,5,2,15
1720420143,1,Tilapia,14222387182068521640,16,3,1,17
1720420143,32,Cod,7163057274695343988,21,1,4,8
1720420143,16,Trout,16384437032888245838,18,2,4,19
1720420143,77,Turtle,11343652359977275349,14,3,4,1
1720420143,74,Mola Mola Fish,1225328724305915135,24,1,1,5
1720420143,34,Triple Tail,12812577311757458665,18,6,4,12
1720420143,104,Boot,12093493920661900719,17,6,1,18
1720420143,21,Trout,17073765430856779835,27,3,1,5,0
1720420143,46,Eel,6475739384418370273,19,5,1,2,0
1723837428,34,Triple Tail,10992458959485170231,20,6,3,12,0
1723837564,94,Lobster,15945186751051205655,22,4,2,13,0
1723837841,19,Trout,3917448903432070132,18,3,1,7,0
1723840150,13,Sardine,509496245158042806,19,2,3,11,0
1731027120,3,Tilpia,10531361200765610574,16,5,1,18,0
1731027266,109,Cutthroat Trout,16103517196517709265,30,5,4,8,5
