7,Bass,13075218846330351789,14,5,4,1
28,Anchovy,14081689562117932068,25,1,2,2
43,Clownfish,13807453243167852532,19,2,2,16
7,Bass,10037007887837350843,20,5,2,13
44,Clownfish,7868563987715405431,19,1,2,11
11,Sardine,3894001708236541105,15,6,2,12
28,Anchovy,13140650304977528601,20,1,1,6
37,Snapper,12251256516250827447,17,1,2,16
5026,GamerPieJess fish,17581697248885999079,27,6,2,9
53,Bluegill,4028835082766596226,17,2,3,2
1,Tilapia,8053846854668125871,20,4,2,12
82,Starfish,17720303978068068670,21,3,4,15
72,Angelfish,16559255091406561709,27,6,2,16
50,Damsel Fish,6149121468595257108,19,6,4,11
15,Spotfish,16616909673674638394,32,5,1,7
52,Bluegill,17424113278268482756,15,1,1,8,0
7,Bass,5699754446800950549,20,1,4,14,0
71,Angel Fish,10423891554263532226,17,2,3,12,0
52,Bluegill,1521161657074786477,20,3,2,6,0
34,Triple Tail,9140366540579562242,19,1,3,1,0
11,Sardine,3343128090880395089,19,4,1,8,0
28,Anchovy,17253416193983292220,15,5,1,20,0
33,Cod,12609107655120479803,20,3,2,18,0
44,Clownfish,11059888904509505604,19,1,4,8,0
64,Piranha,17554943205841530263,19,2,4,12,0
67,Grouper,1317901898219732053,16,4,1,12,0
2,Tilapia,14947994378857030322,19,5,4,5,0
11,Sardine,3754889088048069059,15,6,4,7,0
59,Salmon,3244208613315287315,16,6,4,14,2
13,Sardine,2770193739554505433,14,2,1,4,0
23,Pufferfish,5669866581815417502,21,5,4,9,0
49,Damsel Fish,3781948039940973565,18,4,1,5,0
5,Perch,13999701409570161196,21,6,3,14,0
28,Anchovy,8789960536429631067,26,3,2,6,0
89,Seahorse,9503219487911020433,18,5,3,12,0
34,Triple Tail,18041432211127140266,21,2,1,6,0
13,Sardine,923099820878737322,16,1,2,5,0
77,Turtle,6851095482604603532,19,1,2,10,0
92,Lobster,1689403581952572017,18,6,4,16,0
58,Salmon,4568744283372506977,20,1,2,19,0
28,Anchovy,3316680995350591754,20,4,2,17,0
10,Sardine,4636010646663333768,21,3,4,10
28,Anchovy,13550569796604958296,22,5,1,13
40,Anglerfish,1903735194869536571,18,3,1,14
68,Grouper,12032576485260758302,28,5,4,21
38,Snapper,6283930626925633214,18,2,2,3
46,Eel,12187484875633594016,19,2,3,1
11,Sardine,17631099221427338562,19,6,3,15
15,Spotfish,11407816748020293531,20,3,1,6
4,Perch,2489379739874247122,15,3,3,5
19,Trout,5906683835528441409,14,5,4,4
62,Barracuda,7982112782812913500,24,3,2,6
28,Anchovy,7468529082186663899,22,3,2,13
1,Tilapia,8092540911903777159,12,2,3,11
23,Pufferfish,10687790682287069764,20,4,1,8
5,Perch,13209475930737156357,25,3,3,18
28,Anchovy,16800468624993913372,20,3,3,19
11,Sardine,5559553480320241644,17,3,1,13
37,Snapper,3574350236513366049,21,5,4,2
15,Spotfish,5159234494257658816,26,6,2,13
7,Bass,12142980266662337619,22,2,4,4
40,Anglerfish,18058728766324442766,19,5,1,6
44,Clownfish,15636456073608895164,20,4,2,18
5059,Great white shark,2524854761759956991,28,2,3,8
3,Tilpia,18261809654526174524,24,1,1,20
29,Herring,5517911468216918044,20,6,3,8
82,Starfish,6200888462541491242,26,4,2,17
4,Perch,4298986641499468379,24,5,2,9
38,Snapper,15528484556974353532,16,1,4,15
23,Pufferfish,6119557364768094394,15,6,2,1
81,Starfish,11867881315371449239,18,1,4,12
69,Grouper,9542913537613028617,19,5,4,3
48,Electric Eel,2029566053684621210,24,2,1,4
23,Pufferfish,16651583578905561998,20,3,2,13
19,Trout,3301864975378783293,19,1,2,4
59,Salmon,2550528151977175490,24,1,3,18
43,Clownfish,2047185282414307321,17,1,2,1
30,Herring,2881054842609547072,12,2,1,4
10,Sardine,6834252953403270913,21,3,4,7
4,Perch,16667924753659375131,18,5,4,14
77,Turtle,32731587181999169,15,4,3,9
11,Sardine,17720209766183552366,19,3,2,17
5,Perch,11642909645824198576,21,6,4,4
47,Eel,11212716413080436453,18,3,3,13
89,Seahorse,10659781973033652977,21,3,3,16
63,Barracuda,2597913789079247362,26,4,4,16
53,Bluegill,134473769820899753,24,6,1,4
97,Golden Takoyaki,18101065277116468964,30,7,6,6
40,Anglerfish,628239315804361024,18,2,2,20
53,Bluegill,16306431247225088645,19,5,4,9
100,Jellyfish,13242440831162975555,17,2,4,5
40,Anglerfish,14653761304957286126,20,3,4,14
14,Sardine,1537261252575082157,19,6,4,5
89,Seahorse,12453475988415182924,26,1,1,1
89,Seahorse,4231432572947013724,18,1,3,1
50,Damsel Fish,3655080779079252419,17,1,4,10
51,Damsel Fish,9147172370151065588,26,4,2,3
49,Damsel Fish,10216169363488005358,20,4,2,3,0
32,Cod,11981569845132618780,24,3,2,17,0
49,Damsel Fish,10788918707521785746,24,3,3,3,0
44,Clownfish,710808445750817137,19,6,2,2,0
53,Bluegill,13791881748819552083,19,4,1,20,0
79,Turtle,10913671402262393789,28,9,6,18,2
59,Salmon,8645122948995689911,13,2,2,18,0
42,Anglerfish,9917811929247827300,29,5,1,18,5
96,Octopus,8924406019078585001,15,8,3,5,2
7,Bass,5123309561481876454,12,4,1,1,0
72,Angelfish,6067468822837944899,24,4,3,9,0
26,Catfish,8664937850140762305,23,4,2,17,0
79,Turtle,10406062983328022619,30,5,3,7,4
50,Damsel Fish,17433778963722315120,24,2,4,1,0
47,Eel,6606026535741324568,20,6,2,16,0
5,Perch,4737110675415412526,17,1,1,5,0
38,Snapper,2234272793370437187,16,5,1,9,0
15,Spotfish,10893081187136656401,21,3,2,21,0
53,Bluegill,9667585000972638648,19,6,3,16,0
69,Grouper,9511797199486316079,17,1,3,9,0
22,Pufferfish,13827983155434951796,18,6,3,13,6
51,Damsel Fish,133078331166818335,24,5,4,10,1
101,Red Handfish,10385596364709090282,31,11,6,23,29
81,Starfish,82288673187160517,22,2,4,10,0
35,Triple Tail,9238693842874348041,25,3,3,3,0
43,Clownfish,992541853055877466,18,6,3,10,2
92,Lobster,5372928175873837260,17,4,1,15,0
3,Tilpia,1896019128959419765,21,1,3,6,0
