1720420143,3,Tilpia,14764337165112161146,18,3,4,19
1720420143,4,Perch,10225983809464639191,14,5,2,14
1720420143,34,Triple Tail,9692474676090741952,12,2,3,11
1720420143,37,Snapper,14637703794376556614,18,6,1,20
1720420143,4,Perch,16335132743760308557,23,6,2,12
1720420143,53,Bluegill,5164510599906986849,16,2,4,10
1720420143,45,Clownfish,17152687223425067897,24,3,1,15
1720420143,32,Cod,6135231654682009091,19,3,1,14
1720420143,13,Sardine,16610842252805392967,18,1,3,15
1720420143,53,Bluegill,17215144093172607521,20,4,4,14
