1722766157,34,Triple Tail,12454893347309040193,24,3,4,1,0
1722766440,30,Herring,16309022659598384035,21,4,4,10,0
1722766717,59,Salmon,1843650427235247093,21,5,4,8,0
1722766838,40,Anglerfish,11095700441614639093,19,1,1,20,0
1722767018,66,Piranha,10511527976345343726,24,7,1,7,11
1722767297,5,Perch,8579021594400729068,17,6,2,5,0
1722767418,81,Starfish,11574341027051054103,17,5,4,11,0
1722767546,38,Snapper,17531559793613550033,16,1,1,5,0
1722767687,99,Jellyfish,13276342429960179091,22,4,1,1,1
1722767820,13,Sardine,4282338342248516234,17,2,4,17,1
1722773486,53,Bluegill,14683054441085499157,15,3,1,10,0
