1720420143,81,Starfish,16689047308610589498,14,2,2,1
1720420143,39,Snapperfish,14425838970609885553,19,7,1,20
1720420143,77,Turtle,17530790406046329547,13,6,1,10
1720420143,22,Pufferfish,7814817008658040386,19,1,4,14
1720420143,28,Anchovy,7182568179238037434,16,2,3,4
1720420143,7,Bass,4821470765077759151,21,6,2,18
1720420143,14,Sardine,13440670701883284701,23,6,3,16
1720420143,75,Mola Mola Fish,5641413330533056039,33,3,4,9
1720420143,68,Grouper,5998995656649010296,30,5,2,8
1720420143,5,Perch,5128924035973921225,20,2,4,18
1720420143,38,Snapper,8617098772139445401,22,3,4,10
1720420143,43,Clownfish,8177879134634069288,16,4,3,15
1720420143,69,Grouper,12138826997312592038,19,6,3,10
1720420143,21,Trout,3671948512271720347,23,5,2,7
1720420143,10,Sardine,9179992792255502934,13,1,4,4
1720420143,55,Spearfish,300701700855527311,19,5,1,3
1720420143,77,Turtle,14973385883945451003,18,6,2,16
1720420143,89,Seahorse,13146426447099405586,17,3,2,17
1720420143,17,Spot Fish,15090504370713227192,23,3,3,16
1720420143,77,Turtle,10070322202198845227,16,5,1,15
1720420143,65,Piranha,1045756902300640443,19,4,1,6
1720420143,89,Seahorse,9353992443435515956,23,4,3,8
1720420143,38,Snapper,10389948858036019212,25,3,2,18
1720420143,104,Boot,15702996414414527128,22,5,1,12
1720420143,22,Pufferfish,7931363538951742231,18,2,4,1
1720420143,35,Triple Tail,9182698723208507706,21,4,1,9
1720420143,17,Spot Fish,8709422256532408766,18,1,1,14
1720420143,95,Octopus,6551306193313418761,26,5,3,5
1720420143,13,Sardine,9140754107140173427,22,4,2,1
1720420143,41,Anglerfish,11472970331501830771,27,6,4,19
1720420143,87,Shrimp,11036187657504199592,25,5,2,3
1720420143,87,Shrimp,12455234535176328823,26,3,2,13
1720420143,17,Spot Fish,2557974537006071259,20,5,4,8
1720420143,46,Eel,14827328826968733008,16,5,1,17
1720420143,43,Clownfish,7230207574850444427,24,2,3,3
1720420143,17,Spot Fish,1449931685376107974,20,1,2,2
1720420143,81,Starfish,13572040800644015037,25,3,2,17
1720420143,60,Green Salmon,11537641424047092661,23,5,3,9
1720420143,3,Tilpia,16223874195211017216,16,5,3,16
1720420143,81,Starfish,1417733237534083789,13,5,3,10
1720420143,28,Anchovy,14381895256869976783,22,6,1,15
1720420143,38,Snapper,11177263820310641742,18,3,1,15
1720420143,7,Bass,12458287983728818205,24,6,4,8
1720420143,77,Turtle,2113749367570833082,20,4,3,7
1720420143,30,Herring,16697904599150052557,19,6,2,13
1720420143,75,Mola Mola Fish,2877745873545727437,29,6,2,9
1720420143,48,Electric Eel,16296181282800274027,35,3,4,16
1720420143,65,Piranha,9329173152531810913,25,2,2,1
1720420143,4,Perch,9190098074687308122,18,6,4,10
1720420143,65,Piranha,3776764464895242861,22,3,2,4
1720420143,14,Sardine,7366486388096172181,25,4,2,12
1720420143,47,Eel,6357839190577188780,22,2,4,8
1720420143,32,Cod,5586996106687756601,20,4,3,7
1720420143,23,Pufferfish,7655203661778395335,18,1,1,1
1720420143,11,Sardine,9439361093981720450,19,5,2,8
1720420143,16,Trout,6531701976012534776,19,5,1,14
1720420143,4,Perch,14564214023827761347,14,3,1,6
1720420143,1,Tilapia,8106559797502443767,17,1,3,13
1720420143,1,Tilapia,8318474841677205117,21,3,4,2
1720420143,34,Triple Tail,17327655489536729537,21,6,4,19
1720420143,13,Sardine,9488152023935445182,20,3,4,17
1720420143,53,Bluegill,10965433766351154490,17,2,2,18
1720420143,3,Tilpia,15975092987914742027,24,4,4,15
1720420143,13,Sardine,3468286704856890602,18,3,3,16
1720420143,28,Anchovy,16009560731046570383,23,1,2,13
1720420143,16,Trout,6206595127868676754,24,6,1,8
1720420143,59,Salmon,8508980904565404779,21,5,4,14
1720420143,31,Cod,6061810950281558836,22,5,1,2
1720420143,16,Trout,14191131669649665980,19,3,3,13
1720420143,16,Trout,1572293191173153082,17,6,1,18
1720420143,25,Catfish,16982902215224510931,23,1,4,13
1720420143,13,Sardine,10387992683387559744,17,1,1,1
1720420143,11,Sardine,10978389352102219594,20,3,3,14
1720420143,23,Pufferfish,16881598019015406557,13,3,1,10
1720420143,13,Sardine,12494167510092863917,19,2,4,10
1720420143,71,Angel Fish,6932997196020717911,20,2,3,2
1720420143,60,Green Salmon,8116367791559918698,22,5,1,14
1720420143,15,Spotfish,11574714797744470597,19,5,2,8
1720420143,11,Sardine,10870845005534560739,17,4,1,1
1720420143,46,Eel,5473090839550912479,14,5,3,13
1720420143,4,Perch,14281743802105355021,14,2,4,15
1720420143,32,Cod,1408031113355730827,20,3,1,9
1720420143,29,Herring,4334447187644628309,23,3,2,14
1720420143,53,Bluegill,11557428648826111061,18,3,1,1
1720420143,40,Anglerfish,7504662501211115311,23,4,2,14
1720420143,28,Anchovy,5294492303525407299,17,1,3,16
1720420143,1,Tilapia,6525920399904858600,17,6,1,17
1720420143,11,Sardine,11597429426823177310,24,5,2,18
1720420143,4,Perch,1528876054546092789,12,3,1,15
1720420143,7,Bass,4632378628333136355,18,3,4,14
1720420143,77,Turtle,7017023205969585986,24,3,1,13
1720420143,100,Jellyfish,2946364540985775066,26,4,2,14
1720420143,1,Tilapia,16336487573665572048,24,6,2,1
1720420143,16,Trout,9632537209477974909,19,2,2,18
1720420143,32,Cod,17073671401461116454,23,1,2,19
1720420143,4,Perch,698224093932717221,21,1,2,5
1720420143,4,Perch,5816041572652177024,17,1,2,20
1720420143,13,Sardine,10470049191693165078,12,4,4,14
1720420143,1,Tilapia,7283963949680056117,22,3,3,13
1720420143,46,Eel,13012960760277889190,19,4,2,18
1720420143,32,Cod,15022100406353102870,21,6,1,12
1720420143,4,Perch,6089681342066508986,17,5,4,2
1720420143,5,Perch,13310479603432429207,22,1,3,18
1720420143,28,Anchovy,4446956046844983023,22,2,1,11
1720420143,60,Green Salmon,12045958771365679354,34,7,1,9
1720420143,28,Anchovy,6000543068488139566,14,6,4,11
1720420143,23,Pufferfish,17594819357794104627,21,4,3,7
1720420143,23,Pufferfish,3647072491521833586,19,5,3,4
1720420143,32,Cod,6713309991931768703,24,1,3,6
1720420143,16,Trout,15810592072603953472,19,5,3,3
1720420143,53,Bluegill,9762261580274425003,23,3,3,10
1720420143,11,Sardine,8782668789275489393,22,1,4,7
1720420143,28,Anchovy,15272938037556146500,20,3,4,8
1720420143,10,Sardine,895147875352065202,22,4,1,17
1720420143,32,Cod,4587824447742575631,20,3,4,14
1720420143,34,Triple Tail,13155341163334585612,17,4,3,10
1720420143,31,Cod,6452731418941612265,23,5,4,18
1720420143,28,Anchovy,14546037055866616665,21,1,1,16
1720420143,16,Trout,3701739487338549986,18,6,3,14
1720420143,7,Bass,10597971063278465516,14,5,2,6
1720420143,28,Anchovy,1325481112249203997,16,4,1,11
1720420143,13,Sardine,9250328697464192065,16,4,3,12
1720420143,34,Triple Tail,8265622272362878,19,3,3,7
1720420143,32,Cod,5150340010171254362,22,3,4,18
1720420143,75,Mola Mola Fish,13439572690595313948,21,4,4,17
1720420143,3,Tilpia,7441124385287845350,26,5,2,13
1720420143,9,Bass,8383989950715109784,24,6,1,15
1720420143,44,Clownfish,18345282222146716128,15,2,2,18
1720420143,59,Salmon,2955424473764537412,19,3,2,6
1720420143,107,Blahaj,15783419561399181030,28,9,6,13
1720420143,90,Seahorse,1019815568008278895,16,7,3,17
1720420143,29,Herring,3066114616006321732,17,2,1,13
1720420143,63,Barracuda,12752425229274708020,17,7,1,18
1720420143,50,Damsel Fish,14812514762166052264,23,2,1,10
1720420143,59,Salmon,13415935203635007518,16,4,4,4
1720420143,81,Starfish,10892730230480133982,22,3,3,10
1720420143,1,Tilapia,18112897768425661407,14,2,4,3
1720420143,53,Bluegill,11640810989841778139,17,2,4,5
1720420143,79,Turtle,6151822736291466144,25,3,1,12
1720420143,46,Eel,12026839625440329427,24,1,3,5
1720420143,19,Trout,3191665423129726262,15,5,3,10
1720420143,95,Octopus,11811860534268766503,25,6,2,8
1720420143,89,Seahorse,10634015795240105564,17,1,2,8
1720420143,44,Clownfish,12473146860033523608,18,3,1,3
1720420143,17,Spot Fish,15613383241340972344,20,5,2,11
1720420143,32,Cod,633983173049657667,18,4,2,11
1720420143,14,Sardine,15652773597210614268,21,5,2,12
1720420143,69,Grouper,14307045188976547218,26,4,2,18
1720420143,93,Blue Lobster,7975745038379461088,29,6,4,3
1720420143,30,Herring,13656330289688909209,18,3,1,15
1720420143,76,Mola Mola Fish,9548402280329529724,19,4,6,18
1720420143,51,Damsel Fish,12126501836106166525,23,6,4,2
1720420143,82,Starfish,15610733048926915669,26,4,2,20
1720420143,59,Salmon,2722347516921592898,22,6,3,18
1720420143,63,Barracuda,9514692003141209517,28,4,2,20
1720420143,16,Trout,407446404752339569,20,3,3,2
1720420143,89,Seahorse,15116034290235596498,15,2,4,11
1720420143,16,Trout,17843714682951359998,16,1,2,19
1720420143,47,Eel,13151653231639867256,16,3,1,7
1720420143,89,Seahorse,11193108310138196085,19,2,4,12
1720420143,76,Mola Mola Fish,4813263198310543736,28,10,3,11
1720420143,29,Herring,18392955126395605517,21,6,1,12
1720420143,94,Lobster,7386483200847302263,24,5,2,12
1720420143,65,Piranha,1657026344323680206,19,5,2,16
1720420143,29,Herring,10467780825207506950,22,5,3,9
1720420143,79,Turtle,6667998944031617924,22,10,4,16
1720420143,46,Eel,1762123932331653130,23,5,1,11
1720420143,50,Damsel Fish,4455246162209418737,17,6,1,19
1720420143,45,Clownfish,3695506578386883739,16,2,2,4
1720420143,84,Crab,11561775586781880529,19,6,2,10
1720420143,23,Pufferfish,15988464161280574171,17,4,1,11
1720420143,40,Anglerfish,8906622593169498294,14,1,2,7
1720420143,89,Seahorse,3748410965447581019,20,1,2,4
1720420143,77,Turtle,10912211880748203665,22,1,3,18
1720420143,62,Barracuda,12313751995536190366,21,5,2,14
1720420143,69,Grouper,5243473216576525412,19,6,2,15
1720420143,34,Triple Tail,3758110459557108173,24,1,4,11
1720420143,56,Spearfish,5323348070506161312,21,3,1,11
1720420143,41,Anglerfish,7364737917228305372,25,2,2,15
1720420143,76,Mola Mola Fish,15645854796194031274,27,3,6,19
1720420143,65,Piranha,12613028986024531216,14,6,2,13
1720420143,95,Octopus,15128263666187903648,24,7,3,18
1720420143,32,Cod,18176362890826600115,24,6,2,11
1720420143,69,Grouper,10777079790781062015,15,2,3,9
1720420143,25,Catfish,2352533505789203562,19,2,3,8
1720420143,31,Cod,9956533730950634229,19,4,4,16
1720420143,78,Turtle,13826550377769645673,28,4,3,20
1720420143,28,Anchovy,15748794596509724671,18,1,4,12
1720420143,4,Perch,2517617301998877416,18,1,2,13
1720420143,3,Tilpia,1864931124093389135,21,2,4,7
1720420143,28,Anchovy,2002671905584392249,18,5,3,7
1720420143,56,Spearfish,13702097346740600097,29,4,3,16
1720420143,25,Catfish,2661404869366580993,19,6,2,1
1720420143,27,Catfish,17879814082256194395,27,2,2,15
1720420143,55,Spearfish,14711563847579442880,13,2,2,6
1720420143,74,Mola Mola Fish,15710862593362123105,23,5,2,1
1720420143,68,Grouper,9772747477617459890,29,7,4,13
1720420143,104,Boot,2585197043203300629,18,4,3,10
1720420143,30,Herring,8587157460288269979,14,6,1,8
1720420143,43,Clownfish,9381795145320577681,16,4,2,17
1720420143,59,Salmon,3021499940126502937,15,3,1,10
1720420143,62,Barracuda,7524282129462839667,24,5,4,9
1720420143,43,Clownfish,14271916681796560685,20,5,2,4
1720420143,30,Herring,13994384429913232244,23,2,3,7
1720420143,94,Lobster,18080395770818416462,26,3,4,15
1720420143,23,Pufferfish,14530019899337619682,25,1,3,7
1720420143,104,Boot,4471862063920526200,19,6,1,20
1720420143,89,Seahorse,13718639453639283944,15,4,2,4
1720420143,24,Pufferfish,1590527943187890714,14,7,4,16
1720420143,69,Grouper,1124657259620509578,15,6,2,17
1720420143,94,Lobster,4520996991699059450,23,6,4,12
1720420143,17,Spot Fish,15679903116992758483,18,5,3,19
1720420143,53,Bluegill,7292634389022782040,16,1,2,17
1720420143,32,Cod,6964128669797783183,17,5,4,3
1720420143,43,Clownfish,12970486458514433364,15,1,3,1
1720420143,39,Snapperfish,5963669821260524073,15,5,4,5
1720420143,82,Starfish,11792544300453751535,27,4,1,7
1720420143,74,Mola Mola Fish,7412537062716577866,18,1,2,6
1720420143,93,Blue Lobster,13191949582807976658,22,5,2,18
1720420143,40,Anglerfish,10410448313538195404,18,1,2,4
1720420143,62,Barracuda,18019495790111833299,23,2,2,19
1720420143,7,Bass,436294029691729659,22,2,2,2
1720420143,37,Snapper,2492229769278004432,22,4,2,11
1720420143,4,Perch,1404180977251364214,15,2,2,2
1720420143,1,Tilapia,7907579608050086112,22,4,3,1
1720420143,39,Snapperfish,17201940230135843613,16,7,2,4
1720420143,32,Cod,3747372666971394334,17,1,1,12
1720420143,89,Seahorse,564843688407956050,17,3,4,14
1720420143,74,Mola Mola Fish,18011214521249029458,21,3,3,5
1720420143,47,Eel,2575428759411566559,19,5,3,17
1720420143,5,Perch,17103756129539583687,23,5,1,12
1720420143,71,Angel Fish,12401302624340619394,19,4,4,16
1720420143,50,Damsel Fish,3466395535186133040,20,1,2,8
1720420143,62,Barracuda,16931047740958330584,18,2,3,20
1720420143,1,Tilapia,2732108807526046544,16,4,2,16
1720420143,55,Spearfish,1120718045157251800,20,5,2,11
1720420143,69,Grouper,1183781870453972449,18,3,1,15
1720420143,104,Boot,2321450095121483536,16,5,3,4
1720420143,77,Turtle,3589101727709537863,23,3,2,16
1720420143,31,Cod,13747642400387828545,22,1,1,18
1720420143,81,Starfish,7545162852881737379,19,6,2,10
1720420143,74,Mola Mola Fish,9845589801974181106,24,4,4,15
1720420143,16,Trout,14622489358062624089,19,1,4,12
1720420143,11,Sardine,4994220867182334434,20,1,4,12
1720420143,71,Angel Fish,13280837404594910639,19,4,2,9
1720420143,38,Snapper,16665056144109464896,22,6,3,4
1720420143,34,Triple Tail,7106131302143261788,17,4,1,15
1720420143,28,Anchovy,18228435972655935008,20,4,4,2
1720420143,59,Salmon,11156529683919885133,22,4,2,7
1720420143,104,Boot,13776895128527155312,24,5,3,8
1720420143,105,GamerPieJess fish,8635794335250988425,25,3,4,12
1720420143,59,Salmon,11308304054440117196,19,2,3,3
1720420143,46,Eel,7449112499275478817,19,3,2,4
1720420143,53,Bluegill,4949222402185344799,18,4,1,12
1720420143,77,Turtle,16691080772397676240,13,3,3,13
1720420143,11,Sardine,1569269929640081747,16,3,3,10
1720420143,40,Anglerfish,16577279503309844022,19,5,3,16
1720420143,23,Pufferfish,8024706696053790635,23,1,1,15
1720420143,11,Sardine,1799411899201022154,20,4,4,15
1720420143,5,Perch,10105575667806145125,17,1,1,5
1720420143,47,Eel,2290068241192821026,21,3,3,2
1720420143,5067,Pop-eyed goldfish,13854815304254300305,21,3,1,21
1720420143,50,Damsel Fish,16297788647623988726,14,6,3,14
1720420143,22,Pufferfish,6603503951507096287,16,2,2,9
1720420143,59,Salmon,11118310873428431913,21,3,1,11
1720420143,32,Cod,12792699314571605177,22,6,3,4
1720420143,22,Pufferfish,11358520253310400965,21,5,3,2
1720420143,16,Trout,3643604871785633662,18,2,4,18
1720420143,7,Bass,2709052323768185448,19,5,3,10
1720420143,11,Sardine,13975255166044684797,22,2,2,20
1720420143,16,Trout,12005396048674079193,18,2,4,11
1720420143,40,Anglerfish,3266846966941657892,18,6,4,18
1720420143,77,Turtle,11255548899350305437,12,4,3,3
1720420143,47,Eel,14302864559468182937,15,3,1,2
1720420143,14,Sardine,16568829553552959368,24,3,3,19
1720420143,5067,Pop-eyed goldfish,9621397009978170012,18,7,3,20
1720420143,78,Turtle,254809945166319386,22,4,3,16
1720420143,77,Turtle,4117583711455707906,20,3,1,9
1720420143,1,Tilapia,14299891102005927895,24,3,2,15
1720420143,59,Salmon,16482238698378027249,21,2,3,12
1720420143,53,Bluegill,16599684684764840887,16,2,4,2
1720420143,71,Angel Fish,13757633713818622503,16,3,1,5
1720420143,37,Snapper,8967580920165503710,20,6,4,4
1720420143,34,Triple Tail,6708455839480959968,13,2,1,3
1720420143,28,Anchovy,7642728417087157977,23,1,4,2
1720420143,28,Anchovy,7615570781582315558,22,5,1,3
1720420143,23,Pufferfish,12741756864111231804,22,6,2,19
1720420143,32,Cod,6166470708349601209,23,1,1,1
1720420143,37,Snapper,15266988861624163301,18,4,4,12
1720420143,40,Anglerfish,4766427159078219969,21,2,4,18
1720420143,16,Trout,10718188830895987230,19,2,3,8
1720420143,38,Snapper,12421247243978073393,15,5,3,19
1720420143,81,Starfish,6108377862031227133,15,1,1,5
1720420143,77,Turtle,3427733238638084778,16,2,1,7
1720420143,65,Piranha,11210395235534693799,26,6,3,2
1720420143,28,Anchovy,2168755763274260203,20,2,3,7
1720420143,22,Pufferfish,635857027950168628,20,3,2,18
1720420143,7,Bass,10703376508203169373,21,5,4,13
1720420143,53,Bluegill,4432075401949151992,22,2,2,2
1720420143,43,Clownfish,5323748563338268549,19,2,2,10
1720420143,38,Snapper,9827891063426553742,19,6,1,18
1720420143,22,Pufferfish,18206892367063590813,14,1,1,15
1720420143,43,Clownfish,12002058114442839672,21,5,4,14
1720420143,7,Bass,2863349528238410599,21,1,4,1
1720420143,65,Piranha,338434251907043101,18,4,3,10
1720420143,5027,Cutthroat Trout,10789803758096302726,22,5,4,19
1720420143,13,Sardine,16100186329902061322,17,4,2,20
1720420143,34,Triple Tail,2301218033675664767,26,6,1,17
1720420143,7,Bass,9555210716791643382,17,3,2,18
1720420143,7,Bass,8688476074457542284,16,3,3,1
1720420143,37,Snapper,13673594443683713869,19,2,3,17
1720420143,30,Herring,13926815865950537719,18,6,3,2
1720420143,4,Perch,722438769502322865,19,5,1,17
1720420143,46,Eel,4826484346464011425,20,4,2,6
1720420143,53,Bluegill,8723358934794691418,16,6,2,18
1720420143,55,Spearfish,10881399079261810230,15,5,4,15
1720420143,81,Starfish,7426512781360057118,14,5,1,13
1720420143,37,Snapper,604823249656719814,16,5,1,9
1720420143,16,Trout,10044614767809213798,21,6,1,9
1720420143,16,Trout,13116683705847141209,24,2,4,6
1720420143,51,Damsel Fish,2707080911767340233,29,5,1,20
1720420143,74,Mola Mola Fish,16654120088100305863,16,2,1,6
1720420143,53,Bluegill,8887525470577456483,19,4,3,18
1720420143,28,Anchovy,12986511256559218799,20,2,1,13
1720420143,11,Sardine,7463192372681444000,14,3,3,12
1720420143,59,Salmon,7173276890059593353,19,3,4,10
1720420143,62,Barracuda,11285120626374625884,19,2,4,17
1720420143,29,Herring,4523886067739570292,12,6,1,20
1720420143,14,Sardine,271617444666204580,21,5,4,3
1720420143,81,Starfish,12986704192533316190,18,3,3,13
1720420143,104,Boot,16781444689992434304,18,1,4,15
1720420143,11,Sardine,7123423648500004056,22,6,3,10
1720420143,11,Sardine,2132839401395700816,17,4,4,16
1720420143,23,Pufferfish,16299256785510592218,18,2,4,14
1720420143,13,Sardine,1838799528905889272,21,5,4,4
1720420143,28,Anchovy,9166250405836561428,17,6,4,18
1720420143,59,Salmon,514365480806232283,21,4,4,17
1720420143,29,Herring,16373267512117981478,16,4,1,19
1720420143,69,Grouper,7321754237627641787,22,4,1,7
1720420143,1,Tilapia,15908527786846697845,21,3,3,11
1720420143,22,Pufferfish,1816012303284435590,21,2,2,4
1720420143,4,Perch,1236915208589617407,22,5,3,2
1720420143,5,Perch,6377091411002119535,20,6,1,12
1720420143,72,Angelfish,3127772423843593229,22,7,3,16
1720420143,62,Barracuda,15043233675160262687,19,5,4,5
1720420143,7,Bass,9993740704998274038,21,4,3,13
1720420143,68,Grouper,9849762859430724803,30,2,2,19
1720420143,43,Clownfish,14965338428527723282,18,1,2,12
1720420143,1,Tilapia,14191529201547643492,16,5,4,18
1720420143,13,Sardine,11521806901883354428,17,5,1,3
1720420143,28,Anchovy,16721183264071101672,23,5,4,10
1720420143,1,Tilapia,9901806750506075084,17,5,4,9
1720420143,65,Piranha,14585282683551332884,24,6,4,8
1720420143,74,Mola Mola Fish,4538591926225482739,18,5,2,7
1720420143,77,Turtle,3628776078900956848,20,6,3,8
1720420143,16,Trout,7537522893386039865,20,3,3,2
1720420143,1,Tilapia,12790318913750703798,18,2,4,11
1720420143,24,Pufferfish,16274392412851776875,20,2,1,5
1720420143,82,Starfish,89365725245774642,20,6,2,4
1720420143,29,Herring,14541135167582591622,15,4,3,7
1720420143,31,Cod,18388762547598547605,12,2,3,19
1720420143,43,Clownfish,14122342507873903808,23,4,2,17
1720420143,7,Bass,17612188893697923434,19,1,4,2
1720420143,28,Anchovy,10042996980604095373,17,6,4,14
1720420143,13,Sardine,4711810930756046494,15,2,4,14
1720420143,6,Perch,842238989545337731,22,4,4,16
1720420143,53,Bluegill,7554448120356962609,14,5,1,17
1720420143,71,Angel Fish,12517554793434844107,14,4,4,19
1720420143,72,Angelfish,1755839746875214199,22,7,1,2
1720420143,37,Snapper,17674639645038854751,18,6,2,1
1720420143,23,Pufferfish,16270779006928085985,14,4,2,4
1720420143,8,Bass,2780913119407741527,20,5,4,16
1720420143,11,Sardine,7701345132918201420,14,1,4,19
1720420143,19,Trout,12474858004451051989,21,6,3,14
1720420143,62,Barracuda,116689000672196539,17,3,3,2
1720420143,23,Pufferfish,7173291869282452692,19,6,2,7
1720420143,95,Octopus,7765075355061682597,25,4,2,12
1720420143,74,Mola Mola Fish,11747917400570796962,18,4,1,20
1720420143,47,Eel,5090904108930096835,18,3,2,9
1720420143,29,Herring,3701483934202661741,21,3,3,4
1720420143,63,Barracuda,9319315630998499720,21,3,4,21
1720420143,11,Sardine,976780941506907902,17,6,4,14
1720420143,28,Anchovy,2350830199730123530,22,4,3,6
1720420143,43,Clownfish,14195927493647949973,13,3,2,1
1720420143,19,Trout,5357174980537537810,18,6,4,20
1720420143,7,Bass,13457808893495329426,19,5,3,17
1720420143,11,Sardine,14199612755385598627,18,1,2,17
1720420143,13,Sardine,3934028819799693115,14,3,1,6
1720420143,71,Angel Fish,3221779318710101755,15,2,1,9
1720420143,28,Anchovy,6332791578792367817,23,2,2,1
1720420143,32,Cod,13336776900271549489,14,6,4,20
1720420143,23,Pufferfish,12967867880125195095,17,4,3,14
1720420143,5,Perch,16823504240006017873,20,1,2,16
1720420143,4,Perch,13056735667859353243,22,1,4,20
1720420143,23,Pufferfish,6249023895287530144,17,6,3,12
1720420143,68,Grouper,11266995797147514397,27,2,3,11
1720420143,81,Starfish,12046628442743430621,25,3,3,17
1720420143,6,Perch,16433329555465868719,25,7,3,5
1720420143,29,Herring,6345869921179604951,19,3,1,12
1720420143,8,Bass,10393784282713717036,16,5,3,11
1720420143,7,Bass,5168336739864475366,19,6,4,14
1720420143,69,Grouper,3673654460635266846,26,5,4,20
1720420143,32,Cod,9379317285481990643,14,4,1,19
1720420143,13,Sardine,5709390945250971325,18,4,1,2
1720420143,43,Clownfish,2209564216143995480,20,1,3,19
1720420143,16,Trout,2031092995183387873,18,6,1,8
1720420143,38,Snapper,11123872048788001617,23,6,1,20
1720420143,40,Anglerfish,13519631630940008935,14,6,2,9
1720420143,75,Mola Mola Fish,14540519815365998843,31,5,3,6
1720420143,35,Triple Tail,18110189219301675204,25,2,2,19
1720420143,13,Sardine,5224121533822596523,21,5,2,9
1720420143,7,Bass,15075055435667391261,23,5,2,13
1720420143,1,Tilapia,13081150241717872226,16,6,3,3
1720420143,28,Anchovy,838822141971424497,15,2,1,11
1720420143,32,Cod,6479851238393485611,17,6,3,15
1720420143,31,Cod,7688222999173393767,20,1,4,18
1720420143,1,Tilapia,13512872797475916058,17,1,2,18
1720420143,3,Tilpia,4229248486231828331,13,6,2,15
1720420143,62,Barracuda,9954413383332830081,21,6,4,1
1720420143,50,Damsel Fish,11557252001153149988,25,2,4,3
1720420143,50,Damsel Fish,12795196350147252614,17,6,3,18
1720420143,54,Redgill,7197761877507700250,28,6,1,7
1720420143,104,Boot,1446717991960239696,13,6,4,20
1720420143,25,Catfish,13029488535269403177,20,6,1,19
1720420143,72,Angelfish,4718976431016985309,23,3,2,19
1720420143,33,Cod,1058544779021461638,26,5,1,4
1720420143,59,Salmon,13320126572975543891,16,6,3,17
1720420143,75,Mola Mola Fish,14182903750117466716,26,3,4,14
1720420143,89,Seahorse,17645241341306565027,17,6,3,4
1720420143,98,Jellyfish,8412262161161352785,21,3,1,18
1720420143,53,Bluegill,15056739125738177997,16,1,3,5
1720420143,75,Mola Mola Fish,12851386360152195238,31,6,4,18
1720420143,43,Clownfish,12937337079265109612,15,1,3,17
1720420143,13,Sardine,13537139390154421304,23,5,3,5
1720420143,46,Eel,9854959890923181833,20,5,3,1
1720420143,89,Seahorse,6565149525580972326,22,3,2,19
1720420143,93,Blue Lobster,14605721969134051165,25,2,3,7
1720420143,7,Bass,76519981761690981,18,4,4,11
1720420143,76,Mola Mola Fish,15046336612121004643,24,4,5,6
1720420143,30,Herring,5431736559297094172,15,5,1,17
1720420143,8,Bass,6968024363898338065,20,1,1,3
1720420143,107,Blahaj,6986987077779971094,30,9,6,11
1720420143,8,Bass,10069432635319027677,26,5,1,10
1720420143,105,GamerPieJess fish,8891967341059587449,19,6,1,8
1720420143,32,Cod,16100308217214201043,25,1,4,9
1720420143,6,Perch,11497236302686945779,24,2,1,7
1720420143,13,Sardine,5986250063760432695,14,4,2,12
1720420143,19,Trout,12206820487246077974,16,2,4,15
1720420143,38,Snapper,15393983825498882295,19,5,3,10
1720420143,5067,Pop-eyed goldfish,1329244194224483102,25,2,2,4
1720420143,37,Snapper,8740040779860820047,24,6,4,13
1720420143,47,Eel,7128845875220734511,22,2,3,9
1720420143,65,Piranha,11441381000227779305,17,3,3,14
1720420143,5,Perch,11407772973884928969,18,1,1,14
1720420143,59,Salmon,7895393253799190761,14,6,1,6
1720420143,47,Eel,12949312966046425532,18,3,2,20
1720420143,72,Angelfish,6474083162468641446,30,6,1,20
1720420143,69,Grouper,16893093735370158314,16,1,4,10
1720420143,19,Trout,16270495572484250628,19,5,1,18
1720420143,1,Tilapia,10502460493183518147,19,5,1,9
1720420143,90,Seahorse,17454004466244937787,20,6,2,16
1720420143,13,Sardine,16954529422482165239,18,6,3,9
1720420143,23,Pufferfish,10128498383763885923,22,6,3,19
1720420143,16,Trout,13986790680560625437,18,5,1,2
1720420143,44,Clownfish,11344230838521014707,23,2,3,5
1720420143,62,Barracuda,8463243636155905844,16,6,1,14
1720420143,14,Sardine,4671330739514484882,12,2,2,13
1720420143,23,Pufferfish,348080053428631409,13,1,1,7
1720420143,43,Clownfish,7089713052032985664,17,5,1,17
1720420143,46,Eel,17799568766230803973,24,4,2,18
1720420143,63,Barracuda,10665621509566281498,23,3,2,13
1720420143,14,Sardine,7138521418360831691,17,1,1,9
1720420143,87,Shrimp,14081283340735305699,30,3,2,9
1720420143,22,Pufferfish,17041292745732589410,19,2,1,12
1720420143,8,Bass,7782955454207765884,21,5,1,12
1720420143,19,Trout,14597561490879332417,16,5,4,5
1720420143,3,Tilpia,9172060962561901886,23,1,4,16
1720420143,31,Cod,16458760241113344801,14,5,2,15
1720420143,53,Bluegill,15443971100521866673,24,2,1,14
1720420143,11,Sardine,4835135892780360997,21,1,2,7
1720420143,13,Sardine,17832478557245335493,17,5,1,18
1720420143,17,Spot Fish,17342695006292961404,16,4,2,15
1720420143,13,Sardine,3864092786603430734,23,2,2,14
1720420143,71,Angel Fish,12354680088484575901,17,6,3,9
1720420143,37,Snapper,17583956281797318936,20,4,4,9
1720420143,4,Perch,2233175670087538721,20,1,3,11
1720420143,40,Anglerfish,10194027361704815029,20,3,2,3
1720420143,19,Trout,7116415763635268136,20,5,3,9
1720420143,30,Herring,10933019202903642015,23,2,3,18
1720420143,77,Turtle,13838020084176796409,21,4,1,4
1720420143,30,Herring,5114572674114826252,21,3,2,15
1720420143,89,Seahorse,8324904475278723851,21,1,3,1
1720420143,14,Sardine,1302585501255159348,21,1,1,13
1720420143,31,Cod,7239130189368785017,19,5,2,13
1720420143,14,Sardine,13029192990416021747,20,1,2,6
1720420143,74,Mola Mola Fish,11556333657135159049,24,4,3,10
1720420143,7,Bass,5664255978023956261,16,3,3,19
1720420143,29,Herring,355053296221474350,19,3,3,1
1720420143,10,Sardine,3925425965201801293,18,5,1,4
1720420143,26,Catfish,11634471467998572202,20,6,3,11
1720420143,7,Bass,2967971048757693598,22,6,2,7
1720420143,47,Eel,10041291199114066865,16,5,2,5
1720420143,72,Angelfish,7944981777545821633,23,6,4,7
1720420143,60,Green Salmon,8573532388823672077,25,3,4,17
1720420143,29,Herring,15653957292116547403,19,1,1,7
1720420143,25,Catfish,17554394119856647383,17,4,3,4
1720420143,36,Triple Tail,9157676443007213588,17,5,1,19
1720420143,30,Herring,3514020232405264121,22,2,3,8
1720420143,51,Damsel Fish,15254105922499841350,23,6,4,6
1720420143,10,Sardine,2107274713966667962,19,6,1,15
1720420143,62,Barracuda,12591825438253884803,20,1,2,18
1720420143,12,Sardine,741382133628474514,23,2,4,15
1720420143,40,Anglerfish,3733479937616525300,14,5,2,4
1720420143,28,Anchovy,13060180225472957078,21,6,1,6
1720420143,17,Spot Fish,5613266519612849273,15,5,2,14
1720420143,10,Sardine,1009878251089795302,16,6,1,19
1720420143,31,Cod,5298744817629671161,15,2,1,1
1720420143,34,Triple Tail,10197331043191296483,22,6,2,19
1720420143,19,Trout,4643486163733551908,20,6,4,6
1720420143,78,Turtle,13177113067157360872,25,7,1,6
1720420143,97,Golden Takoyaki,18129046622595675243,36,11,6,22
1720420143,7,Bass,17100500461576149248,17,2,3,11
1720420143,100,Jellyfish,3819582879002546808,22,5,1,12
1720420143,81,Starfish,5894405833404751526,13,1,4,2
1720420143,59,Salmon,6544477962634388121,18,5,4,14
1720420143,8,Bass,7529640252830839258,16,4,3,3
1720420143,68,Grouper,11957768327562163189,27,4,4,6
1720420143,25,Catfish,10177913804215381308,16,2,3,20
1720420143,65,Piranha,1103020064305822524,23,3,2,5
1720420143,28,Anchovy,10854086204173477524,23,4,4,4
1720420143,5028,404 Fish,11969871756081389241,28,2,1,12
1720420143,53,Bluegill,121909840597211072,18,2,1,6
1720420143,59,Salmon,2227799386720073035,13,1,4,12
1720420143,45,Clownfish,15033636166142396015,24,5,4,10
1720420143,71,Angel Fish,5519623237788195725,24,6,1,12
1720420143,14,Sardine,18121847426857404577,23,6,1,6
1720420143,43,Clownfish,759346808503109197,25,6,1,4
1720420143,32,Cod,1456656619088105692,22,1,4,18
1720420143,69,Grouper,14609751124328048748,18,4,3,11
1720420143,81,Starfish,8060778655708091308,18,5,4,3
1720420143,48,Electric Eel,2840267322914976152,32,5,1,6
1720420143,26,Catfish,15745436909956846415,20,3,2,4
1720420143,1,Tilapia,12154739212943074214,20,5,2,9
1720420143,55,Spearfish,878685976067537138,21,4,3,18
1720420143,30,Herring,6476333875377606546,21,2,2,13
1720420143,82,Starfish,11243934587457211430,19,4,1,10
1720420143,25,Catfish,5059777079983583187,16,2,2,1
1720420143,13,Sardine,3641494786983343000,18,4,3,15
1720420143,23,Pufferfish,5216120176055592953,19,4,2,9
1720420143,28,Anchovy,5528277030925321287,23,3,3,8
1720420143,5,Perch,5783746289939064891,17,6,4,3
1720420143,65,Piranha,16555631621300626214,23,4,1,6
1720420143,11,Sardine,12695486675352470409,19,3,4,7
1720420143,14,Sardine,14949800446635480524,20,6,1,14
1720420143,30,Herring,17287134396564626174,16,2,1,8
1720420143,46,Eel,730301543963288565,19,3,2,4
1720420143,47,Eel,15889053811759209189,14,3,3,10
1720420143,31,Cod,18139821670178598001,18,4,3,17
1720420143,26,Catfish,14266979678927596714,29,5,3,10
1720420143,48,Electric Eel,9986521439992508725,19,4,2,11
1720420143,50,Damsel Fish,10786229421671338791,18,1,4,14
1720420143,76,Mola Mola Fish,15881309013770965500,17,10,2,13
1720420143,71,Angel Fish,14842803441201417411,22,4,4,17
1720420143,84,Crab,1417564253666284530,16,5,2,2
1720420143,72,Angelfish,969807230961724207,28,3,4,19
1720420143,46,Eel,6407378372087996123,15,1,3,1
1720420143,44,Clownfish,7394115863499476433,18,1,1,15
1720420143,89,Seahorse,7500428426598508387,18,1,4,12
1720420143,79,Turtle,14034863030638031501,21,3,1,10
1720420143,51,Damsel Fish,7211552460046518840,27,7,2,12
1720420143,15,Spotfish,9091126099543742112,26,7,2,9
