1720420143,46,Eel,2268458668485686103,14,5,4,5
1720420143,14,Sardine,10819007455061318569,16,6,3,14
1720420143,60,Green Salmon,12755261897743649474,29,7,3,9
1720420143,43,Clownfish,6477778989603871990,21,5,3,15
1720420143,25,Catfish,16721452717539131871,16,2,1,9
1720420143,15,Spotfish,344945309045414492,24,6,3,2
1720420143,55,Spearfish,14967530843541152707,21,4,3,7
1720420143,36,Triple Tail,3116017795766698821,21,7,4,3
1720420143,50,Damsel Fish,9078421625843065446,24,2,4,11
1720420143,18,Trout,4386888635044733726,31,6,4,17
1720420143,89,Seahorse,11277183754390890021,21,6,2,6
1720420143,28,Anchovy,16693731486153665214,18,3,3,11
1720420143,25,Catfish,16319041905157589331,21,3,2,13
1720420143,15,Spotfish,1150099729602647881,22,3,3,17
1720420143,8,Bass,3480685014050072372,19,3,3,3
1720420143,7,Bass,6695870430133088418,15,6,3,18
1720420143,34,Triple Tail,18193094433277403104,19,1,1,16
1720420143,16,Trout,9521834473233572779,16,6,4,9
1720420143,37,Snapper,11226759922188138012,13,6,2,2
1720420143,17,Spot Fish,8117701094090901116,21,5,4,10
1720420143,23,Pufferfish,17230716926754063735,24,5,4,14
1720420143,29,Herring,4690664189174751506,15,5,3,19
1720420143,5059,Great white shark,2614354065996417173,26,6,2,4
1720420143,29,Herring,4640619418374304403,18,6,2,4
1720420143,55,Spearfish,9319347207523456322,18,1,3,15
1720420143,37,Snapper,7464144762368048598,19,6,2,9
1720420143,68,Grouper,11371085773491090496,25,5,4,13
1720420143,19,Trout,16002747774213567287,17,4,1,9
1720420143,28,Anchovy,18057354592479765667,18,2,2,13
1720420143,8,Bass,2888457068425163792,13,3,3,12
1720420143,10,Sardine,14403574562814880777,20,6,3,19
1720420143,59,Salmon,8734641202486006016,19,5,4,11
1720420143,47,Eel,2252203794583638566,21,2,3,3
1720420143,16,Trout,4406002549007009438,15,3,2,15
1720420143,62,Barracuda,9097851164789561487,22,6,2,9
1720420143,45,Clownfish,14746452214005152937,29,7,1,10
1720420143,5,Perch,8944362002595984813,20,1,3,8
1720420143,26,Catfish,5679045965581404497,16,7,2,20
1720420143,81,Starfish,2979480916642904400,14,4,1,10
1720420143,16,Trout,4819426065930937376,23,2,2,19
1720420143,11,Sardine,9334045347997346563,15,4,1,14
1720420143,65,Piranha,11935301592011039690,20,5,2,17
1720420143,69,Grouper,17821675238861665324,25,5,1,8
1720420143,71,Angel Fish,9394633693952992366,19,6,2,9
1720420143,46,Eel,16084956872118727882,17,1,3,19
1720420143,43,Clownfish,17022440631722438877,14,1,4,7
1720420143,50,Damsel Fish,13086634545091578733,12,3,4,1
1720420143,74,Mola Mola Fish,4095527634635032111,20,1,3,1
1720420143,102,Axolotl,14957348835896638909,28,8,5,22
1720420143,46,Eel,10704582822563012549,19,6,2,14
1720420143,5,Perch,12666098108268119606,17,6,2,1
1720420143,17,Spot Fish,9319636273094193932,18,6,2,3
1720420143,51,Damsel Fish,1185929228063853221,23,4,3,11
1720420143,24,Pufferfish,2981760038280525642,20,3,3,14
1720420143,24,Pufferfish,14958093967997586740,26,4,2,13
1720420143,13,Sardine,3454119867024574397,19,1,4,5
1720420143,45,Clownfish,11730333508471515478,24,3,2,12
1720420143,40,Anglerfish,27619538475252598,14,4,3,5
1720420143,1,Tilapia,10839156820112193646,20,6,2,10
1720420143,46,Eel,11383011322097909005,17,1,4,14
1720420143,6,Perch,246267483809344782,24,3,2,13
1720420143,23,Pufferfish,2854374620385295511,21,6,1,13
1720420143,16,Trout,7697434745680101853,18,2,4,8
1720420143,53,Bluegill,7929324124714732136,21,1,1,14
1720420143,81,Starfish,1565867955619336765,14,5,2,14
1720420143,23,Pufferfish,10132166681040475706,13,3,2,16
1720420143,72,Angelfish,6617317434154275154,20,6,3,8
1720420143,37,Snapper,4129525450204994274,15,5,2,5
1720420143,9,Bass,11384083096237114920,22,4,2,4
1720420143,32,Cod,14198398552101134796,16,5,3,13
1720420143,37,Snapper,5453091158241849866,21,6,2,18
1720420143,5059,Great white shark,10462404443868037220,24,7,1,10
1720420143,37,Snapper,10619456093663933415,25,1,1,12
1720420143,47,Eel,14368402886822318551,18,3,2,3
1720420143,103,{NULL}fish,16761794139255231694,100,0,0,0
1720420143,23,Pufferfish,8966961082528276385,20,3,2,10
1720420143,19,Trout,2485146394604183863,18,6,2,2
1720420143,41,Anglerfish,2992553281302751533,29,3,3,15
1720420143,43,Clownfish,1225855328114207602,17,3,1,18
1720420143,17,Spot Fish,2621015194581649869,20,1,3,17
1720420143,43,Clownfish,2012781957096996849,23,5,4,13
1720420143,13,Sardine,10471337966150294179,23,3,3,17
1720420143,11,Sardine,8090578117777800284,12,2,4,4
