1720421705,70,Angel Fish,13285087752417027256,19,2,2,16,0
1720421842,99,Jellyfish,7859520913164929297,15,1,4,15,0
1720421969,39,Snapperfish,8820003037487944089,31,4,2,19,7
1720422089,13,Sardine,1974750148096586109,20,2,3,12,0
1720422209,38,Snapper,5735147795384715081,20,4,3,14,5
1720422329,89,Seahorse,7351996188130268,14,1,1,3,0
1720422449,59,Salmon,15029998080202535369,21,3,4,1,0
1720422569,77,Turtle,11021327647221120492,15,2,3,7,0
1720422689,58,Salmon,6608168434531393144,16,5,3,8,1
1720422809,86,Shrimp,13514147482424536749,18,3,2,2,0
1720422929,7,Bass,9902040556364519808,22,3,1,2,0
1720423049,35,Triple Tail,7969012917823772933,23,3,2,14,0
1720423169,77,Turtle,2619971141801218180,20,3,3,11,0
1720423289,34,Triple Tail,204491141198009480,18,2,4,14,0
1720423409,74,Mola Mola Fish,8327610450998711079,17,5,2,15,0
1720423529,31,Cod,13404870839667422298,16,4,4,19,0
1720423649,72,Angelfish,9108190467427988445,27,4,3,13,1
1720423769,11,Sardine,6699070517793935251,15,3,1,14,0
1720423889,68,Grouper,13350619222998672840,20,2,4,21,0
1720424009,52,Bluegill,7457317773050914777,21,2,1,7,0
1720424129,67,Grouper,7103583688526763620,21,6,3,1,0
1720424249,14,Sardine,11849621067314973744,12,6,1,11,0
1720424369,52,Bluegill,922902836733282263,24,6,2,6,4
1720424489,46,Eel,3949300453788100902,21,6,3,13,10
1720424609,64,Piranha,17017488798733722070,16,6,2,2,0
1720424729,77,Turtle,946045998693754045,24,2,1,3,0
1720424849,72,Angelfish,947700609260868869,30,2,3,2,0
1720677453,31,Cod,11925433265325989108,21,5,1,11,0
1720677573,81,Starfish,16662230097288509818,14,3,2,9,0
1720677693,13,Sardine,10162454320158844496,18,3,2,20,0
1720677833,49,Damsel Fish,12830716241727845416,21,2,1,9,0
1720677964,67,Grouper,3743566091598659631,16,2,2,18,0
1720678084,40,Anglerfish,8001756448432995653,21,3,1,17,2
1720678204,100,Jellyfish,10640912811332156279,23,6,2,14,1
1720678324,49,Damsel Fish,9634127221078537983,19,5,1,10,0
1720678444,13,Sardine,6162965832422595856,16,1,2,6,0
1720678564,104,Boot,4149148777949716422,18,2,4,7,0
1720678684,74,Mola Mola Fish,16973070825807506919,19,1,4,6,0
1720678804,34,Triple Tail,16282171756837720564,25,4,4,13,7
1720678924,93,Blue Lobster,12499291429688566377,31,2,4,7,0
1720679044,3,Tilpia,5659538501849700245,20,3,1,16,0
1720679164,89,Seahorse,3038348403815734621,22,5,1,11,2
1720679284,32,Cod,769576897876240078,16,4,1,13,0
1720679404,32,Cod,2157522495234480362,25,1,2,17,0
1720679524,1,Tilapia,4454989498516112553,20,6,4,13,0
1720679644,64,Piranha,2612901468315396679,12,1,3,13,0
1720679764,19,Trout,2906148025534580796,23,4,2,13,0
1720679884,28,Anchovy,1705421304052567477,14,2,3,2,0
1720680004,32,Cod,7163225965375420487,16,6,3,3,0
1720680124,74,Mola Mola Fish,5123854270771485914,13,3,4,17,0
1720680244,5,Perch,2210203952086645659,20,6,4,11,1
1720680364,63,Barracuda,12535539925818126828,33,7,1,17,29
1720680484,50,Damsel Fish,2413055008836249463,19,5,2,2,0
1720680604,47,Eel,12818621673631916203,14,1,3,19,0
1720680724,82,Starfish,1856720071460811775,29,6,1,10,0
1720680844,37,Snapper,9054578878067208224,26,2,3,19,0
1720680964,99,Jellyfish,2205697118320204184,20,6,1,19,0
1720681084,58,Salmon,1205214701644154392,20,3,4,20,0
1720681204,99,Jellyfish,1689280639574932154,19,3,4,20,0
1720681324,59,Salmon,13418138369100361761,23,2,3,14,0
1720681444,77,Turtle,520025972806283251,23,1,3,8,0
1720681564,49,Damsel Fish,1087268206230639755,17,3,1,1,0
1720681684,2,Tilapia,1529740691962260235,16,5,3,5,0
1720681804,17,Spot Fish,15794044233231525219,14,3,3,7,0
1720681924,13,Sardine,7662788964687982097,19,5,1,11,0
1720682044,83,Crab,12905018074185248871,14,5,2,11,0
1720682164,26,Catfish,6598846938900177805,35,7,2,8,25
1720682284,49,Damsel Fish,5885950397496312990,22,2,3,2,0
1720682404,19,Trout,1053982874644337788,21,6,2,11,0
1720682524,32,Cod,14189408231425953461,21,1,4,5,0
1720682644,11,Sardine,7774647018181962120,21,4,1,14,0
1720682764,48,Electric Eel,17899797457522948294,24,3,2,18,0
1720682884,37,Snapper,891255145721296931,23,1,3,13,0
1720683124,32,Cod,1370314217575817714,21,4,2,20,0
1720683639,24,Pufferfish,10019846356462789335,21,4,1,19,0
1720683946,52,Bluegill,9056656244978224042,26,3,1,1,3
1720684084,10,Sardine,17922158909200818334,24,5,1,2,3
1720684308,49,Damsel Fish,757154515825788716,19,4,4,4,0
1720684435,80,Starfish,17050561772023948451,18,6,1,1,0
1720684631,13,Sardine,2387411849853724370,17,5,2,17,0
1720684874,3,Tilpia,908644750946352134,20,6,4,16,5
1720685354,11,Sardine,10169827226459741655,24,6,1,13,2
1720685660,23,Pufferfish,13730085885322496164,18,3,2,15,0
1722578377,2,Tilapia,10159369506017724314,21,1,1,13,0
1722578513,67,Grouper,1053058944825914186,17,4,3,5,0
1722578646,13,Sardine,3679808185794118534,21,2,2,2,0
1722578813,17,Spot Fish,16052528185727211273,16,2,1,11,0
1722579013,16,Trout,10085933925592311925,20,5,4,13,0
1722579213,80,Starfish,3501302554021240047,18,1,2,20,0
1722579413,74,Mola Mola Fish,4898860425789182941,23,4,1,14,0
1722579587,44,Clownfish,11608808629717231274,22,5,3,1,0
1722579713,32,Cod,5056454072717417089,18,1,1,12,0
1722579887,13,Sardine,10099440552693511079,12,2,2,3,0
1722580013,29,Herring,13609414937898398406,15,3,1,17,0
1722580213,31,Cod,12158744792035249515,21,4,2,10,0
1722580413,14,Sardine,2084942944519409599,17,6,2,9,0
1722580613,67,Grouper,7184861210128778714,21,6,4,4,0
1722581125,61,Barracuda,7257573766296782582,21,4,2,5,0
1722581296,74,Mola Mola Fish,31347485216773668,17,4,1,2,0
1722582094,92,Lobster,10298538372285187219,16,3,3,12,0
1722582303,86,Shrimp,9639648994832360660,17,2,2,18,0
1722582769,67,Grouper,15075373258901033995,16,4,3,18,0
1722583319,80,Starfish,15248465282286461259,25,1,1,19,0
1722583696,47,Eel,11355545078964664483,17,5,3,15,0
1722583838,31,Cod,18249361634346093763,18,6,2,9,0
1722584103,99,Jellyfish,14309530356764639281,21,1,3,4,0
1722584267,63,Barracuda,2916336785538520280,23,2,1,6,0
1722585504,47,Eel,3138241922427443703,22,4,1,5,0
1722585701,46,Eel,14169666831820244426,19,5,3,20,0
1722668761,104,Boot,6048716084569438476,15,4,4,19,0
1722668998,39,Snapperfish,10224762311356232949,28,3,1,8,0
1722669156,23,Pufferfish,212958702300205692,13,2,2,4,0
1722669306,44,Clownfish,13628780383407308272,17,3,3,6,0
1722669426,80,Starfish,5986071523734600507,13,1,2,3,0
1722669565,80,Starfish,2608294051779081830,19,5,4,10,0
1722669688,99,Jellyfish,8866235889614188817,20,5,2,9,3
1722669811,50,Damsel Fish,14699809231158781676,21,5,2,20,2
1722669931,28,Anchovy,9853383873986950120,24,1,4,14,0
1722670052,14,Sardine,11006419382716979785,17,3,1,3,0
1722670172,7,Bass,14046854193838027194,24,5,3,14,2
1722670293,30,Herring,4524646795215463098,21,5,4,20,2
1722670414,38,Snapper,3425835211402228350,20,4,3,18,1
1722670534,99,Jellyfish,6749976325471578010,16,6,2,12,0
1722670655,70,Angel Fish,10890387904125541934,15,6,4,19,0
1722670775,16,Trout,13158015108648558815,19,6,1,12,0
1722670896,70,Angel Fish,5070015725673408650,17,2,3,5,1
1722671017,31,Cod,12511580527279020121,19,2,2,11,0
1722671137,5,Perch,16074332442976576243,13,5,4,2,0
1722671257,16,Trout,11694786483839725390,16,2,2,16,0
1722671378,29,Herring,317077629930584024,24,1,2,18,0
1722671499,36,Triple Tail,16702297866809176119,32,3,2,6,0
1722671619,81,Starfish,6130498909104553892,20,3,1,1,0
1722671740,80,Starfish,16634347063579617739,21,2,4,15,0
1722671861,59,Salmon,15697449406715348539,20,3,1,1,0
1722671981,14,Sardine,201180953312296789,18,1,3,20,0
1722672102,67,Grouper,16595688632468222021,21,6,2,14,5
1722672222,13,Sardine,47224268605004158,20,5,2,15,0
1722672343,38,Snapper,3396775139253051279,23,4,2,18,1
1722672463,13,Sardine,7975584594563454932,13,4,1,9,0
1722672584,52,Bluegill,12746116258816810850,21,6,3,20,0
1722672705,74,Mola Mola Fish,13329299609663768712,20,3,3,19,0
1722672825,16,Trout,4366625531459228262,22,3,1,20,0
1722672946,4,Perch,9581884600516700762,14,2,3,16,0
1722673066,36,Triple Tail,15103160635368517920,22,6,1,4,1
1722673187,37,Snapper,4567597075245686925,22,5,2,11,0
1722673307,67,Grouper,12813373204923589335,17,5,2,16,0
1722673428,81,Starfish,3478966566202873798,19,6,3,9,7
1722673548,34,Triple Tail,5687881263973382528,20,2,3,8,0
1722673669,99,Jellyfish,12374108804372238982,18,4,1,4,0
1722673789,30,Herring,6908615946913074937,19,3,1,11,0
1722673910,62,Barracuda,14853663827279662180,26,1,2,11,0
1722674030,32,Cod,6384770648901754191,18,4,3,5,0
1722674151,16,Trout,17635865832382047361,15,5,1,10,0
1722674271,25,Catfish,14891666550968729381,18,5,2,1,0
1722674392,104,Boot,14629239505366436573,17,3,1,8,0
1722674513,43,Clownfish,11630737976834784536,19,3,3,1,0
1722674634,87,Shrimp,10606397575598204049,20,5,4,21,0
1722674754,16,Trout,11083208040279426441,14,4,4,4,0
1722674875,32,Cod,2244805935350922524,22,6,3,18,1
1722674996,14,Sardine,4369568757367387142,22,2,4,20,0
1722675116,34,Triple Tail,13345725994755618899,16,6,1,16,0
1722675237,17,Spot Fish,8642812220307282074,18,1,4,5,0
1722675357,49,Damsel Fish,6696219309673712053,21,1,3,14,0
1722675478,55,Spearfish,7850568857600307803,16,6,2,19,0
1722675598,7,Bass,5705744127441500047,20,4,4,2,0
1722675719,20,Trout,1720294825576032009,22,3,4,21,0
1722675840,17,Spot Fish,2312179839206476899,15,4,3,10,0
1722675960,59,Salmon,13147747774209802076,19,4,2,3,0
1722676081,76,Mola Mola Fish,760340206976433375,21,3,5,6,0
1722676201,3,Tilpia,14691120235230825438,21,6,4,17,3
1722676322,61,Barracuda,17543961997795660891,21,6,3,8,0
1722676442,23,Pufferfish,5148806192748550958,21,5,2,10,2
1722676563,11,Sardine,4915457812009413691,16,3,1,12,0
1722676683,46,Eel,1309639907031728507,16,4,2,17,0
1722676804,64,Piranha,14674659948089999751,24,5,1,14,0
1722763961,50,Damsel Fish,8801729847573030604,20,4,4,13,0
1722764093,5,Perch,6649822286581723561,25,2,3,15,0
1722764214,22,Pufferfish,5404796525075385755,20,3,3,19,0
1722764334,62,Barracuda,13748565946586308976,23,1,2,3,0
1722764455,43,Clownfish,7797527907929916264,24,3,1,6,2
1722764575,11,Sardine,3033013269440766887,22,2,3,19,1
1722764696,74,Mola Mola Fish,687107339427048076,24,4,4,10,5
1722764816,65,Piranha,6354253856669330299,14,3,2,11,0
1722764937,47,Eel,9918469078735187843,20,5,1,14,0
1722765057,25,Catfish,1229105865489212407,25,6,4,4,0
1722765178,34,Triple Tail,2606811606005852275,22,6,4,8,0
1722765298,78,Turtle,720115047450580922,22,7,3,5,0
1722765419,104,Boot,15648461979896536179,17,3,3,9,0
1722765539,65,Piranha,849971280336826393,18,3,2,1,0
1722765660,62,Barracuda,12223261890613884353,21,6,1,19,6
1722765781,52,Bluegill,14734076442682902739,24,1,3,15,0
1722765901,4,Perch,16380908724428604487,16,3,3,8,0
1722766022,53,Bluegill,11917834330956921623,19,2,2,6,0
1722766142,53,Bluegill,7835345555015965836,24,1,4,11,0
1722766272,47,Eel,57306702504783202,22,4,4,16,0
1722766393,11,Sardine,7056939686673458236,20,4,4,1,0
1722766513,61,Barracuda,9831491627480164311,23,4,4,17,5
1722766634,10,Sardine,16774553829569382456,19,1,3,11,0
1722766754,70,Angel Fish,7389718357010447458,24,1,3,3,0
1722766875,29,Herring,4192998816841426324,18,3,2,2,0
1722766996,70,Angel Fish,3577275042076551603,19,4,3,13,0
1722767117,83,Crab,8081843755354582735,17,4,4,12,0
1722767237,74,Mola Mola Fish,10174780319873107270,24,5,3,14,1
1722767358,46,Eel,6342284150020599502,20,2,1,6,0
1722767478,59,Salmon,10072959103573405427,16,6,2,10,0
1722767599,81,Starfish,4429390230585587982,16,1,2,19,0
1722767719,89,Seahorse,376134258756742420,22,5,4,8,3
1722767840,29,Herring,2604666340380029501,15,3,1,14,0
1722767960,81,Starfish,5212217961116883578,18,4,3,17,3
1722768081,20,Trout,8789203281352266405,34,6,2,16,23
1722768201,10,Sardine,10844838253886272103,19,6,1,4,0
1722768322,32,Cod,15245731407171442179,21,3,3,1,0
1722768442,74,Mola Mola Fish,16423918365124064723,14,6,2,14,0
1722768563,49,Damsel Fish,16165320471634331928,15,2,1,10,0
1722768683,34,Triple Tail,8598010356069813075,21,5,2,9,0
1722768806,61,Barracuda,11492530268932098552,16,6,4,20,5
1722768928,44,Clownfish,7279947234165248087,21,5,2,8,0
1722769048,23,Pufferfish,13472184972537921215,23,6,4,7,0
1722769169,22,Pufferfish,14330446935333994228,15,3,4,18,0
1722769289,89,Seahorse,17554672209566058028,20,5,4,3,0
1722769410,7,Bass,8005805964172933801,18,6,3,19,0
1722769531,67,Grouper,6412628725487531351,18,2,2,6,0
1722769652,49,Damsel Fish,16950495021649549470,19,5,1,12,0
1722769772,40,Anglerfish,4910611975662540842,18,5,2,5,0
1722769893,53,Bluegill,13358406599599549786,26,5,1,14,0
1722770013,71,Angel Fish,14165210844740467641,21,2,4,12,0
1722770134,61,Barracuda,7944621626651622359,20,4,1,14,0
1722770254,55,Spearfish,14229069770975037250,24,4,3,1,1
1722770375,56,Spearfish,1099087274308214404,17,3,2,14,0
1722770496,80,Starfish,7577366085482899738,20,4,1,7,0
1722770616,8,Bass,9504728868894206543,15,3,3,4,0
1722770737,35,Triple Tail,13849164647766977680,26,3,3,7,1
1722770857,100,Jellyfish,11595371129563928630,21,7,1,7,0
1722770980,67,Grouper,8550478808715844676,24,4,2,1,0
1722771102,49,Damsel Fish,11867110316657526625,15,2,4,14,0
1722771222,93,Blue Lobster,1427480287633988864,27,6,1,17,14
1722771343,50,Damsel Fish,8070386232030836590,21,2,3,15,0
1722771463,104,Boot,9691368248528807868,13,6,3,6,0
1722771586,47,Eel,16324820199942628482,18,2,3,5,0
1722771706,47,Eel,4103040660869823857,18,5,4,12,0
1722771827,50,Damsel Fish,1605334944579772794,19,5,1,18,0
1722771947,1,Tilapia,9694302924922326168,20,4,1,9,0
1722772069,73,Rainbow Trout,8181976202109621916,34,6,6,16,29
1722772189,47,Eel,4709713401277484668,16,5,1,15,0
1722772310,5028,404 Fish,10098495353252221101,30,5,1,8,0
1722772431,80,Starfish,8314849168656834183,19,2,1,7,0
1722772551,38,Snapper,689090629220965682,16,3,4,10,0
1722772672,74,Mola Mola Fish,12378211624977590277,15,2,4,5,0
1722772792,48,Electric Eel,12503239418018375434,26,4,3,13,0
1722772913,62,Barracuda,4600564607346090447,24,3,3,3,0
1722773034,62,Barracuda,7165934804179249515,26,6,1,13,8
1722773157,86,Shrimp,236039130128425505,16,1,2,3,0
1722773278,94,Lobster,9207414925405232202,22,7,3,8,5
1722773399,62,Barracuda,17928103568220571843,16,6,4,6,0
1722773519,53,Bluegill,9193251451706525088,18,1,3,4,0
1722773642,37,Snapper,1225400823054858257,24,4,3,9,5
1722773768,29,Herring,9227181399579191800,21,3,1,3,0
1722773891,69,Grouper,10149065239674948622,16,6,3,15,0
1722774012,29,Herring,2175593061185932533,19,3,2,6,0
1722774133,74,Mola Mola Fish,11241704230625483136,19,2,4,7,0
1722774254,53,Bluegill,3623653141304024444,23,2,3,6,0
1722774375,44,Clownfish,17709808475190211605,20,4,1,1,0
1722774497,66,Piranha,140526389769431881,28,5,3,2,0
1722774618,8,Bass,8244878076736515477,23,4,3,14,0
1722774741,13,Sardine,1245148610150040300,15,3,3,3,0
1722774862,74,Mola Mola Fish,2893050584012165531,19,5,2,15,0
1722774983,77,Turtle,11240347559184544930,19,4,3,20,0
1722775104,7,Bass,7148543177400969957,21,3,3,14,0
1722775225,64,Piranha,6731984241287414909,23,3,1,14,0
1722775347,34,Triple Tail,12680246725026476514,25,2,2,2,0
1722775468,23,Pufferfish,7729074506157932282,13,4,2,4,0
1722775589,17,Spot Fish,14231415547451617811,23,1,3,6,0
1722775710,40,Anglerfish,17300682364361649260,23,2,4,5,2
1722775831,23,Pufferfish,2129961547164676028,21,1,3,20,0
1722775952,29,Herring,16505321545957288468,18,1,3,6,0
1722776073,43,Clownfish,12359440299817614233,17,3,2,18,0
1722776194,11,Sardine,15574820700557332931,17,5,3,3,0
1722776315,69,Grouper,15367725495218983627,23,3,3,14,0
1722776437,44,Clownfish,14837427550783156924,20,2,3,16,0
1722776558,2,Tilapia,3746480125173378905,23,1,4,7,0
1722776680,72,Angelfish,7234634718504262047,23,2,4,15,0
1722776803,89,Seahorse,9549904872255263652,18,5,1,5,0
1722776926,3,Tilpia,6360694179126628047,17,3,4,15,0
1722777048,67,Grouper,6391103236542597770,15,3,2,12,0
1722777174,23,Pufferfish,8775852157331378422,25,3,4,16,0
1722777297,70,Angel Fish,10258243055948480465,25,5,2,17,12
1722777421,80,Starfish,7764651759980363921,20,3,1,10,0
1722777543,86,Shrimp,13658515992471672078,20,3,1,20,0
1722777688,17,Spot Fish,6151311509962115393,18,1,1,13,0
1722777826,13,Sardine,8431412764565067806,19,5,1,16,0
1722777957,29,Herring,3927948996818551315,17,5,1,7,0
1722778089,34,Triple Tail,8689868829427686961,15,3,2,4,0
1722778317,19,Trout,7041248223104148710,17,4,2,10,0
1722778505,26,Catfish,3487000544199958624,30,2,3,14,0
1722778626,57,Spearfish,11042277568669050331,28,2,1,14,0
1722778786,17,Spot Fish,5559464424952494936,15,4,2,5,0
1722778907,13,Sardine,15899542829315115952,18,2,4,13,0
1723282532,34,Triple Tail,17326124874187523305,24,5,1,18,2
1723282717,44,Clownfish,10333088568858110167,16,3,4,4,0
1723282855,62,Barracuda,15334380417853995644,16,6,1,11,2
1723283089,28,Anchovy,6731983126441128818,19,5,4,4,0
1723283241,45,Clownfish,9865447061491463469,24,2,2,7,0
1723283392,4,Perch,11817457857987590687,22,2,3,1,0
1723283543,3,Tilpia,2199238934385713703,23,5,2,7,1
1723283695,104,Boot,6300071561064758171,24,2,2,3,0
1723283847,50,Damsel Fish,12625650294932014050,16,1,2,5,0
1723283999,46,Eel,5039634635823609724,15,6,1,5,0
1723284151,95,Octopus,9689462657989740674,24,2,4,13,0
1723284303,2,Tilapia,13110788717423700967,21,5,2,17,5
1723284454,100,Jellyfish,9513720447530999833,25,5,3,7,3
1723284606,77,Turtle,2046608507094186171,21,2,4,10,2
1723284758,62,Barracuda,7198357280497958539,22,2,1,4,0
1723284910,5067,Pop-eyed goldfish,5081666146645076525,32,2,2,10,0
1723285163,24,Pufferfish,9467480789757249093,19,4,4,16,0
1723285289,104,Boot,13436185644772574634,20,3,2,2,0
1723285501,42,Anglerfish,15351338891448788676,30,5,3,8,0
1723285675,74,Mola Mola Fish,14397272209990600456,15,5,3,14,0
1723286101,13,Sardine,17956892279014571313,16,4,1,9,2
1723286339,50,Damsel Fish,17903575864447224666,17,1,4,13,0
1723286489,8,Bass,8995831598374396205,18,5,4,1,0
1723286635,93,Blue Lobster,6320494768696665048,22,6,2,17,4
1723286759,41,Anglerfish,14694019178464246398,24,5,1,2,0
1723287361,17,Spot Fish,13012539390382907883,19,1,1,4,0
1723288176,17,Spot Fish,2473553164600883133,22,2,2,7,0
1723289355,70,Angel Fish,9559434327395634071,17,1,2,6,0
1723289589,4,Perch,17160611172522994407,15,3,2,13,0
1723289723,1,Tilapia,14386545611097253044,17,6,4,6,0
1723289854,65,Piranha,6667346396461169892,20,6,3,13,1
1723289985,87,Shrimp,5739189772629335838,31,3,2,20,1
1723290107,7,Bass,6511816336116108984,13,5,3,12,0
1723290260,74,Mola Mola Fish,6892809414536129569,16,3,3,6,0
1723290391,49,Damsel Fish,13197969692295407083,18,1,3,17,1
1723290523,50,Damsel Fish,9001793997661782745,15,5,2,6,0
1723290653,75,Mola Mola Fish,1834628562824430450,20,6,1,19,0
1723290779,91,Golden Seahorse,5504365250396922672,29,7,1,20,10
1723290907,49,Damsel Fish,18123237751477327898,17,2,2,16,0
1723291041,54,Redgill,9936269914416920163,27,2,4,2,0
1723291186,65,Piranha,12593322678090439059,20,2,4,6,0
1723291316,22,Pufferfish,6855187363270674160,21,4,3,1,0
1723291448,75,Mola Mola Fish,13833497300158306673,17,6,1,19,0
1723291581,3,Tilpia,13946205166555225522,14,2,1,19,0
1723291711,1,Tilapia,3863221736327463645,15,6,3,13,3
1723291839,89,Seahorse,13571218848419424219,20,3,1,1,1
1723291974,25,Catfish,18024651517315933081,15,3,4,6,0
1723292106,44,Clownfish,12775526227483900811,22,4,3,2,0
1723292238,99,Jellyfish,2828530717686165987,19,3,3,7,0
1723292368,49,Damsel Fish,15559811597620556954,18,1,4,15,0
1723292507,102,Axolotl,2159448410894608681,26,10,5,15,11
1723292632,23,Pufferfish,1357245603287141392,18,5,4,13,0
1723292763,18,Trout,8112201685499389407,18,4,1,7,0
1723292898,2,Tilapia,4304683995633021294,19,2,1,20,0
1723293028,11,Sardine,16654737894295511424,20,3,2,3,0
1723293161,14,Sardine,8542627484964056557,18,5,4,8,0
1723293294,7,Bass,4002023794182304971,19,6,2,19,2
1723293425,72,Angelfish,17955619871420353978,21,5,4,19,0
1723293562,30,Herring,8000941066313229529,20,2,2,8,0
1723293692,89,Seahorse,2063553069583001344,13,3,2,1,0
1723293821,35,Triple Tail,4326631281886102674,19,4,4,5,0
1723293951,44,Clownfish,12324664575964887515,25,6,1,14,0
1723294084,80,Starfish,14230342144073879862,16,3,3,16,0
1723294216,77,Turtle,3393696447660586756,25,5,3,11,11
1723294345,68,Grouper,6751401137739145506,23,4,2,15,0
1723294476,23,Pufferfish,11458757251682791246,13,5,2,9,0
1723294608,23,Pufferfish,10167126835066728736,19,2,4,18,0
1723367884,37,Snapper,2882492156157288725,15,4,2,14,0
1723368012,26,Catfish,4619613719774278847,32,5,1,20,5
1723368144,100,Jellyfish,7117379083137508696,30,7,2,17,16
1723368272,3,Tilpia,17448865841738385429,15,6,1,10,0
1723368437,16,Trout,4331187720439639746,12,6,2,11,0
1723368599,1,Tilapia,14422028915029907892,19,5,4,13,0
1723368723,44,Clownfish,11599490326204162007,19,3,2,3,0
1723368850,35,Triple Tail,5727377477805433612,23,6,2,14,2
1723368979,64,Piranha,11133209978134051631,18,4,1,14,0
1723369116,2,Tilapia,8159423099119355909,15,5,1,8,0
1723369243,11,Sardine,2265069704639580402,18,6,1,1,0
1723369372,38,Snapper,12914029717495598998,20,6,3,8,0
1723369505,29,Herring,3493440928659603234,22,1,3,3,0
1723369637,89,Seahorse,16476522931083166223,23,4,1,11,0
1723369770,41,Anglerfish,7864700662114806755,30,6,1,21,19
1723369947,100,Jellyfish,12448632352814424601,23,2,3,4,0
1723370079,104,Boot,594096677905950812,24,1,4,7,0
1723370212,74,Mola Mola Fish,9686770813662969630,19,5,3,4,0
1723370389,17,Spot Fish,2152568813893297560,20,6,4,8,0
1723370512,38,Snapper,325623837101831508,22,2,1,6,1
1723370900,3,Tilpia,3524079599116809534,20,6,1,8,0
1723371057,17,Spot Fish,4265094923017256530,17,3,4,15,0
1723371190,33,Cod,1866349251790553121,19,7,2,12,0
1723371428,20,Trout,15103470057462811943,22,7,3,13,0
1723371808,94,Lobster,2128213627583162780,19,6,3,11,1
1723371940,3,Tilpia,16076570990965580357,18,6,4,1,0
1723372139,89,Seahorse,4478867506337833883,26,3,2,13,0
1723372271,5028,404 Fish,17470433467163622392,29,4,4,14,0
1723372556,25,Catfish,726095603900973180,16,3,2,19,0
1723372688,11,Sardine,10264622462707174042,23,6,1,14,7
1723372988,84,Crab,18364444265820281944,24,7,3,8,4
1723373120,8,Bass,16664556300314464449,19,1,4,5,0
1723373296,55,Spearfish,5215364419648300120,15,2,1,19,0
1723373427,87,Shrimp,11242291392858477752,23,6,3,10,0
1723373559,53,Bluegill,16419394358669547953,15,6,1,13,0
1723373691,14,Sardine,5317737633646377962,18,2,2,13,0
1723373824,17,Spot Fish,2266700370207012544,16,3,4,7,0
1723373956,89,Seahorse,14849546053856088648,21,4,1,11,0
1723374088,3,Tilpia,12120624163789630113,15,4,2,15,0
1723374220,91,Golden Seahorse,7280954223381692350,21,4,5,9,2
1723374352,28,Anchovy,16067759309748975663,13,6,2,14,0
1723374484,31,Cod,13766310743772531605,23,3,1,11,0
1723374616,19,Trout,5413085503724701989,17,2,1,1,0
1723374749,59,Salmon,3139786691131161718,15,5,4,8,0
1723374881,24,Pufferfish,6938838207654996413,30,3,3,2,0
1723375014,67,Grouper,2440878937803277606,18,3,1,3,0
1723375146,2,Tilapia,13767508022818685695,23,3,1,6,0
1723375278,34,Triple Tail,7233927937061183185,25,1,1,19,0
1723375411,70,Angel Fish,4782322151701169439,25,6,3,18,2
1723375543,99,Jellyfish,9660464133206666284,17,6,4,13,5
1723375675,70,Angel Fish,11058740543324812280,18,2,3,9,0
1723375808,5027,Cutthroat Trout,3324287233140603892,28,2,3,9,0
1723375940,59,Salmon,13869592849769713321,17,5,3,5,0
1723376073,13,Sardine,1529883844666240166,24,4,4,10,4
1723376205,54,Redgill,4704974430690832196,28,5,3,17,20
1723376338,61,Barracuda,5802662109356706780,16,1,1,5,0
1723376470,16,Trout,258313783808712813,20,1,2,8,0
1723376603,55,Spearfish,7857929885314945623,26,1,3,9,0
1723376725,83,Crab,13652976382407730417,21,2,4,13,0
1723376857,13,Sardine,9619773932743767947,21,4,4,7,0
1723376990,43,Clownfish,4872301587675954301,15,1,2,13,0
1723377122,61,Barracuda,16264142899081301123,15,5,4,18,0
1723377255,61,Barracuda,1651520602764077067,23,4,2,9,0
1723377387,59,Salmon,8767915851991871697,15,3,4,20,0
1723377519,49,Damsel Fish,17572854160374782325,18,2,3,8,0
1723377651,51,Damsel Fish,150013536874977128,27,2,2,16,0
1723377784,2,Tilapia,4061811753402308207,19,3,3,18,3
1723377916,37,Snapper,8673810867150432068,20,4,4,6,0
1723378048,67,Grouper,2632739941670883158,18,5,3,6,0
1723378180,1,Tilapia,16589983302164326570,17,3,3,17,0
1723378312,62,Barracuda,15413331517036935027,21,5,1,12,0
1723378445,65,Piranha,18245577437352664473,22,3,4,18,1
1723378601,46,Eel,18151939014143503622,19,5,2,18,4
1723378733,5,Perch,12801345199869589282,21,5,4,14,0
1723378880,70,Angel Fish,9910925965645691052,17,6,4,17,0
1723379002,28,Anchovy,6387557771732346180,24,4,3,8,0
1723379126,4,Perch,3617619284459045372,22,2,2,14,0
1723379254,28,Anchovy,4222646295346957979,22,2,3,19,0
1723379387,61,Barracuda,16622564117080953879,22,1,4,16,0
1723379519,13,Sardine,8782100308173109297,20,2,3,8,0
1723379651,34,Triple Tail,14442339026892231361,19,5,4,1,4
1723379783,62,Barracuda,7690248702701422809,18,3,1,16,0
1723379916,77,Turtle,13736140237997129044,20,5,2,15,0
1723380048,34,Triple Tail,15445677511243045966,25,2,4,10,1
1723380180,81,Starfish,8292321093258024256,21,2,1,13,0
1723477449,19,Trout,696265415061682639,21,1,1,17,0
1723477570,13,Sardine,7296984559024729653,14,2,1,6,0
1723477691,52,Bluegill,8999629632227469587,12,6,2,19,0
1723477812,62,Barracuda,210086303916531596,16,1,1,19,0
1723477933,13,Sardine,9855164367068233751,21,5,4,10,0
1723478054,60,Green Salmon,1710930274271426275,20,2,1,3,0
1723478174,2,Tilapia,7858567583643561,24,4,2,1,0
1723478295,47,Eel,9304882001885512810,17,6,2,4,0
1723478415,25,Catfish,9973716596288005548,23,3,1,8,0
1723478536,69,Grouper,638566333225532626,15,5,2,15,2
1723478657,22,Pufferfish,3543883484007862863,15,2,1,19,0
1723478778,33,Cod,7225521233405492687,24,3,4,16,9
1723478898,48,Electric Eel,17152041903469597322,22,7,3,20,2
1723479019,25,Catfish,6580494575212820056,18,3,1,19,0
1723479140,45,Clownfish,12527278401156005672,16,5,1,20,0
1723479261,49,Damsel Fish,1540634135234286970,17,1,2,20,0
1723479382,63,Barracuda,10376614165400904993,30,5,1,10,2
1723479502,69,Grouper,6356860054292705108,19,5,2,6,0
1723479623,14,Sardine,1714796708763707136,13,1,3,9,0
1723479743,29,Herring,5665909532321377619,19,5,3,20,0
1723479864,74,Mola Mola Fish,2141735354109324014,16,6,1,7,0
1723479985,7,Bass,14559204744583436235,19,1,4,10,0
1723480106,77,Turtle,7963681236922318140,17,1,4,6,0
1723480226,29,Herring,16654936920293704376,24,4,1,13,0
1723480347,62,Barracuda,12710873538779172120,20,5,2,15,0
1723480468,5,Perch,10839227439322181775,18,1,4,10,0
1723480589,62,Barracuda,15257554037207930007,22,5,4,9,0
1723480710,17,Spot Fish,4054672815356432389,20,2,1,1,0
1723480830,19,Trout,4769462413317177971,17,2,2,8,0
1723480951,71,Angel Fish,16878560306942444443,22,5,3,9,3
1723481072,38,Snapper,12222345964045097530,23,4,2,16,3
1723481244,69,Grouper,8503770328387888567,14,2,3,14,0
1723481365,7,Bass,13334593682404490124,23,1,2,12,0
1723911653,37,Snapper,10019167500606948782,22,3,3,19,0
1723911846,93,Blue Lobster,9871195972569969014,29,4,3,9,1
1723911989,69,Grouper,10438036272948578069,18,6,2,6,1
1723912121,17,Spot Fish,12748975879165059739,20,5,3,20,5
1723912254,3,Tilpia,3616653316231778999,20,5,1,5,0
1723912386,16,Trout,14413356934268612759,15,5,3,8,0
1723912517,67,Grouper,4532840503607392643,20,3,1,13,0
1723912649,49,Damsel Fish,9986429632638251411,20,2,3,19,0
1723912780,80,Starfish,23425132496402761,16,2,2,14,0
1723912912,31,Cod,4959455519865316429,19,4,1,5,0
1723913043,67,Grouper,8016740467294744072,24,1,1,12,0
1723913174,16,Trout,5754160181656016940,20,2,4,16,0
1723913306,50,Damsel Fish,4263882625168142718,24,1,4,14,0
1723913437,43,Clownfish,14593975594223417311,22,1,4,2,0
1723913569,92,Lobster,18144884293447592006,20,1,3,4,0
1723913701,62,Barracuda,16802802939860786040,18,1,2,5,0
1723913833,59,Salmon,1072590860206840588,16,2,2,12,0
1723913966,89,Seahorse,16802502270289902640,19,3,3,12,0
1723914099,61,Barracuda,4682161732352232840,19,3,1,19,0
1723914231,43,Clownfish,850175580146239925,17,3,3,6,0
1723914364,33,Cod,11710902789274482293,21,2,4,21,0
1723914496,11,Sardine,4149144161497838480,17,1,3,20,0
1723914629,13,Sardine,8127560005275551686,18,6,2,10,0
1723914762,7,Bass,13801636167969698176,14,1,4,3,0
1723914894,13,Sardine,951338697317794704,20,3,2,16,2
1723915027,77,Turtle,14972138920515692324,22,5,3,19,2
1723915159,104,Boot,6632795634954299573,20,5,3,8,1
1723915292,28,Anchovy,9793050804789088392,18,6,3,10,0
1723915425,24,Pufferfish,1093078296878415189,26,4,4,7,2
1723915557,83,Crab,14269949266758388708,25,4,4,14,0
1723915690,58,Salmon,16273462088953467595,17,1,1,14,0
1723915822,80,Starfish,14253763178250552959,23,3,4,11,0
1723915955,83,Crab,12558375113165348512,20,5,3,12,0
1723916087,23,Pufferfish,6165471850140608806,15,6,3,17,0
1723916220,43,Clownfish,4199381705248091454,19,4,4,11,0
1723916353,46,Eel,2842299098966163905,23,6,1,10,2
1723916485,58,Salmon,18320171199440712380,20,4,1,9,0
1723916617,38,Snapper,2811111087655572030,23,4,3,7,1
1723916748,49,Damsel Fish,3611940287230982182,18,3,3,5,0
1723917018,15,Spotfish,3001903699088484858,21,7,3,11,2
1723917394,58,Salmon,9377499590888357945,21,3,3,8,0
1723917674,61,Barracuda,12026343742314890597,22,3,1,3,0
1723917799,62,Barracuda,14387672108654939192,15,6,2,4,0
1723917920,101,Red Handfish,17812699031463263650,35,6,6,19,10
1723918052,67,Grouper,14429624069272320664,15,3,2,11,0
1723918179,47,Eel,17271251435814665587,19,3,3,14,0
1723918301,31,Cod,14513337320925137006,16,1,4,7,0
1723918424,40,Anglerfish,15010174388279213640,16,3,3,18,0
1723918547,60,Green Salmon,370540447280995956,23,3,4,6,0
1723918671,58,Salmon,10343305231173013504,25,1,2,1,0
1723918916,57,Spearfish,4279457650680896604,28,6,1,9,4
1723919160,46,Eel,5799118199897052957,14,2,1,20,0
1723919379,48,Electric Eel,5475158339491571961,23,6,3,2,2
1723919503,30,Herring,7194512696849081082,17,3,4,15,0
1723919753,46,Eel,10726842864866868629,19,5,4,6,0
1723919969,5,Perch,15013662360329887014,23,6,2,6,4
1723920092,82,Starfish,15244201299790090221,23,4,1,3,0
1723920336,69,Grouper,1428842816546753166,21,2,2,5,0
1723920459,105,GamerPieJess fish,2542271623074053607,20,6,1,14,0
1723920594,102,Axolotl,10633279312104721927,21,10,2,20,14
1723920716,3,Tilpia,3870414057489901879,21,6,1,1,0
1723920841,71,Angel Fish,17700848238881103673,16,5,3,6,0
1723920963,19,Trout,6539603625995233535,24,1,3,19,3
1723921086,68,Grouper,10622748959227544167,27,3,4,18,0
1723921209,46,Eel,11450827019419553131,15,5,4,3,0
1723921331,89,Seahorse,6713713916669227955,19,2,3,5,0
1723921455,63,Barracuda,4416616579586197382,17,2,4,5,0
1723921691,42,Anglerfish,10511375427089397970,21,6,3,3,0
1723921821,87,Shrimp,7804423622734379995,24,4,3,14,0
1723921944,31,Cod,6538843054064255681,17,4,3,19,0
1723922069,93,Blue Lobster,14375523288942070711,20,3,1,3,0
1723922192,29,Herring,5729905036051780837,15,1,1,9,0
1723922436,61,Barracuda,13324104731489338062,15,1,2,13,0
1723922680,44,Clownfish,13732130696166249239,15,2,1,3,0
1723922924,11,Sardine,3149438746724647480,18,4,3,12,0
1723923168,83,Crab,2763492030437719866,18,2,3,13,0
1723923291,83,Crab,11268937407706599744,18,1,2,8,0
1723923535,30,Herring,13320450376410766330,21,6,3,4,0
1723923657,34,Triple Tail,5688436771894496218,14,1,1,9,0
1723923805,32,Cod,1530402967939066258,20,4,1,19,0
1723923928,9,Bass,12894649031038012626,31,3,1,21,2
1723924172,80,Starfish,7176650974551534394,13,6,1,2,0
1723924295,49,Damsel Fish,16089407371253489161,19,5,3,7,3
1723924539,89,Seahorse,15442716691797283958,19,2,2,20,0
1723924783,74,Mola Mola Fish,12967546175646459787,18,2,3,10,0
1723925027,68,Grouper,1907242180543540555,26,5,4,14,0
1723925271,25,Catfish,14876569525777205302,22,1,4,4,0
1723925515,26,Catfish,96655602375975890,18,5,4,9,3
1723925759,7,Bass,18227578776855995277,12,1,3,12,0
1723926003,11,Sardine,7411638099982789819,24,4,4,20,4
1723926156,62,Barracuda,12996488868089812947,22,6,4,7,18
1723926363,31,Cod,17184707595089699858,20,4,3,15,0
1723926491,43,Clownfish,12667223289470708887,22,1,4,4,0
1723926735,13,Sardine,11417907552755356429,21,5,3,14,3
1723926973,1,Tilapia,16172164156459841934,16,5,4,16,0
1723927102,38,Snapper,824453398794975667,18,2,3,5,0
1723927346,3,Tilpia,3278624833135952605,16,2,2,8,0
1723927590,52,Bluegill,10271962911054409456,21,3,1,6,0
1723927835,14,Sardine,18211731297711358443,25,3,1,17,0
1723928079,40,Anglerfish,1786308116608405908,20,6,1,12,0
1723928323,86,Shrimp,13597302603367816957,23,5,4,1,0
1723928568,62,Barracuda,18190802814977956353,19,5,4,17,10
1723928812,61,Barracuda,16957857142964739440,21,2,1,3,0
1723929056,52,Bluegill,948602583288059847,19,3,4,14,0
1723929301,19,Trout,9970071325686289201,13,3,2,2,0
1723929545,49,Damsel Fish,10361545770042034168,18,6,2,18,0
1723929789,64,Piranha,4972302557720388862,23,3,2,11,0
1731329079,2,Tilapia,8484691924463814824,25,6,1,14,0
1731329202,55,Spearfish,11755814568218938020,20,5,3,8,0
1731329326,104,Boot,15530160351120830753,18,2,1,16,1
1731329451,31,Cod,8550743696916138648,18,3,4,17,0
1731329576,64,Piranha,4461512031731514284,23,6,3,16,6
1731329698,13,Sardine,18404633579089289843,22,6,3,6,7
1731329835,19,Trout,8678955285582268500,16,3,1,13,0
1731330044,23,Pufferfish,8875017864361282908,25,4,4,1
1731330243,81,Starfish,11665646696523346147,20,4,1,4,0
1731330804,43,Clownfish,12359176343072910648,19,2,3,15,0
1731331114,30,Herring,9337944537063399592,18,4,1,4,0
1731332909,67,Grouper,15096951426833359706,22,4,3,2,0
