53,Bluegill,2191910108681552248,16,1,3,6,0
29,Herring,4362535118667238554,21,1,2,11,0
34,Triple Tail,10495443458876520413,19,5,2,11,0
46,Eel,13913660678684115456,15,2,2,18,0
92,Lobster,9795751215348489568,18,6,4,20,10
23,Pufferfish,11180136399343358033,22,3,2,14
78,Turtle,9653713536484001603,30,2,2,19
5029,{NULL}fish,14086287063791841596,100,0,0,0
34,Triple Tail,14696494818145983954,18,4,1,2
54,Redgill,14662698031680065275,22,2,3,17
81,Starfish,7472233975886878721,20,2,4,6
62,Barracuda,13934666191678317901,20,3,1,13
8,Bass,16270810602283021975,22,5,1,20
50,Damsel Fish,4919918271099256819,24,6,1,10
29,Herring,9704388880922790713,24,5,1,1
7,Bass,4245772362048337822,21,6,4,3
100,Jellyfish,8059336170753269206,28,6,2,4
40,Anglerfish,13990452629638351808,18,5,2,2
4,Perch,5326423744051370467,18,6,4,3
76,Mola Mola Fish,2722204624354114656,23,9,6,3
46,Eel,14985585237357075423,24,4,2,14,4
47,Eel,15405984029175744280,15,2,4,17,0
73,Rainbow Trout,2619727102118858867,34,9,6,22,5
44,Clownfish,4164806228409820660,19,1,1,4,0
35,Triple Tail,8119607379578957653,23,3,1,16,0
19,Trout,7824714807109440196,18,6,4,3,0
95,Octopus,9126296761972611989,18,3,3,13,0
10,Sardine,7797285779274017775,18,4,3,17,0
43,Clownfish,4233235070791335368,13,3,3,1,0
9,Bass,8916538746616545458,19,3,2,13,0
17,Spot Fish,8203363091486422467,16,2,4,15,0
20,Trout,5834679213133685159,20,5,2,17,0
23,Pufferfish,247860024031455543,25,3,2,1,0
89,Seahorse,382370114836540910,16,5,2,5,0
53,Bluegill,8531517456097291960,18,5,4,3,0
55,Spearfish,10807959313458633837,18,2,3,11,0
47,Eel,10210583396807924716,13,6,4,10,0
60,Green Salmon,4034942038577078432,18,6,4,21,0
38,Snapper,12273767986084506940,20,5,3,1,0
46,Eel,14757688027162951199,16,2,1,10,0
46,Eel,3363980554993149450,18,6,1,20,0
