44,Clownfish,5623947502148554546,21,2,4,19
50,Damsel Fish,13975518745386117285,23,2,1,14
14,Sardine,6379207011095748409,19,6,4,1
29,Herring,14447022838938170842,23,4,3,12
38,Snapper,16633990882911378303,24,3,2,15
32,Cod,2585721712318863206,21,6,1,17
29,Herring,9292695623735313492,20,4,2,17
8,Bass,14054380673798678156,25,1,2,12
44,Clownfish,12168631352566547972,12,6,2,8
74,Mola Mola Fish,2087358767713624709,21,1,1,11
37,Snapper,623257069384176255,21,1,3,5
29,Herring,3856493272576614970,21,5,3,3
60,Green Salmon,10721797153269025174,23,4,2,20
25,Catfish,1323462251959589437,18,4,1,17
15,Spotfish,17038527452199026926,20,2,2,16
74,Mola Mola Fish,8974715057137376872,17,2,4,17
37,Snapper,1342993227471219677,20,3,2,2
16,Trout,8234127657650039396,19,5,1,20
38,Snapper,2713861151095555744,19,5,2,20
47,Eel,15029582724243643640,22,5,1,11
23,Pufferfish,1722033091110155402,24,2,4,12
16,Trout,2611025395672575045,20,2,3,16
14,Sardine,275275691528855338,24,6,3,7
87,Shrimp,6937324203846367935,20,2,4,15
53,Bluegill,12619080760190838948,20,1,3,3
30,Herring,9748406966460688776,17,5,1,2
