1720420143,1,Tilapia,235501462013791228,21,4,1,7
1720420143,81,Starfish,6949200293789625460,19,6,1,14
1720420143,5,Perch,9133048557103600766,18,2,1,6
1720420143,44,Clownfish,13927795778021644495,16,1,3,7
1720420143,34,Triple Tail,16837961648802809757,23,1,2,18
1720420143,22,Pufferfish,6632998229491506615,21,6,3,17
1720420143,23,Pufferfish,3719385041194473490,20,1,4,15
1720420143,30,Herring,10209070517061533183,22,1,2,2
1720420143,4,Perch,885454386659371740,18,6,4,13
1720420143,29,Herring,1721937362392472063,17,6,4,17
1720420143,44,Clownfish,4159620070796196439,22,5,4,16,0
1731333207,62,Barracuda,5209047453211221211,19,2,1,18,0
1731673532,91,Golden Seahorse,12612467429985744817,21,6,2,17,1
1731673703,48,Electric Eel,101997153722872406,24,5,3,17,4
1731673844,30,Herring,2056617935439077616,19,6,2,1,0
1731673970,46,Eel,3073893006910208251,22,5,3,1,0
1731674095,61,Barracuda,3130756453256716636,24,1,4,15,0
1731674239,61,Barracuda,5919888591221626101,18,6,4,20,7
1731674375,24,Pufferfish,4393294647428682439,23,2,1,18,0
1731674497,82,Starfish,9424770964968062002,19,2,2,13,0
1731674634,19,Trout,15168790284854775226,21,2,3,11,0
1731674760,65,Piranha,10931575978566737687,19,3,4,9,0
1731674951,81,Starfish,4483759606624945583,20,1,1,19,0
1731675080,89,Seahorse,9497476880453424369,23,2,3,6,0
1731675216,82,Starfish,1942298860080135896,27,4,1,9,0
1731675339,69,Grouper,12148796735236532555,22,6,1,4,0
1731675482,66,Piranha,3072752489327195044,18,6,2,8,0
1731675611,77,Turtle,13382735744369695862,14,2,4,9,0
1731678767,83,Crab,6127345843917263018,18,4,2,7,0
1731681471,10,Sardine,12716998818529856328,26,5,1,1,0
1734801034,59,Salmon,3952815201873901495,19,4,4,4,0
1734801155,17,Spot Fish,16220351959302365087,20,6,2,6,0
1734801296,70,Angel Fish,4087739733583515138,17,2,4,11,0
1734801454,74,Mola Mola Fish,6145879080491675817,20,5,4,6,0
1734801575,83,Crab,17124302451286119352,19,5,4,19,3
1734801696,19,Trout,3010061123079114636,22,4,3,4,0
1734808545,52,Bluegill,5140267005225466371,24,3,1,18,0
