1720420143,31,Cod,6263647925020696586,22,6,3,9
1720420143,5027,Cutthroat Trout,15773984863832934540,24,6,4,5
1720420143,5,Perch,15966307757209618730,25,1,3,3
1720420143,8,Bass,4975229321821739967,18,1,1,3
1720420143,40,Anglerfish,16772840867058485298,25,1,3,6
1720420143,63,Barracuda,14168210891237527166,32,2,2,8
1720420143,68,Grouper,16090638705598626093,28,5,1,17
1720420143,1,Tilapia,11188059909488170971,18,5,2,10
1720420143,11,Sardine,12984191917409749456,21,4,2,3
1720420143,54,Redgill,18357054323394452220,25,5,2,10
1720420143,81,Starfish,8671382956389793624,16,6,3,12
1720420143,11,Sardine,14198982586417453597,18,5,2,7
1720420143,1,Tilapia,6181450232835341703,20,4,3,4
1720420143,23,Pufferfish,9599557638558836279,20,2,1,6
1720420143,45,Clownfish,1328895202296698811,26,6,2,5
1720420143,34,Triple Tail,1279901939224769088,25,1,3,11
1720420143,4,Perch,15549448991409539569,16,4,3,1
1720420143,51,Damsel Fish,5884838980955606454,25,7,3,14
1720420143,11,Sardine,16545619326226795209,19,4,1,10
1720420143,43,Clownfish,13367238696609070210,25,5,2,15
1720420143,23,Pufferfish,14401639725332056093,15,1,4,2
1720420143,14,Sardine,7508015560580544865,25,2,3,11
1720420143,44,Clownfish,13057837333312854664,21,2,2,18
1720420143,22,Pufferfish,11389284046452650563,25,2,2,9
1720420143,84,Crab,1509939807212136998,21,7,4,7
1720420143,28,Anchovy,12161050273705279200,25,2,2,13
1720420143,1,Tilapia,16448231546912026298,19,2,3,6
1720420143,28,Anchovy,16253716773839494927,19,2,4,17
1720420143,22,Pufferfish,12750025702210122865,12,3,2,5
1720420143,1,Tilapia,12435037432859782184,18,2,1,1
1720420143,62,Barracuda,3579690638684064735,16,1,4,6
1720420143,77,Turtle,12364729161195362632,20,4,4,11
1720420143,32,Cod,833676117029102295,20,1,1,14
1720420143,8,Bass,1632160564887649450,18,4,3,4
1720420143,62,Barracuda,4971297298732386553,20,2,3,1
1720420143,19,Trout,5152283536388603955,13,4,3,18
1720420143,23,Pufferfish,17629099481986064848,17,5,2,4
1720420143,95,Octopus,624979905115430222,24,3,3,12
1720420143,81,Starfish,16889052648914890269,20,5,4,18
1720420143,16,Trout,15226095203270013397,22,1,3,9
1720420143,4,Perch,6956747802721484594,18,4,3,5
1720420143,54,Redgill,9961368736328078151,25,4,1,15
1720420143,25,Catfish,14653042539939717814,14,6,1,12
1720420143,13,Sardine,8578294126158842661,18,5,1,15
1720420143,10,Sardine,14156306420956766508,21,5,4,18
1720420143,17,Spot Fish,5556973561247065641,14,1,3,12
1720420143,59,Salmon,17974709719751918932,21,1,2,7
1720420143,56,Spearfish,9292892512350382316,30,3,2,18
1720420143,95,Octopus,18419259372163450405,21,4,3,2
1720420143,5031,Boot,140948775928260499,24,1,1,17
1720420143,8,Bass,5544551955653908601,18,2,4,9
1720420143,19,Trout,2442305625839309131,18,6,2,8
1720420143,71,Angel Fish,15714693026609338409,22,5,2,14
1720420143,53,Bluegill,6165074592925342025,13,3,3,18
1720420143,46,Eel,7340340327145550857,18,5,2,13
1720420143,40,Anglerfish,5904968994666370355,23,2,2,10
1720420143,50,Damsel Fish,18403453475947445899,23,2,4,19
1720420143,24,Pufferfish,3768002658246785050,22,2,3,4
1720420143,5,Perch,4968907152753700425,23,2,3,15
1720420143,75,Mola Mola Fish,2695098509677013686,26,4,4,8
1720420143,5067,Pop-eyed goldfish,10543911751861454516,22,4,4,18
1720420143,37,Snapper,3157768044245753383,18,4,3,12
1720420143,53,Bluegill,10806395431980216294,17,1,1,5
1720420143,87,Shrimp,14678927965001930181,20,5,3,5
1720420143,4,Perch,887220275474943562,21,5,4,7
1720420143,56,Spearfish,11787576856625287641,24,7,1,9
1720420143,25,Catfish,3980413091428584152,19,2,4,13
1720420143,38,Snapper,706701128511580528,12,3,2,3
1720420143,62,Barracuda,16748322226436850742,21,2,2,7
1720420143,27,Catfish,5386615238564135795,31,4,1,5
1720420143,5,Perch,13720661764284777378,20,4,3,14
1720420143,55,Spearfish,11940187005558499348,17,2,1,9
1720420143,22,Pufferfish,6226182178534470564,22,6,4,5
1720420143,89,Seahorse,14258741143840047306,19,3,2,7
1720420143,84,Crab,564964612471626796,19,5,4,8
1720420143,41,Anglerfish,13100915422750202388,25,4,2,10
1720420143,26,Catfish,4687837951846475238,21,3,3,20
1720420143,31,Cod,13661182853839138709,15,1,4,7
1720420143,43,Clownfish,5663136026724694060,22,4,2,14
1720420143,79,Turtle,8354273881744800226,22,6,1,15
1720420143,59,Salmon,3119598061260129499,24,4,2,16
1720420143,17,Spot Fish,11869106030027234596,18,1,4,19
1720420143,89,Seahorse,17123828195882722199,16,4,2,3
1720420143,37,Snapper,926671768077061049,24,1,3,4
1720420143,7,Bass,11236635100949330181,17,5,1,18
1720420143,40,Anglerfish,11546649812239332274,19,6,1,2
1720420143,14,Sardine,16922816974451555935,17,1,4,9
1720420143,19,Trout,3505575802948713214,19,6,1,16
1720420143,23,Pufferfish,3387792627591305626,21,2,4,3
1720420143,4,Perch,18130174402689902751,20,6,2,4
1720420143,89,Seahorse,13819833018831992409,17,2,3,4
1720420143,5,Perch,440785056732091697,15,6,2,2
1720420143,17,Spot Fish,16741402483036179898,19,4,3,7
1720420143,74,Mola Mola Fish,17107381138584898201,16,2,4,5
1720420143,11,Sardine,7848795345746218693,18,2,3,12
1720420143,62,Barracuda,878628994091083794,13,4,1,7
1720420143,59,Salmon,14959581206563566265,23,3,1,9
1720420143,16,Trout,10840137587131542845,15,5,3,9
1720420143,43,Clownfish,12534567701921154447,23,5,2,6
1720420143,5067,Pop-eyed goldfish,2003726126437707889,26,4,1,14
1720420143,23,Pufferfish,2867625075408346535,22,5,2,4
1720420143,43,Clownfish,5230051559670642247,21,6,4,2
1720420143,30,Herring,12087112895828078632,26,6,4,17
1720420143,23,Pufferfish,18132735723932477173,25,3,3,8
1720420143,1,Tilapia,16993277868800585274,22,5,3,10
1720420143,5031,Boot,14164934531830119097,22,3,4,18
1720420143,23,Pufferfish,8783946204980889039,19,2,1,8
1720420143,14,Sardine,415883368081849081,21,4,2,10
1720420143,14,Sardine,11759401556282132047,18,1,2,2
1720420143,68,Grouper,11835300678162578931,20,4,4,21
1720420143,37,Snapper,962098765651950583,23,5,2,3
1720420143,28,Anchovy,7915676451483971006,18,1,1,12
1720420143,59,Salmon,10548221857198163253,17,2,2,10
1720420143,5067,Pop-eyed goldfish,13621679535880048610,23,6,4,13
1720420143,62,Barracuda,8054689000079921759,17,1,1,17
1720420143,31,Cod,444967304944701206,17,4,2,3
1720420143,23,Pufferfish,17332028901554608532,17,2,1,16
1720420143,30,Herring,14648571680726902744,18,2,4,6
1720420143,16,Trout,15552877025966784796,19,6,2,13
1720420143,13,Sardine,1785145958487269416,22,2,4,6
1720420143,10,Sardine,10312524848833897624,21,2,4,18
1720420143,25,Catfish,8425866047594322219,24,4,2,10
1720420143,30,Herring,18069357334671620506,16,5,4,1
1720420143,16,Trout,14692196926120365050,23,3,4,12
1720420143,44,Clownfish,9317509392423586657,13,3,1,7
1720420143,71,Angel Fish,16780094759103692033,14,6,3,9
1720420143,13,Sardine,14808287030144766222,20,4,3,9
1720420143,22,Pufferfish,16720304068714613284,12,5,4,13
1720420143,14,Sardine,18085891269294550034,21,4,1,15
1720420143,23,Pufferfish,4670889964735266914,14,3,1,15
1720420143,28,Anchovy,13177927626944752946,21,1,1,3
1720420143,62,Barracuda,8920798300478446293,23,5,1,19
1720420143,20,Trout,1835081957158470,24,2,1,10
1720420143,37,Snapper,4676967741780600986,18,4,2,19
1720420143,10,Sardine,16147617476665315325,13,2,4,2
1720420143,72,Angelfish,3016177943627889457,24,4,4,2
1720420143,46,Eel,9778669632428440,23,4,3,11
1720420143,37,Snapper,14274827596809781199,26,4,2,11
1720420143,31,Cod,18098110249945508378,23,2,3,16
1720420143,23,Pufferfish,794497356402268948,13,1,1,10
1720420143,28,Anchovy,1796046385204456647,20,1,2,2
1720420143,22,Pufferfish,2740802317460966987,19,5,3,2
1720420143,89,Seahorse,13388576132930334110,16,5,1,19
1720420143,34,Triple Tail,558105340349140971,19,2,4,20
1720420143,45,Clownfish,10440396580673931315,31,4,4,9
1720420143,17,Spot Fish,4076441490462163240,14,1,3,18
1720420143,62,Barracuda,15926331098105372787,22,3,1,12
1720420143,1,Tilapia,5674243243467181370,13,4,3,8
1720420143,34,Triple Tail,16624634795297519064,18,5,2,1
1720420143,74,Mola Mola Fish,15759797098900698980,15,4,2,6
1720420143,14,Sardine,9810234646098394226,20,1,3,3
1720420143,11,Sardine,5423867884414308176,21,3,3,15
1720420143,65,Piranha,7579286035831973736,20,6,3,8
1720420143,22,Pufferfish,4569198062156949832,17,5,4,8
1720420143,5059,Great white shark,17498654057126058169,21,3,4,6
1720420143,82,Starfish,4375145078685652120,19,7,2,8
1720420143,23,Pufferfish,9171204801694001336,17,2,3,3
1720420143,53,Bluegill,5500239121292765239,17,1,2,12
1720420143,13,Sardine,18075637914384000284,24,4,3,12
1720420143,1,Tilapia,13924442308985365964,18,3,3,16
1720420143,55,Spearfish,16369941830151944918,20,3,4,14
1720420143,16,Trout,6572485122651254555,16,6,4,18
1720420143,11,Sardine,2917458558099565193,19,6,2,19
1720420143,11,Sardine,17101529222140595716,17,3,4,12
1720420143,5031,Boot,14599351928478679675,22,1,1,1
1720420143,65,Piranha,859899521200872682,19,3,4,11
1720420143,47,Eel,7498383585834471072,25,2,2,8
1720420143,4,Perch,11459827593204515754,17,2,4,5
1720420143,71,Angel Fish,2760776657770500337,23,6,3,4
1720420143,51,Damsel Fish,13907128520267531289,27,2,2,11
1720420143,34,Triple Tail,15688441013051849907,19,2,4,12
1720420143,4,Perch,9527864166619428858,18,4,4,18
1720420143,71,Angel Fish,14312392820067323227,23,5,4,10
1720420143,32,Cod,7952330069093592554,23,1,2,12
1720420143,48,Electric Eel,767524903487838039,22,6,4,5
1720420143,37,Snapper,13754176904306484968,19,5,2,15
1720420143,13,Sardine,5298557920162511692,19,5,4,16
1720420143,7,Bass,4570637509565799017,17,1,3,4
1720420143,13,Sardine,14144085557926359515,20,5,1,7
1720420143,17,Spot Fish,17522941854242435480,21,5,4,12
1720420143,17,Spot Fish,11563893630091652200,16,4,4,20
1720420143,37,Snapper,11822751472833688337,13,3,2,15
1720420143,16,Trout,14449976458728657928,21,1,4,2
1720420143,25,Catfish,3227492565450142530,21,4,2,18
1720420143,47,Eel,17524713564963351187,21,3,4,12
1720420143,5049,Axolotl,6509127303423985566,27,7,2,14
1720420143,11,Sardine,12928195776731127455,21,3,1,18
1720420143,3,Tilpia,9927628597642276446,17,3,4,10
1720420143,16,Trout,9849058801592692866,22,3,2,16
1720420143,16,Trout,14527705560362283152,18,6,3,17
1720420143,4,Perch,8970179918194700377,19,5,3,8
1720420143,40,Anglerfish,7362563210890644800,16,3,1,4
1720420143,28,Anchovy,13278889525292500494,18,6,4,17
1720420143,2,Tilapia,12692578850850446635,18,3,1,1,0
1720420143,59,Salmon,16768525003683045332,17,1,4,10,0
1720420143,17,Spot Fish,8601828108897292653,16,5,4,13,0
1720420143,62,Barracuda,13970557632310403959,19,6,2,15,0
1720420143,55,Spearfish,8887925950443709964,18,2,4,16,0
1720420143,37,Snapper,4873406952542240451,18,2,2,13,0
1720420143,59,Salmon,11308046807741453085,14,3,2,19,0
1720420143,77,Turtle,8362978349506731621,12,4,2,16,0
1720420143,23,Pufferfish,8420269256800062506,25,3,4,6,0
1720420143,71,Angel Fish,2467653264155254289,18,2,4,3,0
1722486096,86,Shrimp,8646971179707838651,16,5,4,2,0
1722486239,13,Sardine,9744234100207779491,25,3,3,4,0
