1720420143,71,Angel Fish,2838618243870660037,21,4,3,5
1720420143,10,Sardine,15250802759883078341,25,4,3,11
1720420143,7,Bass,9364655251668676315,18,4,3,8
1720420143,16,Trout,8850108131148546844,15,1,4,18
1720420143,11,Sardine,7208214695486567935,16,3,1,17
1720420143,11,Sardine,14410613025039052325,21,3,1,13
1720420143,11,Sardine,9721786044871022160,18,2,2,7
1720420143,17,Spot Fish,18372577717446496448,19,2,2,14
1720420143,34,Triple Tail,13417679068565420472,13,4,4,11
1720420143,31,Cod,10301396511472240112,24,1,3,10
1720420143,17,Spot Fish,15947538872346588011,18,3,2,2
1720420143,16,Trout,5673798929890858551,19,2,3,18
1720420143,28,Anchovy,3414875605378266969,20,2,1,13
1720420143,6,Perch,11778738867982195136,21,4,3,13
1720420143,11,Sardine,7630724209589250839,20,6,2,13
1720420143,23,Pufferfish,12243610378536758335,18,5,1,3
1722757847,20,Trout,17629765373913748633,25,4,2,11,1
1722757967,13,Sardine,5212529098423417341,21,5,3,20,4
1722758370,74,Mola Mola Fish,12016569995187899959,21,3,3,7,0
1722758579,77,Turtle,3102186726810337671,20,2,3,2,0
1722758702,7,Bass,582609343631627616,20,4,4,1,0
1722758824,34,Triple Tail,15102390565938265438,24,6,3,16,9
1722760024,89,Seahorse,7594210831066249066,19,6,3,2,0
1722760244,23,Pufferfish,4876435298454184668,18,4,3,13,0
1722760381,65,Piranha,8126315887185237015,16,1,3,3,0
1722760514,40,Anglerfish,2700682111748721754,15,4,1,11,0
1722760645,74,Mola Mola Fish,16682693908731905227,15,1,4,19,0
1722760771,86,Shrimp,9538123768842675851,16,2,4,16,0
1722760897,39,Snapperfish,7030192551483657882,26,7,3,18,18
1722762089,99,Jellyfish,5715884696627153940,23,1,2,20,0
1722762307,37,Snapper,1933771398031521410,14,5,4,12,0
1722762631,80,Starfish,651732701655180328,19,3,3,11,0
1722763241,15,Spotfish,9364552331474965868,20,6,1,10,0
1722763802,55,Spearfish,10768450821835062498,20,4,1,7,0
1722763989,34,Triple Tail,15887876709408228368,22,5,1,15,0
1722764165,13,Sardine,17521003932260408947,21,2,1,17,0
1722764392,13,Sardine,14705049621912175056,21,1,4,4,1
1722765203,100,Jellyfish,3165992033228301983,31,7,4,12,16
1722765913,32,Cod,7839275156493660179,15,3,2,14,0
1722766035,50,Damsel Fish,95913175467165999,18,4,1,20,0
1722766177,26,Catfish,7662771503964171503,23,7,2,6,12
1722766617,54,Redgill,10241025428146489069,23,2,4,11,0
1722766862,11,Sardine,4478419489810517918,14,2,1,10,0
1722767060,86,Shrimp,13780156634359605709,23,1,3,19,0
1722767202,17,Spot Fish,5403801272466941207,15,4,3,11,0
1722767397,43,Clownfish,11746893284480431753,16,4,4,15,0
