62,Barracuda,6541495356453422792,23,3,2,5
26,Catfish,9766725404855374599,24,7,4,8
37,Snapper,2108975603196141251,15,6,3,17
4,Perch,7326107734658077204,18,6,3,11
31,Cod,4803437775952928367,18,6,3,10
13,Sardine,10019152984424168466,14,6,3,4
7,Bass,13746270623665029786,18,5,2,10
25,Catfish,8720904722413313256,16,4,2,18
13,Sardine,828695257760705273,22,4,3,14
11,Sardine,4125352150447181011,22,2,3,17,0
16,Trout,7452923822917026801,15,1,3,15
1,Tilapia,7928256636591606940,16,4,4,3
69,Grouper,4083189582551156080,16,1,3,10,0
61,Barracuda,10530197591344047020,16,4,2,13,0
64,Piranha,2821612848028005181,16,2,4,2,0
89,Seahorse,15287098036789013767,20,3,4,2,0
34,Triple Tail,6341647510096113272,15,1,4,16,0
46,Eel,18039205833256275302,23,4,4,16,0
37,Snapper,10869483935099235396,14,1,1,6,0
80,Starfish,1290409864136733580,16,1,3,7,0
74,Mola Mola Fish,8546002609569969870,13,3,2,9,0
11,Sardine,5938479275477861187,22,3,1,2,0
52,Bluegill,12995276195943534331,22,5,1,4,0
34,Triple Tail,12031998649160552367,20,2,1,7,0
62,Barracuda,1782489463745107256,22,6,4,1,0
37,Snapper,1236614955151949345,18,4,1,17,0
43,Clownfish,11801683332434815869,24,3,2,2,0
46,Eel,3084683873806944979,22,2,4,9,0
77,Turtle,3794246273759284512,19,6,4,12,0
23,Pufferfish,6362584897667615172,22,1,1,4,0
49,Damsel Fish,7107774193331686695,18,6,3,8,0
86,Shrimp,11305133543680033642,18,3,4,13,0
61,Barracuda,11254569245576156751,19,3,4,16,0
32,Cod,13876865465059566261,17,3,3,3,0
5059,Great white shark,4863993249871148457,29,5,1,19,8
40,Anglerfish,9957192012972692912,16,4,1,1,0
70,Angel Fish,3782622404248105540,18,1,2,15,0
44,Clownfish,4298978904128745203,15,6,2,7,3
2,Tilapia,8627080389682514511,17,5,4,14,2
13,Sardine,8739303341561730681,16,1,2,3,0
32,Cod,13777564395295599684,18,6,3,7,0
92,Lobster,15316840851464084117,16,2,4,18,0
4,Perch,13267027954227735087,13,3,4,19,0
81,Starfish,10493669875888112607,20,2,2,4,0
4,Perch,15664543788550294923,21,2,4,14,0
40,Anglerfish,10511468641508394412,23,5,1,1,2
7,Bass,4039018703350733029,19,1,2,10,0
11,Sardine,6861428845985010274,17,2,4,19,0
34,Triple Tail,13262265123817684109,19,2,2,3,0
57,Spearfish,17245773214846623272,28,2,3,16,0
69,Grouper,17413702857862041061,14,6,1,7,1
79,Turtle,10829425272710852318,26,10,1,18,18
22,Pufferfish,16852730048801706711,19,2,3,19,0
74,Mola Mola Fish,151959516735722921,23,3,2,6,0
22,Pufferfish,1083014541260774412,17,1,4,18,0
5010,Blahaj,590336115123533877,32,8,6,17,18
70,Angel Fish,4322294384739223085,24,5,4,4,0
17,Spot Fish,13763247558958405547,16,6,1,19,0
69,Grouper,6182896723584163236,19,1,3,18,0
34,Triple Tail,16405367105271353937,15,3,2,17,0
12,Sardine,14779032436612896209,21,4,2,6,0
8,Bass,13698972934382847847,18,6,4,7,0
67,Grouper,7804816688863763788,20,3,4,14,0
32,Cod,7198596391708910556,23,4,1,2,0
63,Barracuda,16292780456025455919,34,7,3,11,18
24,Pufferfish,18123526445350954123,13,7,4,7,0
37,Snapper,4442385877358637142,24,3,2,3,0
18,Trout,3888029522291824926,27,2,3,16,0
93,Blue Lobster,10599243362885456998,27,7,4,19,19
19,Trout,7845676181046760628,21,4,1,12,0
43,Clownfish,14500316411102487011,21,1,1,12,0
40,Anglerfish,3339254377403773044,20,1,2,9,0
13,Sardine,8231182547007524266,20,4,3,8,3
31,Cod,13952885175553305297,20,6,4,17,2
26,Catfish,10333163956205305852,21,7,3,9,8
78,Turtle,17728845309942435421,29,7,2,12,0
68,Grouper,13601802501962061406,28,4,4,7,0
3,Tilpia,17513372792064466158,23,5,3,9,0
16,Trout,7874588004440756277,19,1,1,14,0
20,Trout,17407113684519398669,28,4,4,7,9
69,Grouper,5214106201623511046,20,1,3,10,0
89,Seahorse,4702716877414558097,23,5,1,9,0
94,Lobster,8346719059779694562,33,5,3,14,30
89,Seahorse,11962511104173962428,16,1,3,9,0
8,Bass,5374873428491610371,17,1,3,18,0
35,Triple Tail,2726052921890901077,19,5,4,12,3
53,Bluegill,16496235583060210935,23,4,3,9,3
45,Clownfish,7004991922958600641,20,3,2,4,0
62,Barracuda,6093530390513866051,21,6,4,7,4
5026,GamerPieJess fish,15014844894682685882,31,3,1,3,1
89,Seahorse,10649999917572801158,18,2,4,12,0
76,Mola Mola Fish,3438922943427901827,24,10,4,17,30
79,Turtle,1325434672894715460,17,5,5,16,0
29,Herring,2461505514261433662,22,5,2,5,0
43,Clownfish,440823030586818410,15,3,1,11,0
77,Turtle,17315663998149902621,16,2,3,17,0
47,Eel,16805313799686800322,19,3,2,13,0
5,Perch,17381117206129650805,23,2,3,10,0
13,Sardine,8944192255750467204,16,1,3,16,0
5,Perch,2066680680338968854,18,6,2,11,7
80,Starfish,15267345214722107980,19,5,2,11,0
31,Cod,16130778541803033869,19,1,4,6,0
59,Salmon,12260758257495746281,21,2,2,8,0
17,Spot Fish,14376703934244406851,14,3,3,2,0
84,Crab,13133836658031925055,24,5,3,2,4
77,Turtle,204034728861778860,22,1,3,14,0
9,Bass,13519407559458195659,27,2,4,12,0
86,Shrimp,14391641338265377257,15,4,4,7,0
4,Perch,3936209135675758295,15,4,2,1,0
99,Jellyfish,18098674406546912437,22,2,4,1,0
71,Angel Fish,969041895112031058,20,2,2,2,0
41,Anglerfish,14014712121032112205,23,3,3,3,0
50,Damsel Fish,18391870680630566393,19,6,1,19,0
40,Anglerfish,17199096889795636939,22,5,1,13,0
11,Sardine,13853947931056535248,21,5,1,5,0
