1723467659,81,Starfish,17469372865109254064,17,6,2,2,0
1723467784,17,Spot Fish,3285758470759676298,20,2,3,2,0
1723467916,13,Sardine,4656132604636311416,18,5,4,5,5
1723468056,32,Cod,17685354258710180589,19,2,4,2,0
1723468177,49,Damsel Fish,4643773778752177023,15,3,3,14,0
1723841197,37,Snapper,8844950894042388672,16,3,1,11,0
1723841448,100,Jellyfish,5770120746608570418,28,3,3,7,0
1723841587,96,Octopus,12693664946479776981,26,3,2,6,0
1723842062,2,Tilapia,10502396663423281589,16,1,2,18,0
1723842351,67,Grouper,13288291257165250947,19,2,3,2,0
1723842473,3,Tilpia,9988069299941254826,20,4,3,1,0
1723842621,80,Starfish,1038487690234496522,26,4,4,12,7
1723842768,26,Catfish,17947535470920603137,24,4,1,19,0
1723842899,32,Cod,1463817467523423288,18,1,2,15,0
1723843064,83,Crab,9288166265747577135,16,4,3,14,2
1723843188,58,Salmon,6538688534837955444,15,2,4,7,0
1723843399,32,Cod,11597560890963147186,18,5,3,12,0
1723843709,67,Grouper,7820882583644891238,24,5,2,9,12
1723843831,74,Mola Mola Fish,3534190231992769394,20,1,2,15,0
1723843970,13,Sardine,853213293672579088,18,1,3,15,0
1723844096,74,Mola Mola Fish,1310400486560379794,19,1,1,17,0
1723844223,34,Triple Tail,1584785817823098543,17,5,3,1,0
1723844354,80,Starfish,8659987748653678768,13,3,4,2,0
1723844476,13,Sardine,10893988511555940603,22,4,3,9,0
1723844665,99,Jellyfish,12920151299177834618,13,2,3,1,0
1723845049,77,Turtle,7009105287343084218,20,3,3,20,0
1723845268,5,Perch,6733991569889110171,17,3,4,14,0
