1720420143,37,Snapper,17040752288362707248,18,3,3,13
1720420143,61,Barracuda,14321506233269392599,13,4,1,13,0
1720420143,35,Triple Tail,10518336393605860292,28,7,4,19,11
1720420143,61,Barracuda,2654205618175234593,22,5,2,20,7
1720420143,62,Barracuda,12356226737279721175,18,4,3,1,0
1720420143,16,Trout,3866097861364332683,22,1,1,8,0
1720420143,35,Triple Tail,12075297923041973591,22,3,2,13,0
1720420143,69,Grouper,11518662908928500650,15,1,1,11,0
1720420143,61,Barracuda,17875754350954199111,22,4,3,9,0
1720420143,30,Herring,13930658924531782539,19,6,2,5,1
1720420143,23,Pufferfish,17737204781164011294,16,2,3,2,0
1720420143,64,Piranha,14455138073981865094,15,3,4,18,0
1720420143,58,Salmon,14084959521028896161,24,3,4,16,0
1720420143,14,Sardine,2026749887770858136,20,4,2,5,0
1720420143,59,Salmon,10880165057230958384,20,6,4,9,0
1720420143,40,Anglerfish,2752637696572675409,17,6,3,16,0
1720420143,52,Bluegill,13507049249650770825,21,1,4,10,0
1720420143,80,Starfish,18210333998192229514,18,4,4,11,0
1720420143,40,Anglerfish,13036891886415658868,17,2,2,6,0
1720420143,19,Trout,4244479118236155927,16,4,4,15,0
1720420143,46,Eel,3760517633661005078,18,2,1,4,0
1720420143,25,Catfish,15556767972013483900,17,2,2,11,0
1720420143,70,Angel Fish,18122815312772297298,24,4,1,3,0
1720420143,16,Trout,14496764026286804490,16,3,2,1,0
1720420143,34,Triple Tail,17076921138663307234,15,4,4,17,0
1720420143,1,Tilapia,6385619444555102516,19,4,2,19,0
1720420143,29,Herring,18329523861596181427,15,5,3,19,0
1720420143,54,Redgill,9590820454681060975,25,6,2,14,5
1720420143,31,Cod,18190398904403986849,20,1,1,18,0
1720420143,83,Crab,17539652146235591466,19,2,3,14,0
1720420143,59,Salmon,1888440712602296223,23,3,2,12,0
1720682564,71,Angel Fish,13483501442611166207,20,5,1,7,0
1720919242,2,Tilapia,767452116828456423,18,4,1,8,0
1720919656,11,Sardine,16283359774789139189,21,5,3,18,0
1720919843,58,Salmon,990395338438589349,25,5,4,9,4
1722757284,37,Snapper,18073734756828232736,17,3,1,10,0
1722757633,31,Cod,12248158276920914988,20,4,4,5,0
1722758057,99,Jellyfish,15699440283244891167,20,5,4,15,0
1722778125,59,Salmon,7493463007885820554,22,6,3,9,5
