1720420143,80,Starfish,17131499078599261236,22,5,3,19,0
1720420143,70,Angel Fish,14817242171521161552,20,6,2,13,0
1720420143,8,Bass,5283048003112506033,21,1,2,7,0
1720420143,99,Jellyfish,6913575039561908928,19,3,1,2,0
1720420143,19,Trout,13005248933209360901,19,2,1,20,0
1720420143,23,Pufferfish,2361381047050409437,14,3,1,16,0
1720420143,14,Sardine,2082865686063261249,23,5,3,18,0
1720420143,92,Lobster,8928385478804584045,14,5,2,7,0
1720420143,83,Crab,8775380549538948446,17,3,1,7,0
1720420143,16,Trout,6949928503184095277,19,6,3,5,3
1720420143,17,Spot Fish,17732391298996349490,17,3,1,3,0
