1720420143,60,Green Salmon,1976006140748023181,29,3,2,9
1720420143,25,Catfish,12766341282955196109,16,3,2,8
1720420143,72,Angelfish,5416224987906317000,19,5,4,6
1720420143,17,Spot Fish,13979221754953118087,17,6,4,14
1720420143,29,Herring,1497662841307770914,19,6,4,19
1720420143,89,Seahorse,7557558928810851802,12,2,3,17
1720420143,5,Perch,12859305680004598416,22,4,3,15
1720420143,33,Cod,7905076174008200892,24,2,3,16
1720420143,54,Redgill,3637007041734425735,22,5,4,21
1720420143,4,Perch,18139802522306408558,17,6,3,4
1720420143,84,Crab,13437802370924794116,33,5,2,2
1720420143,19,Trout,14913866060037848941,19,2,3,3
1720420143,34,Triple Tail,14482719249955565733,25,1,3,5
1720420143,46,Eel,12099232533386747361,12,4,4,4
1720420143,19,Trout,13396929880865886844,23,5,4,14
1720420143,15,Spotfish,703087468510884940,23,3,1,3
1720420143,7,Bass,9012471213078051538,22,2,4,16
