1720420143,103,{NULL}fish,17121182945633256650,100,0,0,0
1720420143,7,Bass,5619100028299429052,15,5,3,6
1720420143,13,Sardine,1824927017119122424,19,5,2,19
1720420143,53,Bluegill,14542205345130387711,23,6,2,13
1720420143,90,Seahorse,3678177659456989571,27,3,3,13
1720420143,71,Angel Fish,16139558259178285283,21,3,4,14
1720420143,77,Turtle,14094072403801599516,25,5,1,11
1720420143,62,Barracuda,8524324295502277538,23,1,1,1
1720420143,7,Bass,648871255959852052,22,2,4,7
1720420143,31,Cod,15769862982182148609,21,4,4,11
1720420143,32,Cod,7038940430461132815,17,3,4,11
1720420143,16,Trout,9554507610467275672,22,3,2,16
1720420143,37,Snapper,5191746347192688006,16,4,3,6
1720420143,65,Piranha,129090339540843553,21,5,4,2
1720420143,4,Perch,10294455895281347254,22,6,3,4
1720420143,44,Clownfish,3344249405034075501,20,3,3,3
1720420143,21,Trout,2985819675947988641,17,6,4,19
1720420143,16,Trout,9844356238125703121,22,6,4,2
1720420143,103,{NULL}fish,17464044941057409029,100,0,0,0
1720420143,55,Spearfish,10663121257456637460,15,5,4,15
1720420143,13,Sardine,2082538774241752662,17,1,1,7
1720420143,55,Spearfish,3563710520765881043,20,2,3,5
1720420143,65,Piranha,843078599096667860,24,6,3,14
1720420143,19,Trout,3373824585126536306,14,2,1,15
1720420143,37,Snapper,9273281459944694538,22,5,3,5
1720420143,19,Trout,16209495882270842362,22,1,3,2
1720420143,34,Triple Tail,15861463867217996455,19,5,1,14
1720420143,17,Spot Fish,1963173669511457801,17,3,4,19
1720420143,62,Barracuda,10328378771632041510,18,2,1,13
1720420143,68,Grouper,16830642304462829643,19,7,1,9
1720420143,8,Bass,15706778139166801463,14,3,3,14
1720420143,28,Anchovy,5584106296290915829,24,2,2,2
1720420143,4,Perch,13822635540443297904,21,5,4,7
1720420143,16,Trout,3345999450268323197,19,6,3,16
1720420143,11,Sardine,12308858738370094799,23,5,1,14
1720420143,62,Barracuda,13833720808985712507,24,4,4,6
1720420143,69,Grouper,17449393730906643605,23,5,2,11
1720420143,23,Pufferfish,17821712023915893247,19,3,2,9
1720420143,19,Trout,8878425330539652188,19,5,4,17
1720420143,25,Catfish,184389679382538583,18,1,3,2
1720420143,19,Trout,10328397241795563487,16,2,2,18
1720420143,84,Crab,15746398751841853692,18,6,2,21
1720420143,17,Spot Fish,7114362630570925913,15,3,4,6
1720420143,43,Clownfish,9698046071073495525,26,3,2,7
1720420143,37,Snapper,3160725109152365352,18,5,2,13
1720420143,69,Grouper,895143548484054488,15,5,1,19
1720420143,53,Bluegill,13763034102140703009,17,1,2,7
1720420143,44,Clownfish,12584077887703207109,19,5,3,17
1720420143,55,Spearfish,8195467120383383478,21,1,1,1
1720420143,28,Anchovy,6073807652619093089,21,5,1,19
1720420143,69,Grouper,355390924268673993,22,5,3,10
1720420143,104,Boot,10483876033904399218,18,6,3,8
1720420143,63,Barracuda,12258486345609204980,31,2,3,10
1720420143,13,Sardine,16537709512269905382,17,5,2,4
1720420143,12,Sardine,15785478346250016538,18,7,3,6
1720420143,51,Damsel Fish,4049092805320775562,28,5,1,17
1720420143,72,Angelfish,13232003145285324644,26,5,4,4
1720420143,29,Herring,9690592861148333278,12,2,2,1
1720420143,1,Tilapia,12596144910581317490,21,2,2,16
1720420143,32,Cod,4217818203586771830,17,2,4,2
1720420143,51,Damsel Fish,110344906568500180,32,3,4,7
1720420143,54,Redgill,15658637570567094720,19,5,4,9
1720420143,62,Barracuda,13616228487390503647,19,2,4,11
1720420143,44,Clownfish,15157279936593028155,16,1,4,9
1720420143,32,Cod,7039064507167861021,24,2,4,19
1720420143,47,Eel,17467523649042243878,14,1,2,17
1720420143,35,Triple Tail,269260363157226008,25,2,1,11
1720420143,13,Sardine,18181694889961781973,21,1,4,7
1720420143,12,Sardine,4860894437298293395,26,5,1,19
1720420143,7,Bass,14375854104250601813,21,5,1,9
1720420143,5067,Pop-eyed goldfish,9833051346659355858,33,2,1,20
1720420143,30,Herring,5289576064855000361,19,1,1,15
1720420143,101,Red Handfish,17571298512708862857,37,5,6,15
1720420143,37,Snapper,15048941625038652071,13,5,1,18
1720420143,41,Anglerfish,13179734294074136656,24,3,3,18
1720420143,16,Trout,5446548122288890246,25,3,3,11
1720420143,59,Salmon,7251245876892019231,24,1,1,6
1720420143,76,Mola Mola Fish,7248791989960656168,34,8,1,15
1720420143,46,Eel,739986559733905982,14,3,3,13
1720420143,28,Anchovy,1467754176317726797,20,6,3,7
1720420143,4,Perch,10617991756531721764,15,4,2,20
1720420143,38,Snapper,12912310655431460371,23,4,4,17
1720420143,11,Sardine,1272333765524268128,20,4,4,19
1720420143,20,Trout,9528417812754807976,24,2,2,17
1720420143,31,Cod,10681965287069157237,20,5,2,14
1720420143,5059,Great white shark,2513439648999663513,19,3,2,8
1720420143,5027,Cutthroat Trout,16685176445636441324,18,7,1,12
1720420143,78,Turtle,8302644870316019615,19,4,1,8
1720420143,48,Electric Eel,7211664214861106715,24,6,4,20
1720420143,71,Angel Fish,17428945972743734478,23,6,1,12
1720420143,3,Tilpia,14771664624947458021,18,2,1,5
1720420143,43,Clownfish,9864458503035747012,13,5,2,7
1720420143,45,Clownfish,9241560622479413098,27,4,4,4
1720420143,76,Mola Mola Fish,14860056514925575933,20,8,1,13
1720420143,103,{NULL}fish,8171586763885114607,100,0,0,0
1720420143,28,Anchovy,14934707852912043825,21,1,4,3
1720420143,15,Spotfish,1836308231144287331,17,2,3,10
1720420143,4,Perch,10944979388663852017,15,6,4,5
1720420143,55,Spearfish,3305993920017514696,22,3,3,12
1720420143,51,Damsel Fish,14554334178608981001,20,3,2,2
1720420143,40,Anglerfish,5014854714604655568,18,4,4,9
1720420143,31,Cod,5860759193448902799,26,6,4,13
1720420143,89,Seahorse,4909539450244866274,22,2,4,15
1720420143,27,Catfish,5701660154472784838,33,2,3,5
1720420143,29,Herring,1243993966686910819,25,2,1,1
1720420143,104,Boot,12803928868390724407,20,5,4,1
1720420143,25,Catfish,9905579466440888642,23,5,2,17
1720420143,38,Snapper,5705022972055653853,15,1,1,6
1720420143,28,Anchovy,16218228407184679735,23,4,3,7
1720420143,25,Catfish,3089433737624080376,19,1,4,10
1720420143,19,Trout,2310808542505449662,14,1,4,5
1720420143,33,Cod,10246823850035066238,19,3,1,7
1720420143,32,Cod,5165157437017129313,19,5,1,8
1720420143,19,Trout,7031328400960891812,15,1,4,8
1720420143,95,Octopus,11826552321817366869,24,3,4,20
1720420143,72,Angelfish,6258223190661200303,29,7,1,6
1720420143,38,Snapper,12945069605182592879,20,2,4,3
1720420143,9,Bass,13022393288895804024,17,2,3,16
1720420143,55,Spearfish,1508055816030779666,17,3,3,13
1720420143,51,Damsel Fish,8477300004669755624,29,2,2,21,0
1720420143,3,Tilpia,5348408358122586330,20,2,1,14,0
1720420143,21,Trout,13933216907326308320,23,7,3,7,0
1720420143,46,Eel,14852270040374725420,15,6,3,18,0
1720420143,104,Boot,14499951749611445745,20,2,4,15,0
1720420143,96,Octopus,18187687887802964677,21,6,3,18,0
1720420143,38,Snapper,18361022392184508247,22,5,4,10,1
1720420143,89,Seahorse,14789840546525825527,21,6,3,7,0
1720420143,25,Catfish,12190148595082423542,13,1,4,2,0
1720420143,26,Catfish,2443937074660268645,32,7,4,10,1
1720420143,19,Trout,11955351341215098941,23,1,1,1,0
1720420143,10,Sardine,1007917368653867260,20,2,3,14,0
1720420143,34,Triple Tail,16264446587066649240,23,2,4,1,0
1720420143,22,Pufferfish,18295092012125464155,20,3,1,3,0
1720420143,65,Piranha,16383117487350064237,20,5,4,5,5
1720420143,75,Mola Mola Fish,15740308411910719304,14,6,2,5,0
1720420143,44,Clownfish,10732740328885376204,20,3,1,9,0
1720420143,14,Sardine,2827472165110010934,20,4,3,8,0
1720420143,6,Perch,10835570059039202481,27,5,1,14,0
1720420143,53,Bluegill,1840726305055175794,19,1,3,4,0
1720420143,83,Crab,14841563165288798367,15,4,4,8,0
1720420143,67,Grouper,11132930174050181775,22,4,4,6,0
1720420143,30,Herring,8773052643489170633,19,4,1,1,0
1720420143,19,Trout,4911908231185276062,17,3,1,15,0
1720420143,30,Herring,2238083444265903431,15,3,1,10,0
1720420143,102,Axolotl,280701816138236542,28,7,4,15,9
1720420143,71,Angel Fish,7165848708473053721,21,6,1,18,0
1720420143,73,Rainbow Trout,1609982217405527790,29,9,6,5,16
1720420143,63,Barracuda,9410592118857048017,24,5,4,16,3
1720420143,47,Eel,4103185675106167145,18,3,1,12,0
1720420143,2,Tilapia,7653014901283530802,17,5,3,6,0
1720420143,80,Starfish,6802867326355024941,26,3,3,4,0
1720420143,2,Tilapia,12466729467959064373,17,6,2,12,0
1720420143,22,Pufferfish,2599779529527977024,22,2,3,14,0
1720420143,55,Spearfish,14198504576062060912,20,1,1,6,0
1720420143,99,Jellyfish,18349935563810726113,19,3,4,15,0
1720420143,23,Pufferfish,16023329727397536072,21,3,3,2,0
1720420143,5027,Cutthroat Trout,12980621238888257002,27,3,4,20,2
1720420143,75,Mola Mola Fish,14006622644919160441,27,7,1,12,9
1720420143,20,Trout,13032384554027849624,26,4,2,3,0
1720420143,10,Sardine,5644478096228634984,18,5,4,2,0
1720420143,11,Sardine,554783697388949091,21,1,2,1,0
1720420143,22,Pufferfish,6988471086304676700,16,6,1,12,0
1720420143,103,{NULL}fish,7963408598525380422,100,0,0,0,0
1720420143,5,Perch,3158087960741196770,15,1,4,9,0
1720420143,39,Snapperfish,16405457944758613314,23,7,4,13,3
1720420143,5,Perch,2502442975620401510,21,5,3,8,4
1720420143,69,Grouper,12072219298790310012,19,2,4,8,0
1720420143,8,Bass,4922983779238602768,18,5,2,10,0
1720420143,27,Catfish,16266610575181507601,26,7,4,19,1
1720420143,8,Bass,14719711734853379027,15,1,1,10,0
1720420143,32,Cod,12968259003762799562,25,3,4,1,2
1720420143,86,Shrimp,14608915324155918125,17,6,1,10,0
1720420143,53,Bluegill,11976684086132118608,17,3,1,17,0
1720420143,65,Piranha,6944319676487932326,22,2,4,8,0
1720420143,13,Sardine,15100702931950555550,15,4,4,17,0
1720420143,98,Jellyfish,16663385672952365410,25,6,2,14,0
1720420143,39,Snapperfish,18362085984131503557,23,2,2,12,0
1720420143,100,Jellyfish,4078718524921085240,33,7,3,16,16
1720420143,19,Trout,17469133761645643380,22,5,2,7,0
1720420143,98,Jellyfish,4018135289985823798,19,5,4,14,0
1720420143,67,Grouper,8383831482697261448,16,4,4,10,0
1720420143,71,Angel Fish,17733540701688554891,15,6,2,15,0
1720420143,4,Perch,16765528907364675545,20,5,3,4,0
1720420143,84,Crab,254984118077648449,29,3,3,11,6
1720420143,40,Anglerfish,2170394572786342208,19,6,4,3,0
1720420143,5067,Pop-eyed goldfish,12961421702099954816,26,2,3,5,0
1720420143,3,Tilpia,14640405383603102743,18,2,3,19,0
1720420143,26,Catfish,4723423582658659385,25,3,4,14,0
1720420143,69,Grouper,4785250950507527701,17,4,2,14,0
1720420143,46,Eel,1807038383080559320,19,3,2,13,0
1720420143,104,Boot,5681707756779999464,20,4,4,10,0
1720420143,78,Turtle,12764329335118092975,24,3,3,3,0
1720420143,75,Mola Mola Fish,317897343119819375,25,3,3,13,0
1720936063,53,Bluegill,6887504600948057345,19,2,1,8,0
1720936346,34,Triple Tail,236952231876732761,22,2,4,19,0
1720936535,25,Catfish,11725196164046390729,20,2,4,1,0
1720936661,51,Damsel Fish,16241037078330072894,30,4,1,6,1
1720937089,30,Herring,15367436269179828014,14,1,1,16,0
1722480165,3,Tilpia,10805237292283280852,25,4,3,15,0
1722480458,5,Perch,17664222937185929149,17,3,4,6,0
1722480645,3,Tilpia,4058724380353479888,20,3,1,18,0
1722481209,70,Angel Fish,6554752902175548430,21,1,2,17,0
1722481466,34,Triple Tail,16740723052234916631,17,2,1,12,0
1722481599,62,Barracuda,6262667509445959019,16,4,3,9,0
1722481804,25,Catfish,17144388897154387858,21,2,2,13,0
1722483786,23,Pufferfish,9815298917629035645,20,2,4,5,0
1731093159,19,Trout,3518198827914571855,18,4,4,4,0
1731093412,69,Grouper,15402561237338012030,17,5,1,9,0
1731093704,19,Trout,12005110337976757587,17,3,2,9,0
1731095306,23,Pufferfish,13535199181603672338,17,4,2,17,0
1731095714,16,Trout,9493065192776817216,20,6,1,6,0
1731095842,59,Salmon,8644405549836856852,17,1,4,17,0
1731095994,86,Shrimp,2618678288202238046,22,5,4,3,2
1731118974,11,Sardine,15906426838974587218,14,6,4,6,0
1731682871,43,Clownfish,8443417748505267630,12,4,1,14,0
1731683038,5010,Blahaj,17475588442834749600,36,10,6,19,39
1731683161,104,Boot,18285401545293067568,22,2,2,14,0
1731683737,91,Golden Seahorse,6135349408898008674,23,6,4,5,0
1731683866,5,Perch,10579074964927554273,19,4,2,18,0
1731684069,29,Herring,18182623091169994486,21,4,3,10,0
1731684222,46,Eel,13515774152817706385,17,1,2,16,0
1731684436,25,Catfish,14657159196905377177,19,1,1,10,0
1731685457,87,Shrimp,2098440016294285535,24,3,2,20,0
1731687208,40,Anglerfish,17852727793993808663,16,4,4,19,0
1731687338,33,Cod,17300920118125191249,26,5,3,5,2
1731687508,72,Angelfish,1186678940043824012,29,6,3,11,11
1731688844,16,Trout,10353427093270530076,24,4,4,4,0
1731688974,18,Trout,8074401252512563682,23,5,1,6,6
1731689212,55,Spearfish,3724081879488878118,18,1,1,2,0
1731689383,56,Spearfish,14973497126548855901,24,2,2,19,0
1731689565,5059,Great white shark,10485640548849910179,31,4,2,3,8
1731690079,104,Boot,57339964669524831,19,4,1,19,0
1731690264,87,Shrimp,9120443434485843891,24,7,2,7,7
1731690408,30,Herring,9422079142644338031,18,4,3,19,0
1731690671,47,Eel,17399921333571142387,19,6,4,10,0
1731690943,10,Sardine,8877078922539147295,20,4,4,3,0
1731691115,102,Axolotl,3025993173835131414,30,8,5,16,15
1731691241,88,Shrimp King,18408507576092599978,34,5,6,12,0
1731691366,76,Mola Mola Fish,14674141676873470435,25,3,3,3,0
1731691490,10,Sardine,14427769193266987963,22,5,4,18,0
1731691665,54,Redgill,5512140385081593971,26,7,4,20,20
1731691787,26,Catfish,18264910844464169715,23,6,1,20,0
1731691974,14,Sardine,6807410085290395574,19,4,2,8,1
1731692163,45,Clownfish,14305730623650282989,19,3,3,2,0
1731692291,47,Eel,9513714858558531867,19,1,4,13,0
1731692416,106,Sakhalin sturgeon,9527787950686700971,29,6,6,12,0
1731692538,57,Spearfish,15803244121714692775,27,5,3,9,4
1731692730,3,Tilpia,13760826471882595805,21,3,1,10,0
1731692869,82,Starfish,13202804025445238091,23,5,3,21,6
1731693017,85,Golden King Crab,2504525484785645216,25,11,6,11,10
1731693139,81,Starfish,16982058549352393202,19,1,2,11,0
1731693401,1,Tilapia,4259487958893954613,21,6,1,4,0
1731693523,26,Catfish,17210181574852934189,24,5,1,17,0
1731693647,50,Damsel Fish,18138150020803358937,19,5,3,19,0
1731693788,89,Seahorse,10898178940291586227,23,6,4,16,0
1731693949,37,Snapper,4968257577570827532,18,5,2,13,0
1731694283,71,Angel Fish,14641324307932382113,20,3,1,7,0
