1720420143,100,Jellyfish,945977122967327950,22,3,3,3,0
1720420143,89,Seahorse,14391746908225102215,15,5,3,3,0
1720420143,7,Bass,11634531409407234523,16,4,1,14,0
1720420143,77,Turtle,13916657345383813946,17,2,4,17,0
1720420143,65,Piranha,8333261249967239595,22,5,4,7,0
1720420143,44,Clownfish,14878373909307578060,19,3,2,13,0
1720420143,71,Angel Fish,18048026452285697924,17,1,1,15,0
1720420143,10,Sardine,9884836099393371363,19,6,3,19,6
1720420143,81,Starfish,8020352045063076933,12,6,1,8,0
1720420143,11,Sardine,269935519198762627,21,2,4,11,0
1720420143,35,Triple Tail,1361543199457485632,19,2,2,21,0
1720420143,5059,Great white shark,16400952143845371014,31,3,2,9,0
1720420143,13,Sardine,7259095726278149315,25,2,2,4,0
1720420143,52,Bluegill,11150663016308296240,16,1,4,15,0
