1720420143,1,Tilapia,8457488634041891000,13,2,1,18
1720420143,65,Piranha,7346545069669687629,21,3,3,7
1720420143,104,Boot,6872305072459011383,17,6,3,11
1720420143,50,Damsel Fish,15498589848675298799,18,1,4,7
1720420143,59,Salmon,8296647553335726179,19,5,3,9
1720420143,53,Bluegill,11909785723521886411,21,2,2,20
1720420143,26,Catfish,4215060968419524744,23,5,2,5
1720420143,28,Anchovy,4003131051644097941,23,2,2,16
1720420143,34,Triple Tail,3905443019018495088,16,3,2,3
1720420143,23,Pufferfish,18118677658991550178,18,1,4,10
1720420143,28,Anchovy,13767761770882542319,19,4,2,12
1720420143,39,Snapperfish,11850728464125303219,24,7,1,8
1720420143,69,Grouper,6967418430427204214,14,5,3,8
1720420143,22,Pufferfish,17166845917602415390,15,5,1,10
1720420143,13,Sardine,1988572947785667178,24,5,3,10
1720420143,32,Cod,2811746275863352580,21,3,1,3
1720420143,1,Tilapia,3019626571202094379,16,1,2,9
1720420143,11,Sardine,4029499901115269448,19,6,4,18
1720420143,5,Perch,9246772990821969174,17,1,2,19
1720420143,16,Trout,17367161072176385400,20,6,3,8
1720420143,29,Herring,11124166748711309276,14,2,4,1
1720420143,104,Boot,10398140908258989259,20,5,3,11
1720420143,13,Sardine,7818779840968589987,14,6,4,12
1720420143,29,Herring,12886405720149700445,18,1,1,20
1720420143,62,Barracuda,10652087738963287137,18,6,1,7
1720420143,94,Lobster,11308221880347603683,23,4,1,21
1720420143,112,404 Fish,6871478972855186935,23,7,2,9
1720420143,29,Herring,15271681329034189429,17,5,2,19
1720420143,8,Bass,8207407666044334422,13,1,2,12
1720420143,34,Triple Tail,15583343415990787987,19,4,3,10
1720420143,60,Green Salmon,2916788754713393065,25,7,4,14
1720420143,37,Snapper,839031201532949362,26,4,4,17
1720420143,110,Pop-eyed goldfish,4076737744189682633,18,5,3,2
1720420143,93,Blue Lobster,8797041814266539478,28,6,2,8
1720420143,68,Grouper,10113883252425275044,22,7,3,4
1720420143,43,Clownfish,8449840167995263822,19,1,2,6
1720420143,44,Clownfish,14325722122527572182,19,3,4,15
1720420143,14,Sardine,10324234174722044017,20,3,4,16
1720420143,33,Cod,4408561852934439631,18,2,3,8
1720420143,43,Clownfish,11667224891932941030,23,1,3,3
1720420143,3,Tilpia,4514091612815142506,17,3,1,4
1720420143,18,Trout,11651923788731897274,22,6,3,4
1720420143,87,Shrimp,1956960009761492925,18,2,2,6
1720420143,93,Blue Lobster,12836531875671921052,13,2,3,2
1720420143,13,Sardine,10155583458749153487,16,6,1,20
1720420143,8,Bass,15489640751296058192,17,2,1,14
1720420143,13,Sardine,10017711753495321565,20,1,2,12
1720420143,50,Damsel Fish,15148775492968291373,21,6,1,2
1720420143,11,Sardine,15809214597110303978,23,4,1,14
1720420143,87,Shrimp,16873263791666944985,21,2,4,9
1720420143,109,Cutthroat Trout,4527205883917592305,26,2,4,21
1720420143,71,Angel Fish,16255159724142263905,19,6,3,10
1720420143,82,Starfish,12675017476152057550,20,6,1,11
1720420143,12,Sardine,3032028781180388198,28,5,1,10
1720420143,46,Eel,11535135468181507896,17,1,1,12
1720420143,28,Anchovy,8392880728500695993,17,4,3,17
1720420143,3,Tilpia,6135105949070965482,22,4,2,3
1720420143,23,Pufferfish,9255231240151635898,22,5,3,14
1720420143,53,Bluegill,12636281384143013842,18,2,4,14
1720420143,17,Spot Fish,10262759903963840280,24,6,3,11
1720420143,5,Perch,6123296090918242925,20,3,4,12
1720420143,29,Herring,13979140042465631361,16,6,4,4
1720420143,34,Triple Tail,2329635567075930710,24,6,2,15
1720420143,7,Bass,4505445746505685774,17,5,1,11
1720420143,16,Trout,16914078832066048178,20,5,4,8
1720420143,29,Herring,2051770872704274103,15,3,1,5
1720420143,37,Snapper,14075685737882006258,24,1,2,10
1720420143,77,Turtle,14783546901624270825,14,6,1,11
1720420143,4,Perch,17410260626858237174,16,6,4,19
1720420143,23,Pufferfish,2682570027816338282,24,1,4,5
1720420143,45,Clownfish,14889512521187023561,20,4,3,17
1720420143,34,Triple Tail,2075139661307444926,16,6,1,8
1720420143,1,Tilapia,11202851361378068648,24,3,3,9
1720420143,23,Pufferfish,5433822147438883251,20,1,2,13
1720420143,60,Green Salmon,18153813193783579217,33,7,2,14
1720420143,28,Anchovy,12745724978588677826,14,2,2,18
1720420143,9,Bass,958395945976796861,20,3,1,2
1720420143,30,Herring,8328119558519124194,19,3,2,4
1720420143,23,Pufferfish,15807624240630920732,19,5,4,20
1720420143,28,Anchovy,6606881870656476548,23,2,3,3
1720420143,84,Crab,10327807608068168685,25,7,4,6
1720420143,14,Sardine,13318755120896255287,24,6,2,1
1720420143,17,Spot Fish,11673738810127748572,16,6,2,12
1720420143,8,Bass,17040123210070256132,16,3,2,6
1720420143,104,Boot,4143929564858125791,16,4,2,17,0
1720420143,13,Sardine,17560938443441020144,19,6,4,19,3
1720420143,29,Herring,3052958428844980930,23,2,1,19,1
1720420143,65,Piranha,9625508445616684170,24,6,4,18,1
1720420143,11,Sardine,6014276980975931741,19,2,4,19,0
1720420143,30,Herring,7212187998499479736,13,4,4,17,0
1720420143,29,Herring,15783868257591431648,23,2,1,20,0
1720420143,71,Angel Fish,14473534392280095312,20,5,4,12,1
1720420143,61,Barracuda,2151628683517549306,21,6,4,1,0
1720420143,23,Pufferfish,12112028211962064157,22,4,3,10,4
1720420143,37,Snapper,6720759053278092344,21,5,3,20,2
1720420143,8,Bass,5085784417167973565,15,4,2,3,0
1720420143,11,Sardine,7346227033055640974,16,3,2,4,0
1720420143,104,Boot,9575995020046671708,25,6,4,1,0
1720420143,47,Eel,1609935938769634379,21,5,2,16,7
1720420143,33,Cod,2760928157756972703,17,2,2,19,0
1720420143,41,Anglerfish,15742081728866859944,33,5,1,19,5
1720420143,93,Blue Lobster,1020726026531494665,21,3,4,20,0
1720420143,61,Barracuda,8735829564161315109,18,1,2,20,0
1720420143,74,Mola Mola Fish,16049885150085789784,15,4,1,9,0
1720420143,65,Piranha,6771808944507970190,14,2,2,2,0
1720420143,51,Damsel Fish,5571209622886767985,26,3,4,5,0
