1720420143,11,Sardine,4693516351713022154,16,1,1,9
1720420143,3,Tilpia,10952145381736359989,19,6,2,1
1720420143,39,Snapperfish,3139432098794205107,29,7,1,8
1720420143,112,404 Fish,18117267516546986991,22,3,1,16
1720420143,22,Pufferfish,15565425251360417616,25,2,1,5
1720420143,78,Turtle,13579668338227650598,32,7,3,7
1720420143,33,Cod,13176689598332439304,25,4,4,6
1720420143,69,Grouper,1192938434726228578,18,2,3,9
1720420143,10,Sardine,5544295252134112337,16,2,3,15
1720420143,60,Green Salmon,1841000182049894125,25,2,1,21
1720420143,1,Tilapia,1237785340379154255,18,4,3,11,0
1720420143,32,Cod,3317148928281706342,21,5,1,13,0
1720420143,32,Cod,11832105177696169226,18,3,4,7,0
1720420143,62,Barracuda,14966119280091364121,15,3,2,13,0
1720420143,65,Piranha,6352719683545826312,23,6,2,8,0
1720420143,19,Trout,4230540429149240127,14,1,2,13,0
1720420143,31,Cod,7913087473912499021,16,2,3,5,0
1720420143,27,Catfish,16789611968651241913,26,2,4,4,0
