1720420143,23,Pufferfish,11049654050059769607,16,5,2,4
1720420143,13,Sardine,10796478939063478593,23,2,4,14
1720420143,47,Eel,339183251035261886,16,6,1,17
1720420143,23,Pufferfish,16633128685838073490,21,1,2,11
1720420143,32,Cod,7506841834614083810,20,3,3,17
1720420143,16,Trout,17715081387920696063,23,1,3,6
1720420143,44,Clownfish,16874258156858207359,21,4,1,10
1720420143,59,Salmon,4188039453491215246,21,5,3,1
1720420143,4,Perch,10109410809443592281,19,3,1,9
1720420143,71,Angel Fish,15805767073626636394,19,6,2,15
1720420143,20,Trout,543941317242848971,30,5,1,15
1720420143,7,Bass,14324604686232399956,14,6,4,11
1720420143,22,Pufferfish,6204853451114877408,24,3,3,8
1720420143,43,Clownfish,13876849286146265349,22,6,1,4
1720420143,11,Sardine,12560806195611920669,19,1,4,18
1720420143,28,Anchovy,13050584246747203145,19,4,3,1
1720420143,53,Bluegill,5324449643018828062,16,3,2,12
1720420143,34,Triple Tail,16151075438123606892,19,3,3,5
1720420143,45,Clownfish,5634415307537142561,33,4,1,4
1720420143,11,Sardine,1369055881754099821,22,1,2,6
1720420143,13,Sardine,2209875171109884936,23,3,2,20
1720420143,22,Pufferfish,4911348028144415162,16,1,3,3
1720420143,32,Cod,5118648146582246357,14,4,3,7
1720420143,55,Spearfish,14388994903040788869,19,3,3,6
1720420143,59,Salmon,3011875513683820281,14,1,1,20
1720420143,30,Herring,2734881295426794826,25,5,2,1
1720420143,40,Anglerfish,13579710605990030803,20,6,4,4
1720420143,14,Sardine,1366879697172466795,23,1,2,7
1720420143,34,Triple Tail,5170156891944790280,17,3,3,15
1720420143,16,Trout,7664434420852193994,15,3,1,14
1720420143,14,Sardine,7079848134828157263,23,2,4,20
1720420143,19,Trout,12734911356997703571,16,4,3,8
1720420143,14,Sardine,2332239928165537244,20,5,4,20
1720420143,37,Snapper,12365178581938769675,15,3,1,9
1720420143,11,Sardine,8018401425419563984,20,6,4,12
1720420143,7,Bass,3337393011922571389,19,4,2,13,3
1720420143,61,Barracuda,9179680712937006444,23,3,2,16,0
1720420143,1,Tilapia,14069843873190568335,18,5,4,5,0
1720420143,34,Triple Tail,10001497214277627039,24,1,3,3,0
1720420143,104,Boot,8991368857950987202,18,2,2,8,0
1720420143,8,Bass,9319879456039752938,19,6,2,20,0
1731027768,108,Great white shark,993632800522872478,22,5,3,3,2
1731027894,62,Barracuda,10327428921567576856,21,1,3,2,0
1731028738,8,Bass,17067188220496591933,16,3,4,14,0
1731029533,53,Bluegill,14160054522104123475,19,5,1,15,0
1731033659,1,Tilapia,9969863278488335548,15,1,2,20,0
