1720420143,11,Sardine,1064408163621635090,20,1,2,18
1720420143,32,Cod,17416105940670817841,21,1,1,4
1720420143,17,Spot Fish,10287071173171699068,19,2,1,5
1720420143,4,Perch,2912342829807338973,24,1,3,15
1720420143,7,Bass,7452563153883369555,18,1,4,19
1720420143,28,Anchovy,8412875299024666594,26,6,2,8
1720420143,23,Pufferfish,12225748827938994534,15,2,2,7
1720420143,38,Snapper,10334389175779137010,16,5,4,5
1720420143,47,Eel,9335872454432032116,21,6,1,19
1720420143,55,Spearfish,7690708927976575691,26,6,2,9
1720420143,101,Red Handfish,10931556739715441004,27,5,6,13
1720420143,4,Perch,15114670429296032662,21,1,1,7
1720420143,79,Turtle,5619798634514313735,24,5,3,10
1720420143,75,Mola Mola Fish,4446119522006486426,25,5,3,11
1720420143,51,Damsel Fish,3197961666528104180,18,3,4,9
1720420143,103,{NULL}fish,13888837312445930881,100,0,0,0
1720420143,54,Redgill,18376326602113644304,23,5,1,10
1720420143,5059,Great white shark,1649441180436383921,22,5,3,20
1720420143,87,Shrimp,17607260463509480604,27,7,4,2
1720420143,87,Shrimp,10936011369807172528,30,5,2,13
1720420143,84,Crab,6285669426206254545,20,3,4,15
1720420143,8,Bass,846584262850856793,14,1,3,16
1720420143,74,Mola Mola Fish,11782155938303366589,22,5,4,1
1720420143,69,Grouper,12877200504653996516,13,4,3,4
1720420143,54,Redgill,16166040848763684416,22,5,3,8
1720420143,46,Eel,14876150583321349726,19,1,2,4
1720420143,89,Seahorse,15647291816840451839,20,5,2,16
1720420143,32,Cod,18428630520153851864,18,5,4,10
1720420143,82,Starfish,12914743626784656618,31,3,1,8
1720420143,82,Starfish,4100988061814388121,23,6,1,11
1720420143,3,Tilpia,8907500902296676786,20,1,4,11
1720420143,5027,Cutthroat Trout,16994383367498853511,26,4,4,7
1720420143,63,Barracuda,18158264527052426471,24,5,1,7
1720420143,53,Bluegill,1660505371439241416,16,6,4,18,0
1720420143,29,Herring,12928935523440415910,21,6,1,18,0
1720420143,25,Catfish,4052750140975497336,19,6,1,1,0
1720420143,5,Perch,17924785451837020271,21,2,1,1,0
1720928035,4,Perch,1239620227376782904,16,2,2,6,0
1720928430,62,Barracuda,715953046044079239,19,2,4,18,0
1720928557,76,Mola Mola Fish,12884183085783565058,24,4,4,9,0
1720928892,83,Crab,15018010229221381704,17,3,2,4,0
1720929545,74,Mola Mola Fish,4118629009277865923,23,2,4,10,0
1720929665,12,Sardine,6600302784367686357,28,7,1,21,17
1722486087,2,Tilapia,13762828895994731436,18,1,1,19,0
1722778257,11,Sardine,12781768786854301546,13,1,2,18,0
1722778379,44,Clownfish,13232118577839819817,14,2,1,5,0
1722778518,19,Trout,17842059905507763022,18,6,2,15,6
