1720420143,35,Triple Tail,13992436993275868740,21,5,2,13
1720420143,65,Piranha,15550795493337259783,18,1,3,11,0
1720420143,53,Bluegill,13575167835168883562,21,4,1,18,0
1720420143,23,Pufferfish,14333071110885820583,18,2,4,14,0
1720420143,23,Pufferfish,15551786582690225167,23,6,4,2,6
1720420143,50,Damsel Fish,3695245018407025651,19,2,4,8,0
1720420143,67,Grouper,13979871059499826275,18,5,4,17,1
1720420143,15,Spotfish,15542147998417692904,33,6,1,8,0
1720420143,52,Bluegill,12575635762589652014,26,6,4,8,11
1720420143,25,Catfish,1557923594547893984,19,1,4,8,0
1720420143,5,Perch,2596106116344842883,17,6,3,12,0
1720420143,71,Angel Fish,426755000026761508,22,2,1,3,0
1720420143,65,Piranha,7733311021637392279,19,3,4,5,0
1720420143,54,Redgill,11030211259060581099,28,2,4,21,0
1720420143,53,Bluegill,8335778031030218242,19,2,1,17,0
1720420143,92,Lobster,9204029958617715024,18,6,2,3,0
1720420143,8,Bass,8055329981510934739,22,4,1,3,0
1720420143,40,Anglerfish,934996479000520193,13,3,2,20,0
1720420143,32,Cod,1840077013867789995,15,5,4,1,0
1720420143,33,Cod,641322936318556306,30,2,1,14,0
1720420143,35,Triple Tail,16130172529328277885,22,5,3,17,3
1720420143,62,Barracuda,11266516786903228782,20,6,1,10,0
1720420143,5031,Boot,7049332510046881375,20,2,3,12,0
1720420143,17,Spot Fish,12988800918376966203,14,4,3,14,0
1720420143,30,Herring,10861612672277105311,18,4,4,17,0
1720420143,45,Clownfish,18401863440524435888,28,6,2,19,6
1720420143,38,Snapper,11960403460145486165,20,6,4,14,0
