1720420143,29,Herring,2899865657020662868,21,1,4,10
1720420143,17,Spot Fish,14569705371950383235,23,3,4,2
1720420143,34,Triple Tail,4521973364712685613,15,5,4,16
1720420143,5059,Great white shark,5913375136220845999,30,6,2,14
1720420143,53,Bluegill,2575142518365181402,25,2,2,9
1720420143,27,Catfish,10386579257803649333,26,4,3,10
1720420143,14,Sardine,3208950766045674145,17,5,1,3
1720420143,5,Perch,4950554189217832298,19,4,4,20
1720420143,9,Bass,3394279181186626770,34,7,2,3
1720420143,36,Triple Tail,5242296798147462333,26,4,1,14
1720420143,10,Sardine,11242036737556933079,16,4,4,2
1720420143,41,Anglerfish,9850650699502076427,24,4,4,15
1720420143,9,Bass,13545546321876247973,18,4,3,11
1720420143,5049,Axolotl,12167209542430423186,21,9,6,11
1720420143,38,Snapper,16815330041705025257,20,3,1,18
1720420143,76,Mola Mola Fish,14971438181020632659,21,6,5,3
1720420143,101,Red Handfish,9846042627138950431,36,11,6,16
1720420143,50,Damsel Fish,8133994599051293068,18,3,1,12
1720420143,39,Snapperfish,14341788200551453631,18,3,3,13
1720420143,50,Damsel Fish,10249694227954622366,19,4,3,16
1720420143,50,Damsel Fish,15505612006278450377,20,1,1,20
1720420143,81,Starfish,7552665015734545151,21,1,3,9
1720420143,5049,Axolotl,12867193867750685197,28,9,6,9
1720420143,5028,404 Fish,14444532356570178459,22,4,1,10
1720420143,35,Triple Tail,12098046354107676315,20,2,2,6,0
1720420143,3,Tilpia,6143341699903863554,12,1,4,6,0
1720420143,61,Barracuda,7979900123129553028,15,3,3,19,0
1720420143,1,Tilapia,7283683138161716719,20,1,2,8,0
1720420143,49,Damsel Fish,1496739893827161994,16,2,1,13,0
1720420143,31,Cod,12887102897943304332,17,5,2,1,0
1720420143,69,Grouper,6350497551685186531,16,5,4,8,1
1720420143,43,Clownfish,10247608850978113223,17,4,3,12,0
1720420143,44,Clownfish,6267097798368728213,23,6,4,14,4
1720420143,23,Pufferfish,6575527729527487667,16,6,4,14,0
1720420143,14,Sardine,11430787517623285370,20,2,2,15,0
1720420143,2,Tilapia,7122274100222325541,22,5,3,4,0
1720420143,5029,{NULL}fish,9467513515346375289,100,0,0,0,0
1720420143,93,Blue Lobster,10124145551085898172,24,2,2,4,0
1720420143,71,Angel Fish,15433553816815477023,15,4,4,15,0
1720420143,6,Perch,199000740842809800,28,3,3,2,0
1720420143,89,Seahorse,12685167816072762904,18,1,2,5,0
1720420143,5013,Sakhalin sturgeon,18152927319294346729,35,10,6,18,37
1720420143,7,Bass,13576017630815963930,18,3,2,10,0
1720420143,48,Electric Eel,3197101093224908482,23,2,1,13,0
1720420143,99,Jellyfish,9385900195563166966,18,4,1,9,0
1720420143,87,Shrimp,17321790164418396825,27,2,4,20,0
1720420143,52,Bluegill,11524440361029864138,13,3,1,8,0
1720420143,79,Turtle,8308943602202651200,27,5,5,18,2
1720420143,41,Anglerfish,4010332311713946919,23,6,4,10,1
1720420143,5,Perch,5371277667288006220,17,6,2,4,0
1720420143,86,Shrimp,4679059525767800408,20,6,3,20,4
1720420143,52,Bluegill,17950966480739006799,18,3,1,11,0
1720420143,47,Eel,380401824965013684,16,6,4,17,0
1720420143,11,Sardine,1924497794213652159,14,6,2,15,2
1720420143,54,Redgill,2514429631999953898,28,7,1,6,4
1720420143,53,Bluegill,14434429862499519277,19,1,1,9,0
1720420143,29,Herring,10296869408973022848,18,4,3,5,0
1720420143,64,Piranha,13646548545524445161,24,2,2,20,0
1720420143,80,Starfish,12255108397787032030,21,4,3,2,0
1720420143,44,Clownfish,13046146607133759402,14,1,2,2,0
1720420143,8,Bass,5289249563950838773,23,2,3,19,0
1720420143,69,Grouper,2991937228821559082,22,3,3,10,0
1720420143,5027,Cutthroat Trout,5539085156013819734,27,3,3,5,0
1720420143,93,Blue Lobster,357100521671405792,25,4,4,7,0
1720420143,5,Perch,1108272465649459001,19,3,3,2,0
1720420143,56,Spearfish,6375849414667906671,19,7,1,16,11
1720420143,44,Clownfish,7467349865887528010,20,4,2,19,0
1720420143,70,Angel Fish,10927987129050706607,18,1,3,13,0
1720420143,83,Crab,3131826369874566846,24,5,4,20,4
1720420143,53,Bluegill,9466313401600446706,19,4,1,17,0
1720420143,53,Bluegill,7442223481547156376,20,3,3,15,0
1720420143,13,Sardine,4759700355338975309,20,6,4,5,4
1720420143,10,Sardine,11401927236428088202,18,5,3,4,0
1720420143,46,Eel,4713710319236472983,19,1,1,3,0
1720420143,70,Angel Fish,2075532782817227864,24,3,2,17,0
1720420143,17,Spot Fish,9187005747282834902,21,2,3,12,0
1720420143,13,Sardine,4415728432671625656,16,2,2,13,0
1720420143,11,Sardine,7708891919753724037,17,4,3,9,0
1720420143,37,Snapper,16915246235371560583,16,2,4,20,0
1720420143,19,Trout,15444424278692819963,15,1,4,19,0
1720420143,4,Perch,2256680112201776992,21,4,1,11,0
1720420143,98,Jellyfish,11117898595505743234,30,3,1,4,0
1720420143,81,Starfish,9444977861536038322,18,5,4,4,0
1720420143,62,Barracuda,8536955594877823656,20,5,2,6,0
1720420143,4,Perch,5307666777698389459,23,1,1,12,0
