1720420143,1,Tilapia,16906787727429650739,16,5,2,9
1720420143,13,Sardine,7959079442372327566,24,1,2,6
1720420143,28,Anchovy,10252776766497500740,18,2,4,11
1720420143,7,Bass,17109966899685412982,22,2,4,17
1720420143,8,Bass,14034250888632307543,19,2,3,4
1720420143,89,Seahorse,8739947189628279315,21,3,4,11,0
1720420143,78,Turtle,10395589612848005590,27,2,1,7,0
1720420143,35,Triple Tail,12233842937951497909,20,7,1,13,0
1720420143,95,Octopus,14303908649828213939,20,6,4,4,0
1720420143,92,Lobster,2795981023922203976,24,2,1,8,0
