1720420143,65,Piranha,17759582769101978683,16,1,4,3
1720420143,17,Spot Fish,5831235837157487824,17,5,4,17
1720420143,32,Cod,5697122078275757103,22,5,1,4
1720420143,22,Pufferfish,230724667194186944,19,2,3,2
1720420143,55,Spearfish,13783323774320533883,17,4,4,15
1720420143,7,Bass,10802913774589850612,18,2,4,15
1720420143,19,Trout,4270256324988855659,15,5,3,10
1720420143,28,Anchovy,5859251234648387819,15,6,4,2
1720420143,22,Pufferfish,6713916942027680285,21,2,3,13
1720420143,59,Salmon,7917222460849170675,25,6,1,15
1720420143,14,Sardine,14099409265289051452,22,2,4,17
1720420143,13,Sardine,13671724142662295284,22,4,1,20
1720420143,104,Boot,4626686229508767343,18,6,3,18
1720420143,4,Perch,3281949654751863651,19,3,1,14
1720420143,17,Spot Fish,6743192202971340767,19,4,4,2
1720420143,74,Mola Mola Fish,12354294201183856180,13,6,3,8
1720420143,59,Salmon,11962938741300888703,18,2,4,1
1720420143,16,Trout,12556733612049405750,16,5,2,7
1720420143,19,Trout,7161310508643858308,21,3,1,2
1720420143,38,Snapper,11456956593457833682,19,5,3,13,4
1720420143,69,Grouper,2398856836275645736,19,6,3,3,0
1720420143,39,Snapperfish,2614248733060844443,20,4,4,21,0
1720420143,3,Tilpia,8894477911888053972,15,6,1,17,0
1720420143,102,Axolotl,4774963813234654566,22,9,3,11,12
1720420143,68,Grouper,17199146328741040740,28,5,3,19,0
1720420143,17,Spot Fish,8205770940223388518,17,2,4,18,0
1720420143,1,Tilapia,15981185112432973402,18,6,4,17,0
1720420143,50,Damsel Fish,13688837478408198745,21,4,2,13,0
1720420143,3,Tilpia,8084818555748220433,24,5,1,8,0
1720420143,74,Mola Mola Fish,3590661824695010424,15,2,2,8,0
1720420143,15,Spotfish,6398393773069419676,20,6,2,10,2
1720420143,108,Great white shark,9965325168580471179,20,2,1,13,0
1720420143,1,Tilapia,9595649037509425748,13,5,4,13,0
1720420143,17,Spot Fish,1506041385082609018,15,6,3,1,0
1720420143,18,Trout,4856673789312736126,26,2,1,13,0
1720927534,30,Herring,584896805346045949,18,4,1,7,0
1731694586,104,Boot,1067381793121620535,24,4,4,17,0
1731694746,2,Tilapia,2332548151780856063,19,3,3,18,0
1731694869,79,Turtle,3225740678084043926,22,4,4,15,1
1731694995,18,Trout,17912548331628624254,29,3,1,2,0
1731695561,28,Anchovy,15597492759507101794,24,4,3,8,0
1731696518,34,Triple Tail,12128388488838385395,18,4,2,6,0
1731696923,53,Bluegill,13419723892804269531,23,5,4,4,4
1731697123,44,Clownfish,12189604354473230589,20,5,1,4,0
1731697275,89,Seahorse,1879852485525024509,18,3,1,19,0
1731697444,41,Anglerfish,3029719143150233483,27,6,3,14,22
1731697700,1,Tilapia,1120986725682213565,17,1,4,13,0
1731697941,29,Herring,6249524403838004379,22,5,1,13,0
1731698096,87,Shrimp,12693138855833211103,17,5,4,21,0
1731698259,19,Trout,6114973440111696924,17,1,1,12,0
1731698690,47,Eel,8011704637448104101,22,6,2,12,0
1731698816,23,Pufferfish,16983119923308252022,14,5,2,5,0
1732320072,24,Pufferfish,11229382376363676185,35,4,4,5,3
1732320210,35,Triple Tail,16513227019873642135,18,4,3,18,0
1734484704,74,Mola Mola Fish,4860547672941060643,18,5,1,13,2
1734485422,19,Trout,6664288056363526628,21,3,3,11,0
1734486554,84,Crab,3743970814351920306,24,5,2,13,0
1734657433,104,Boot,18432440253329349150,23,5,4,12,0
1734657555,89,Seahorse,13978235529491135803,23,2,4,19,0
1734658383,104,Boot,7826556702884579241,17,2,4,9,0
1734659096,46,Eel,7971244305405590983,23,4,4,9,0
1734659229,48,Electric Eel,2606096177952747110,23,4,1,15,0
1734659350,40,Anglerfish,4197891235887308267,14,1,1,8,0
1734661689,38,Snapper,16156977087463129690,14,2,4,18,0
1734662125,56,Spearfish,11448548012745560001,29,4,4,19,2
1734663309,81,Starfish,11979515787406845407,14,1,1,14,0
1734664207,14,Sardine,1178664582236288758,15,5,4,8,0
1734668234,3,Tilpia,8623937245029262919,22,5,1,17,0
1734670348,92,Lobster,1857690415619515652,19,5,1,12,0
1734671858,45,Clownfish,3385152066948150735,27,6,1,4,5
1734672478,34,Triple Tail,5731801768295568743,22,2,3,7,0
1734674430,90,Seahorse,16354858074665570008,25,3,3,16,0
1734676298,24,Pufferfish,5935045075183135783,30,2,2,19,0
1734676754,50,Damsel Fish,5836270152598292570,20,4,3,14,0
