1720420143,32,Cod,12493122498081440260,21,6,4,17
1720420143,19,Trout,6813478995930234673,15,6,3,15
1720420143,3,Tilpia,10694390165536705663,23,1,2,6
1720420143,43,Clownfish,9684750423791553016,23,2,2,7
1720420143,22,Pufferfish,18257112879558163454,19,4,1,16
1720420143,10,Sardine,11876364197856781332,15,5,2,14
1720420143,74,Mola Mola Fish,13421848125208154127,15,1,2,11
1720420143,76,Mola Mola Fish,3684384486900447559,28,9,2,18
1720420143,62,Barracuda,8283572687817401135,22,1,2,1
1720420143,47,Eel,12470159675772866837,19,5,3,7
1720420143,31,Cod,1860912420094188745,20,4,1,6
1720420143,13,Sardine,5361233204098671836,24,5,1,3
1720420143,77,Turtle,15033965046010948072,17,3,3,5
1720420143,43,Clownfish,13200317675979223712,20,2,3,6
1720420143,57,Spearfish,17694945575511700082,22,7,4,14
1720420143,51,Damsel Fish,13587171370769558045,27,3,1,11
1720420143,5049,Axolotl,12319770847316995896,25,4,2,6
1720420143,5013,Sakhalin sturgeon,6729341830848708224,30,9,6,18
1720420143,47,Eel,18210836109464655379,23,3,1,6
1720420143,4,Perch,964247496820487411,25,6,3,6
1720420143,50,Damsel Fish,3361415443986785012,21,1,2,8
1720420143,98,Jellyfish,16843854682869517782,22,5,1,9
1720420143,38,Snapper,10825813555890742529,26,6,1,11
1720420143,13,Sardine,9488399930500386445,23,3,2,19
1720420143,90,Seahorse,16762088606392271956,25,5,2,17
1720420143,40,Anglerfish,12915940490157549414,21,3,3,11
1720420143,31,Cod,1944008959694671741,16,3,3,3
1720420143,40,Anglerfish,1981106791788841111,17,1,4,9
1720420143,14,Sardine,5613783746312792347,22,3,4,7
1720420143,63,Barracuda,15666800291645885149,24,2,1,20
1720420143,93,Blue Lobster,9740748637803373269,28,3,1,5
1720420143,59,Salmon,4423488359997190371,19,5,4,16
1720420143,59,Salmon,8944512410357742245,23,2,1,13
1720420143,3,Tilpia,4106228086058829628,19,1,4,8
1720420143,5,Perch,3173857549567693314,20,6,2,1
1720420143,3,Tilpia,14527664909340553608,19,1,2,15
1720420143,54,Redgill,6908401917103361296,32,5,3,18
1720420143,51,Damsel Fish,17528907802153595630,32,7,4,14
1720420143,46,Eel,15026490832643754883,19,2,1,7
1720420143,14,Sardine,6991612256243781262,23,4,3,17
1720420143,81,Starfish,13603989890709939837,24,6,2,20
1720420143,13,Sardine,4330160038441407203,23,4,2,14
1720420143,62,Barracuda,17774736246844708467,20,1,2,10
1720420143,75,Mola Mola Fish,8388415102606582918,28,4,3,13
1720420143,38,Snapper,5492276900587532263,21,2,1,20
1720420143,93,Blue Lobster,3684037166801074768,24,4,3,18
1720420143,84,Crab,18375702485772766853,28,2,4,4
1720420143,1,Tilapia,11633857394319274712,24,1,1,13
1720420143,29,Herring,16526806241568843201,21,6,2,4
1720420143,13,Sardine,18054737382650338781,19,2,2,6
1720420143,13,Sardine,760275809318020254,20,6,2,16
1720420143,47,Eel,15334100531373658113,19,4,2,4
1720420143,63,Barracuda,6020893642965413209,23,6,3,10
1720420143,81,Starfish,17740031952436543553,22,2,1,8
1720420143,7,Bass,9538329137862847724,17,4,4,17
1720420143,65,Piranha,13271562682813975065,18,1,2,18
1720420143,37,Snapper,9633799022036301120,20,2,2,7
1720420143,81,Starfish,17177379636003857212,15,4,2,7
1720420143,14,Sardine,1508961328567979600,14,1,4,18
1720420143,47,Eel,8307982902467282928,21,6,3,17
1720420143,5067,Pop-eyed goldfish,3619642431564447616,20,4,2,19
1720420143,13,Sardine,2880430468747543919,17,6,3,8
1720420143,3,Tilpia,2117049471097534731,12,4,2,8
1720420143,11,Sardine,15725927849870685608,18,2,1,7
1720420143,79,Turtle,17763090534940813776,25,4,3,3
1720420143,19,Trout,17690033170789157995,18,3,3,17
1720420143,3,Tilpia,17839371492944859118,24,2,1,8
1720420143,56,Spearfish,8699058789900988269,28,6,3,2
1720420143,11,Sardine,14402740657168694097,15,6,3,7
1720420143,41,Anglerfish,17949724799561342394,30,2,3,2
1720420143,5027,Cutthroat Trout,6093207055422078414,27,3,4,17
1720420143,71,Angel Fish,6616327741949473487,21,4,3,16
1720420143,46,Eel,10150261636582377147,25,3,2,12
1720420143,41,Anglerfish,5101630185449776269,25,6,1,2
1720420143,44,Clownfish,4525937423353353538,17,1,2,1
1720420143,5013,Sakhalin sturgeon,4802544047369058732,31,4,6,5
1720420143,77,Turtle,6909951668649863187,15,5,2,3
1720420143,38,Snapper,5429499920074327823,21,4,2,5
1720420143,46,Eel,14214076008602446057,22,6,2,15
1720420143,74,Mola Mola Fish,8266061559928239665,13,3,3,1
1720420143,13,Sardine,10086692194659344669,22,4,3,11
1720420143,5010,Blahaj,7074180435035285578,33,4,6,4
1720420143,33,Cod,1261653799180177905,22,3,3,6
1720420143,59,Salmon,18425004155447448011,20,2,3,7
1720420143,60,Green Salmon,2186305494452272753,28,5,1,10
1720420143,37,Snapper,5311963693308228460,23,1,1,6
1720420143,4,Perch,15653337137379926234,22,6,3,19
1720420143,14,Sardine,5576825463418923981,16,6,1,17
1720420143,17,Spot Fish,6722425386012812152,24,1,3,12
1720420143,59,Salmon,16841188262993067596,17,4,3,8
1720420143,19,Trout,8047783160012315703,17,3,2,16
1720420143,8,Bass,6528016585596036113,18,2,1,13
1720420143,14,Sardine,1269686674609487869,16,2,1,16
1720420143,63,Barracuda,16690138262888250540,20,2,4,21
1720420143,38,Snapper,2001794946523548597,16,4,3,2
1720420143,69,Grouper,17264452539099399019,16,5,3,14
1720420143,4,Perch,12608458908067443341,24,4,3,11
1720420143,19,Trout,15290408738276054944,17,3,2,16
1720420143,24,Pufferfish,10364854371294431238,30,3,1,10
1720420143,71,Angel Fish,3444639322259615148,20,5,2,11
1720420143,46,Eel,12979091874830785775,23,3,1,12
1720420143,41,Anglerfish,8751464740961650229,22,3,4,14
1720420143,34,Triple Tail,12500566956979670609,20,4,2,15
1720420143,10,Sardine,14639979160587936517,19,2,3,13
1720420143,13,Sardine,7574263368698747829,18,1,1,6
1720420143,26,Catfish,11288918523222989057,24,7,4,7
1720420143,5013,Sakhalin sturgeon,4765149071479788370,33,11,6,12
1720420143,79,Turtle,13656857805492263217,21,4,2,13
1720420143,62,Barracuda,15717048098361733022,16,5,3,1
1720420143,5,Perch,786093528080509415,21,6,1,10
1720420143,5059,Great white shark,15002584530995995016,25,4,4,12
1720420143,89,Seahorse,8873430482479735283,18,3,4,4
1720420143,53,Bluegill,9738807070608373511,18,2,2,17
1720420143,53,Bluegill,13417834325224851598,24,2,1,12
1720420143,40,Anglerfish,14026012124119413616,24,4,3,12
1720420143,7,Bass,5833805442668955568,17,3,4,13
1720420143,27,Catfish,13629886129202332431,27,2,1,14
1720420143,74,Mola Mola Fish,3547863842641149983,16,2,2,2
1720420143,69,Grouper,6886062266929976041,19,3,2,6
1720420143,6,Perch,14108897183583363326,30,5,4,6
1720420143,60,Green Salmon,14559654092602461119,21,5,2,11
1720420143,68,Grouper,657706528227757039,23,6,1,13
1720420143,22,Pufferfish,14911757474013251502,15,5,2,1
1720420143,84,Crab,16063265138097501931,18,6,2,11
1720420143,24,Pufferfish,14001113706164328679,24,5,3,21
1720420143,39,Snapperfish,14799422462324809245,29,4,4,11
1720420143,61,Barracuda,8794619496792913054,18,2,4,16
1720420143,8,Bass,6620468858750753857,19,5,2,15
1720420143,37,Snapper,16611384373787573084,14,1,1,16
1720420143,64,Piranha,6920061622300207562,17,5,1,6
1720420143,29,Herring,16385531879131732051,16,6,4,9
1720420143,53,Bluegill,17589007559936389547,18,3,1,16,1
1720420143,97,Golden Takoyaki,13725506390385287451,30,6,6,12,11
1720420143,62,Barracuda,5890114137998367997,22,3,3,7,0
1720420143,77,Turtle,905574083810041715,19,2,1,16,0
1720420143,72,Angelfish,16754316436265351366,23,6,2,12,0
1720420143,3,Tilpia,8885020203735811972,19,4,1,19,0
1720420143,10,Sardine,14966897890745905078,14,6,1,20,0
1720420143,14,Sardine,7856659748568560598,22,6,4,11,0
1720420143,97,Golden Takoyaki,16529977663646970618,28,11,6,11,12
1720420143,62,Barracuda,1554824990885937625,15,3,3,18,0
1720420143,40,Anglerfish,17281946384943176581,19,2,3,20,0
1720420143,54,Redgill,12006685099867870115,23,3,3,4,0
1720420143,19,Trout,8793050307437537356,14,6,4,17,1
1720420143,67,Grouper,5952929825389411109,26,2,2,16,0
1720420143,34,Triple Tail,12766986489201791881,19,5,1,19,0
1720420143,29,Herring,850518362300890658,20,4,3,18,0
1720420143,6,Perch,16644894591894193917,20,2,3,10,0
1720420143,87,Shrimp,197149915919871706,18,2,3,8,0
1720420143,56,Spearfish,1922323642215300291,23,3,3,18,1
1720420143,13,Sardine,16323385485966231798,23,4,4,5,5
1720420143,68,Grouper,2714920421186408536,28,5,1,9,4
1720420143,59,Salmon,12271047257579272466,19,4,3,14,0
1720420143,2,Tilapia,12727927030126409024,25,1,4,17,0
1720420143,47,Eel,989603363857520322,23,6,3,19,0
1720420143,5031,Boot,15512291201654317044,12,3,4,10,0
1720420143,19,Trout,2430088394682579767,19,6,1,7,0
1720420143,5059,Great white shark,12159290997931141789,16,5,3,15,1
1720420143,10,Sardine,280048008423645934,14,6,1,7,0
1720420143,38,Snapper,3963266373452518944,25,4,3,8,0
1720420143,89,Seahorse,8614709474397790898,18,2,3,18,0
1720420143,58,Salmon,12306802518766409383,21,2,4,9,0
1720420143,7,Bass,5248677609412072069,17,1,3,11,0
1720420143,5,Perch,3463906269281917412,20,4,4,16,5
1720420143,64,Piranha,9914525400013755633,14,2,1,1,0
1720420143,86,Shrimp,16675647000022633504,15,1,3,16,0
1720420143,62,Barracuda,7030420665041257813,23,1,2,1,0
1720420143,86,Shrimp,13353911718971740086,25,6,1,3,1
1720420143,83,Crab,12384139857297561746,20,2,2,15,0
1720420143,82,Starfish,12019930979301336423,20,3,2,19,0
1720420143,86,Shrimp,11529552398180194858,19,4,2,16,0
1720420143,99,Jellyfish,7245756599895919762,24,4,1,7,0
1720420143,29,Herring,5890302789670713545,20,2,2,14,0
1720420143,2,Tilapia,6829061670571489606,18,6,1,20,4
1720420143,40,Anglerfish,1720442781152514917,20,2,2,19,0
1720420143,59,Salmon,5780339807100960429,17,6,1,10,0
1720420143,90,Seahorse,9821257101948553643,31,4,2,18,8
1720420143,89,Seahorse,12639646641548011083,15,6,4,17,0
1720420143,90,Seahorse,3980172661400326630,14,2,1,19,0
1720420143,55,Spearfish,2696427250883799480,20,6,2,3,2
1720420143,72,Angelfish,7618045244153887084,25,6,4,21,6
1720420143,5031,Boot,6434482664556655674,16,3,3,13,0
1720420143,35,Triple Tail,3849814690005120848,26,5,4,5,7
1720420143,22,Pufferfish,16479191677050885852,19,3,4,4,0
1720420143,89,Seahorse,13212887935187097106,15,4,1,7,0
1720420143,94,Lobster,5783548874756191932,22,6,2,16,3
1720420143,5067,Pop-eyed goldfish,4446989605322864726,20,6,1,11,0
1720420143,1,Tilapia,1897160931294171815,22,3,1,6,1
1720420143,87,Shrimp,10882996647014331808,20,5,3,2,2
1720420143,40,Anglerfish,16247546009322031127,21,6,2,8,0
1720420143,100,Jellyfish,17496836464853231541,25,6,4,13,0
1720420143,65,Piranha,8521562518240957319,20,6,4,12,0
1720420143,95,Octopus,7371985919365694365,16,2,3,10,0
1720420143,50,Damsel Fish,6643043227602787813,13,5,1,9,0
1720420143,32,Cod,3504045367754591829,20,3,4,17,0
1720420143,60,Green Salmon,4299552183399854203,33,5,3,13,14
1720420143,69,Grouper,674729149925934012,25,3,2,5,0
1720420143,70,Angel Fish,7549109186967226686,19,4,3,14,0
1720420143,3,Tilpia,3709996052169714974,15,4,1,12,0
1720420143,83,Crab,1767680291772841444,24,5,1,7,0
1720420143,100,Jellyfish,9247168861217341530,28,7,2,11,12
1720420143,23,Pufferfish,16187516121471145608,15,4,2,6,0
1720420143,22,Pufferfish,4760694872648617155,21,4,4,13,0
1720420143,11,Sardine,11145442848167308600,21,6,1,9,0
1720420143,46,Eel,15827263617597127611,17,6,4,20,1
1720420143,92,Lobster,557277549055322917,20,6,1,10,0
1722579304,83,Crab,16974512269247569590,17,2,2,5,0
