1720420143,45,Clownfish,9206774901237531308,21,7,4,8
1720420143,3,Tilpia,17100402694890144224,23,5,1,13
1720420143,53,Bluegill,10652867355608374080,14,1,4,19
1720420143,89,Seahorse,5123736940197595190,15,6,1,14
1720420143,5031,Boot,814068859390314047,16,5,3,17
1720420143,15,Spotfish,14258794287981432519,19,5,3,13
1720420143,44,Clownfish,1777932472072477377,20,4,1,14
1720420143,81,Starfish,7094523994019235687,13,2,3,15
1720420143,44,Clownfish,10405367449244891821,25,2,3,15
1720420143,46,Eel,17158357005274785028,20,1,4,1
1720420143,29,Herring,63826200677873292,22,3,4,9
1720420143,29,Herring,14929813439468101027,23,3,4,4
1720420143,44,Clownfish,11458809896311635409,17,5,1,17
1720420143,10,Sardine,5927773038072742528,25,3,3,10
1720420143,23,Pufferfish,15068963287076464533,18,4,1,16
1720420143,11,Sardine,8140887580251913435,20,1,2,11
1720420143,43,Clownfish,3691228133437455609,19,4,2,6
1720420143,13,Sardine,3663128657344871186,22,5,2,14
1720420143,17,Spot Fish,2003968678969651264,20,3,2,5
1720420143,39,Snapperfish,6248706379736518817,27,6,3,15
1720420143,17,Spot Fish,2075718709995376371,22,2,1,13
1720420143,71,Angel Fish,1244350788029206773,16,6,4,18
1720420143,26,Catfish,11436865676463986708,24,7,2,12
1720420143,46,Eel,11451746079265650667,20,3,4,9
1720420143,34,Triple Tail,17842212329901662160,24,3,3,6
1720420143,19,Trout,17792384175386817343,21,4,4,15
1720420143,14,Sardine,16567157134730496051,19,6,3,4
1720420143,33,Cod,4019328797569853435,27,4,2,21
1720420143,13,Sardine,7121003759638502270,22,2,2,20
1720420143,38,Snapper,12175019058568899762,16,1,2,5
1720420143,50,Damsel Fish,14940372966332117867,19,6,3,16
1720420143,59,Salmon,8235410754806688348,16,4,2,12
1720420143,14,Sardine,5505991210868218113,16,1,3,18
1720420143,32,Cod,126316168490990638,21,4,3,11
1720420143,8,Bass,9451316010435482532,20,6,4,10
1720420143,13,Sardine,15948725974845158886,21,2,2,6
1720420143,87,Shrimp,9410407879268412330,23,5,1,6
1720420143,16,Trout,5958387354543994220,24,6,2,19
1720420143,7,Bass,8037970612986330783,14,3,3,3
1720420143,8,Bass,8746179420295131944,14,2,1,10
1720420143,22,Pufferfish,921311448178548445,19,4,2,20
1720420143,15,Spotfish,458073066980825693,21,7,4,14
1720420143,30,Herring,10396753839453934716,15,3,1,11
1720420143,44,Clownfish,8007276473840118198,16,6,2,1
1720420143,87,Shrimp,3314757065301118708,22,2,4,8
1720420143,75,Mola Mola Fish,8541779506699021155,23,5,1,3
1720420143,5067,Pop-eyed goldfish,16988204323198749640,27,2,4,11
1720420143,7,Bass,9927188940594528845,21,5,1,4
1720420143,10,Sardine,9718510817586062137,16,3,4,14
1720420143,31,Cod,13815622834983381905,22,1,1,19
1720420143,23,Pufferfish,1123525027728945820,15,3,3,16
1720420143,82,Starfish,2630716921146733129,19,6,2,9
1720420143,98,Jellyfish,13763139294372838896,35,5,2,6
1720420143,4,Perch,13184972240541060821,14,1,1,7
1720420143,75,Mola Mola Fish,6866808723697769478,27,3,4,11
1720420143,18,Trout,3277013470484412064,33,2,1,19
1720420143,34,Triple Tail,6482268115393457013,19,2,4,3
1720420143,23,Pufferfish,11834613947029669795,20,5,2,9
1720420143,32,Cod,401553203628584494,22,5,1,6
1720420143,75,Mola Mola Fish,4144709671109182502,27,7,2,8
1720420143,77,Turtle,16349621748179971332,18,1,3,13
1720420143,14,Sardine,15589234360004543629,23,3,4,16
1720420143,81,Starfish,6117034596610631815,22,3,4,8
1720420143,5067,Pop-eyed goldfish,5607110584132120339,33,7,2,13
1720420143,22,Pufferfish,16440421307161072181,23,4,1,13
1720420143,13,Sardine,6965688473156970849,18,2,1,1
1720420143,28,Anchovy,3048301524775962978,18,4,3,9
1720420143,8,Bass,13951842925797996449,13,3,1,19
1720420143,55,Spearfish,9797531506831809608,24,3,1,1
1720420143,55,Spearfish,16244434370777146874,19,2,4,14
1720420143,75,Mola Mola Fish,17412932542487807830,15,5,3,2
1720420143,38,Snapper,17870101669773152012,24,4,1,19
1720420143,11,Sardine,16718822072055454829,23,4,3,19
1720420143,50,Damsel Fish,775184762275881813,19,2,2,17
1720420143,4,Perch,11907040877476759640,13,1,2,11
1720420143,21,Trout,11242294086842129255,24,7,3,9
1720420143,14,Sardine,13940650746009028011,22,5,4,15
1720420143,43,Clownfish,17867516936537568992,22,1,3,7
1720420143,54,Redgill,2625872932499806312,24,3,1,8
1720420143,89,Seahorse,10762258460252090001,19,5,1,18
1720420143,68,Grouper,3117353667607154722,28,3,1,14
1720420143,72,Angelfish,6381365643614136309,19,4,2,19
1720420143,29,Herring,15076475304019080145,21,5,1,4
1720420143,15,Spotfish,3802328677991361465,26,3,2,6
1720420143,5031,Boot,1931530405799424630,13,3,2,1
1720420143,15,Spotfish,5873113275887054076,25,4,2,10
1720420143,82,Starfish,1578667859797580620,28,6,1,11
1720420143,17,Spot Fish,10916425419666098441,18,3,3,10
1720420143,20,Trout,5029281661430415744,17,4,4,12
1720420143,81,Starfish,11421478117848562211,19,4,3,3
1720420143,65,Piranha,17187952987275888760,13,6,3,1
1720420143,22,Pufferfish,16491148504104314647,21,3,4,3
1720420143,95,Octopus,15790133727174763347,26,7,4,3
1720420143,75,Mola Mola Fish,17262874659497616318,23,5,2,17
1720420143,15,Spotfish,12689173172562227680,21,5,1,10
1720420143,60,Green Salmon,2864412532857916693,18,7,1,6
1720420143,72,Angelfish,9008065437878569360,19,2,3,14
1720420143,90,Seahorse,2580321138496327515,30,4,3,11
1720420143,65,Piranha,4332658887371840146,15,1,3,15
1720420143,53,Bluegill,1031402322518449778,13,5,1,11
1720420143,29,Herring,13432744695306639991,19,6,4,11
1720420143,30,Herring,15940476364651028075,21,5,3,18
1720420143,15,Spotfish,10619000182436830880,28,2,2,21
1720420143,81,Starfish,8312123013309915193,17,4,1,8
1720420143,15,Spotfish,9610859300085189058,24,6,3,2
1720420143,4,Perch,7963260018415256702,20,1,1,9
1720420143,28,Anchovy,2970065230875265941,18,6,3,18
1720420143,34,Triple Tail,5388318069570552255,25,4,1,2
1720420143,4,Perch,2458954948030789377,13,5,2,3
1720420143,23,Pufferfish,18031434390771253186,13,2,1,6
1720420143,16,Trout,6947863843903714387,20,4,2,7
1720420143,25,Catfish,13102510228184767057,19,6,3,16
1720420143,10,Sardine,3376382286505605016,20,5,1,2
1720420143,15,Spotfish,760295928498934091,23,7,2,9
1720420143,28,Anchovy,8690987513099006874,15,1,3,6
1720420143,29,Herring,12878391882186131857,16,2,3,19
1720420143,32,Cod,16294180846340454257,17,1,3,13
1720420143,34,Triple Tail,7493902824943656167,15,4,3,18
1720420143,23,Pufferfish,11795892970161668190,17,4,4,10
1720420143,46,Eel,11047630638071987038,20,4,1,12
1720420143,13,Sardine,8718971297340965942,17,5,2,17
1720420143,29,Herring,11115281461353085877,23,4,1,8
1720420143,22,Pufferfish,7314047156284221176,14,2,4,20
1720420143,23,Pufferfish,11037679535806078003,20,6,4,7
1720420143,23,Pufferfish,15471506717497051501,21,6,2,18
1720420143,16,Trout,11523847352026244526,22,4,2,15
1720420143,1,Tilapia,10864444186469856429,16,3,4,9
1720420143,53,Bluegill,8772744003831379456,22,3,2,13
1720420143,50,Damsel Fish,11229377283078014290,20,5,4,18
1720420143,40,Anglerfish,12985099865743828142,19,6,4,17
1720420143,53,Bluegill,2807700133135103578,19,5,3,7
1720420143,32,Cod,5848066866080608574,18,6,4,5
1720420143,14,Sardine,4974062406852186506,19,1,4,1
1720420143,55,Spearfish,11337996811105278244,23,1,4,7
1720420143,77,Turtle,1473562816742452792,24,1,2,7
1720420143,57,Spearfish,6887867260597495939,34,5,3,18
1720420143,69,Grouper,9161748998675627991,23,3,3,8
1720420143,78,Turtle,10536090586790646421,33,5,1,4
1720420143,26,Catfish,6833112795194313533,29,6,1,15
1720420143,31,Cod,16901735355705867214,24,1,2,8
1720420143,14,Sardine,16390273765728289759,17,5,4,19
1720420143,4,Perch,14730985817569155161,19,6,3,8
1720420143,101,Red Handfish,7542519697897623691,36,4,6,12
1720420143,95,Octopus,16617213715443735846,29,7,3,9
1720420143,47,Eel,13449580733451195882,14,4,1,2
1720420143,5,Perch,9484725179018425922,20,5,1,9
1720420143,69,Grouper,14793168473252196129,20,2,4,10
1720420143,50,Damsel Fish,11854429158834758729,21,2,2,15
1720420143,5,Perch,9470164851160347564,19,4,1,14
1720420143,47,Eel,2740633174397648942,24,6,4,6
1720420143,35,Triple Tail,6455788830739830378,16,5,1,5
1720420143,43,Clownfish,2659849674265422074,16,6,1,16
1720420143,68,Grouper,5212843856638363390,19,6,2,21
1720420143,79,Turtle,10684140390654453788,24,5,4,9
1720420143,55,Spearfish,15418062236214262447,12,5,1,11
1720420143,44,Clownfish,3913218638352233556,21,5,4,12
1720420143,102,Axolotl,14266448917196037166,17,10,4,17
1720420143,26,Catfish,5746848730897836006,19,6,2,14
1720420143,19,Trout,9437716957296185318,21,6,4,4
1720420143,11,Sardine,5686434480081639798,16,6,3,4
1720420143,55,Spearfish,14557890781514392479,15,6,4,5
1720420143,25,Catfish,12871643908276912702,14,3,1,1
1720420143,84,Crab,10309305655726809773,26,4,4,4
1720420143,37,Snapper,66425798678734301,18,5,1,3
1720420143,21,Trout,4683706908022443107,32,7,3,10
1720420143,89,Seahorse,3713369863755243906,13,1,2,11
1720420143,37,Snapper,12336219395943118126,18,2,2,6
1720420143,28,Anchovy,9380745461922164206,18,5,2,5
1720420143,31,Cod,13627034362989573381,18,3,4,15
1720420143,7,Bass,2742698320455101422,20,5,1,5
1720420143,1,Tilapia,14559969120593759448,23,2,2,12
1720420143,32,Cod,6198806196481445021,20,5,3,16
1720420143,26,Catfish,12544662147961605002,33,4,1,9
1720420143,10,Sardine,12828646427467320837,22,4,4,8
1720420143,59,Salmon,5676977116207500388,20,5,2,16
1720420143,32,Cod,7252518395953493457,17,4,3,4
1720420143,5031,Boot,9281465094360086934,18,4,3,1
1720420143,37,Snapper,8260426554283208949,14,6,2,8
1720420143,25,Catfish,1037533552994709223,18,1,2,2
1720420143,71,Angel Fish,12305736936450311446,20,5,4,4
1720420143,16,Trout,314254517611339954,20,5,2,2
1720420143,38,Snapper,8583141295968669961,19,4,1,9
1720420143,13,Sardine,3921304923289820416,20,5,2,9
1720420143,11,Sardine,16314829534332819938,19,3,4,20
1720420143,37,Snapper,5495219191092012992,24,6,1,5
1720420143,34,Triple Tail,3278911348009508125,26,5,4,13
1720420143,1,Tilapia,13485625115147326871,19,4,2,19
1720420143,7,Bass,4853432569234966967,19,6,4,17
1720420143,16,Trout,14611621524860085410,25,5,2,4
1720420143,56,Spearfish,1042154115768651614,21,2,4,9
1720420143,8,Bass,12850555484571359356,21,3,4,14
1720420143,20,Trout,5829053242984753534,20,4,2,18
1720420143,19,Trout,12216776780409939780,20,1,4,7
1720420143,53,Bluegill,6967121654540963766,18,4,4,18
1720420143,13,Sardine,4923705002350399812,16,3,1,2
1720420143,23,Pufferfish,704185370564771442,21,3,4,12
1720420143,55,Spearfish,6042624536858556276,17,4,1,7
1720420143,81,Starfish,13802590430271622895,22,3,3,15
1720420143,75,Mola Mola Fish,6753051603828976756,28,3,1,10
