1720420143,95,Octopus,8202740762113701319,25,4,3,12
1720420143,60,Green Salmon,14088990856780929983,23,2,3,13
1720420143,7,Bass,13383892185997048715,12,5,4,15
1720420143,61,Barracuda,4779960450117610278,14,3,2,8,0
1720420143,50,Damsel Fish,17217682784253436575,18,2,4,6,0
1720420143,89,Seahorse,7202730990859019565,24,3,2,10,0
1720420143,80,Starfish,14424259167737140090,18,2,1,3,0
1720420143,77,Turtle,17344026147281189140,19,1,2,20,0
1720420143,77,Turtle,18119011542170468984,15,6,1,14,0
1720420143,80,Starfish,11776649787551110806,21,5,2,11,0
1720420143,14,Sardine,16512726260414481353,15,6,3,12,0
1720420143,19,Trout,1541358434436094044,18,5,1,16,1
1720420143,10,Sardine,16225944580653568020,19,4,3,2,0
1720420143,53,Bluegill,2978101850938347285,21,4,1,3,0
1720420143,74,Mola Mola Fish,11928131616708771516,20,4,2,1,0
1720420143,55,Spearfish,4567888893760101110,23,1,4,14,0
1720420143,2,Tilapia,13903006149885371373,16,5,2,11,0
1720420143,15,Spotfish,15631978850209004509,20,3,1,5,0
1720420143,72,Angelfish,6551694396695371821,31,4,1,5,0
1720420143,44,Clownfish,16709935491013523130,22,1,3,2,0
1720420143,103,{NULL}fish,16909023651746752798,100,0,0,0,0
1720420143,95,Octopus,688486172092174384,19,6,4,20,5
1720420143,49,Damsel Fish,17863698028709877801,26,6,3,12,6
1720420143,16,Trout,16377982344539725651,12,5,4,8,0
1720420143,11,Sardine,8952902697083004010,22,1,3,18,0
1720420143,3,Tilpia,13154268913408824160,23,1,2,6,0
1720420143,72,Angelfish,8888399359179297700,28,3,4,21,0
1720420143,62,Barracuda,12919560209728772060,14,3,3,3,0
1720420143,38,Snapper,10931685191896389926,26,3,3,6,0
1720420143,50,Damsel Fish,9649232284707929501,12,5,1,12,0
1720420143,26,Catfish,12513750221241254394,29,6,2,18,23
1720420143,89,Seahorse,4573080685020413729,22,2,4,8,0
1720420143,43,Clownfish,3047804896248653715,17,1,3,3,0
1720420143,77,Turtle,2426137982089621587,15,6,1,20,0
1720420143,48,Electric Eel,3799010513519314200,30,3,3,3,0
1720420143,59,Salmon,17293725765344210308,17,2,3,13,0
1720420143,66,Piranha,6018129276522848239,28,6,2,12,0
1720420143,63,Barracuda,6586470337951455079,30,3,3,13,0
1720671487,55,Spearfish,8291327474274757937,19,4,4,14,5
1722577889,64,Piranha,15409493036267753920,15,1,4,7,0
1722578373,2,Tilapia,14540845476514754393,15,3,1,10,0
1722578635,59,Salmon,17507482526713419264,18,2,2,7,0
1723846884,89,Seahorse,7951897255813135509,21,2,4,17,0
1723847127,21,Trout,3169076791110552138,21,2,3,4,0
1723847254,69,Grouper,4136114575296430460,17,2,3,9,0
1723847474,85,Golden King Crab,10448732384024364835,26,6,6,14,1
1723848368,76,Mola Mola Fish,13855268532525984883,20,4,6,18,0
1723848636,31,Cod,12562638567889858206,18,5,3,5,0
1723848801,47,Eel,429623269294421570,22,3,4,15,1
1723849011,65,Piranha,1432512646901648287,23,4,4,6,0
1723849149,5,Perch,6304167814218775660,19,1,1,18,0
1723849274,62,Barracuda,3202808857669730608,17,3,2,20,1
1731318529,59,Salmon,7058519377533139429,23,1,4,4,0
1731318681,49,Damsel Fish,848564307840680332,14,1,2,11,0
1731319051,49,Damsel Fish,5569148433425865914,17,4,2,20,0
1731320717,10,Sardine,1054018067154978440,22,6,4,10,0
1731320843,63,Barracuda,18307205598478921837,25,2,3,18,0
1731321038,89,Seahorse,7429533265306143675,26,2,4,20,1
1731321251,32,Cod,7708082166330514523,18,5,2,20,0
1731321806,28,Anchovy,6460426348740724280,22,5,1,17,0
1731322012,77,Turtle,9356758496053866242,26,2,2,3,0
1731322240,22,Pufferfish,15074223005592871052,23,5,4,20,4
1731323140,56,Spearfish,7776573024257292566,16,6,2,8,0
1731324543,24,Pufferfish,1039084045829310720,25,4,3,15,0
1731324772,10,Sardine,674591512590532356,18,1,3,3,0
