1734404750,55,Spearfish,9487209506442632666,14,2,1,7,0
1734405213,13,Sardine,10109595136480091274,21,3,3,16,0
1734405334,11,Sardine,14763345813040306764,14,3,3,19,0
1734405455,104,Boot,1484551612991040858,18,5,2,17,0
1734405644,49,Damsel Fish,10889550802758460031,21,5,1,12,0
1734405968,99,Jellyfish,2539138365473806951,25,3,4,4,0
1734406091,64,Piranha,1042393936460772428,23,3,1,17,0
1734406215,59,Salmon,6343921135708770260,21,2,3,20,0
1734406512,38,Snapper,4299887149559661011,16,4,4,6,0
1734406978,83,Crab,6899817385812844860,25,4,4,16,6
1734407288,40,Anglerfish,17828945565968285270,22,2,4,20,0
1734407414,7,Bass,16850867591655984597,18,1,1,3,0
1734408356,72,Angelfish,10410881131634325847,14,4,3,15,0
1734409163,82,Starfish,6046941287781082804,27,2,1,2,0
