1720420143,29,Herring,7476444536461206676,22,3,1,5
1720420143,5,Perch,3424114282090584185,18,5,3,16
1720420143,50,Damsel Fish,13963291639609774599,17,3,1,15
1720420143,103,{NULL}fish,5989026535044252666,100,0,0,0
1720420143,14,Sardine,13609677999600825115,21,6,4,3
1720420143,29,Herring,8612576726320655528,20,1,2,10
1720420143,16,Trout,4430326511763672210,26,5,1,7
1720420143,47,Eel,16978459315080744500,15,4,4,19
1720420143,17,Spot Fish,9330947386158871802,24,1,4,9
1720420143,1,Tilapia,4949698749951723010,16,3,1,7
1720420143,43,Clownfish,8486410878567731937,18,4,2,17
1720420143,23,Pufferfish,7012927045768945370,23,4,3,15
1720420143,28,Anchovy,574300283187238727,23,3,2,4
1720420143,32,Cod,18305046612907414134,21,6,4,8
1720420143,28,Anchovy,9378572881044087691,26,6,4,14
1720420143,8,Bass,2757225958518508599,17,2,1,19
1720420143,62,Barracuda,17359294407595764769,19,1,1,3
1720420143,15,Spotfish,9406941584701775443,24,2,4,12
1720420143,37,Snapper,12961039867565010464,20,5,3,15
1720420143,23,Pufferfish,12713948577133133647,15,2,3,8
1720420143,1,Tilapia,3038120842111901922,20,5,3,11
1720420143,19,Trout,6234996364425493603,22,5,4,14
1720420143,14,Sardine,9907325356454716306,18,3,1,17
1720420143,1,Tilapia,5207093041093457837,20,5,3,19
1720420143,74,Mola Mola Fish,18287550884088594737,17,3,4,9
1720420143,29,Herring,5464657751596779209,22,2,2,1
1720420143,53,Bluegill,12952561040877513993,24,2,4,9
1720420143,31,Cod,2384283202854486993,20,1,3,17
1720420143,1,Tilapia,18043667521646338881,18,2,4,7
1720420143,4,Perch,6937900805232182255,22,5,1,16
1720420143,11,Sardine,11627636590599764656,21,4,4,14
1720420143,65,Piranha,5440450774337266575,23,3,1,12
1720420143,59,Salmon,17749661913617865256,20,5,3,20
1720420143,37,Snapper,16794783981533532538,22,1,1,14
1720420143,1,Tilapia,7661278582863722946,15,6,1,11
1720420143,13,Sardine,16049002138370678530,18,6,4,7
1720420143,11,Sardine,11904406292472270181,26,4,3,1
1720420143,22,Pufferfish,6335048204009258529,23,6,3,16
1720420143,29,Herring,1055951637906890862,26,6,2,16
1720420143,28,Anchovy,1709865075331311021,20,1,4,11
1720420143,32,Cod,16505327529860332271,22,2,2,14
1720420143,1,Tilapia,4553324326022322998,22,3,3,11
1720420143,16,Trout,7000124811617392832,18,2,2,3
1720420143,62,Barracuda,16942570137006102832,19,4,1,19
1720420143,28,Anchovy,12789076954531319479,20,2,4,1
1720420143,84,Crab,9642275102705978228,24,3,1,3
1720420143,14,Sardine,6572016933819821800,16,3,4,19
1720420143,53,Bluegill,15652405425353026500,21,2,4,1
1720420143,77,Turtle,16989711006317710061,24,4,1,8
1720420143,71,Angel Fish,13780247607145197232,22,6,2,13
1720420143,59,Salmon,5591840405610633317,16,5,1,5
1720420143,37,Snapper,2023484789122246394,19,6,3,7
1720420143,4,Perch,3035442316236901211,20,4,1,16
1720420143,28,Anchovy,17311629326203846273,19,1,2,6
1720420143,11,Sardine,4759539929841345763,15,2,2,19
1720420143,50,Damsel Fish,17649735297455491601,25,4,3,15
1720420143,89,Seahorse,15587487877384909209,18,6,1,20
1720420143,69,Grouper,16787594990709075388,26,2,4,5
1720420143,28,Anchovy,3892079844787857747,23,4,1,14
1720420143,37,Snapper,11304827160466411836,20,4,2,9
1720420143,43,Clownfish,12861001053315947565,14,1,2,8
1720420143,7,Bass,4730461954501338031,20,3,3,8
1720420143,32,Cod,1616314079155426339,21,6,2,8
1720420143,47,Eel,17382766968572378879,19,4,3,17
1720420143,43,Clownfish,16451655094380519731,14,3,1,10
1720420143,36,Triple Tail,15642478537840450914,27,3,4,14
1720420143,4,Perch,9345403672705586393,19,1,2,4
1720420143,1,Tilapia,6401568281521499031,18,6,4,6
1720420143,23,Pufferfish,13783670881437808239,19,2,1,13
1720420143,18,Trout,2444630009443716795,32,6,3,13
1720420143,39,Snapperfish,327912645614930662,29,2,1,12
1720420143,71,Angel Fish,17914124695679155964,17,2,3,8
1720420143,32,Cod,432969828437190193,18,1,3,11
1720420143,4,Perch,5033324497393384467,16,1,2,3
1720420143,5,Perch,5899130576302707201,13,3,1,16
1720420143,41,Anglerfish,10253056984964502,21,4,1,13
1720420143,13,Sardine,6414638919147191343,14,5,2,13
1720420143,31,Cod,6555727708504129835,24,4,1,16
1720420143,62,Barracuda,10564853500831710093,20,1,1,3
1720420143,104,Boot,8428482936416479455,21,3,2,5
1720420143,104,Boot,14640223054700684861,15,4,4,8
1720420143,22,Pufferfish,155805352583931464,14,4,2,1
1720420143,10,Sardine,2091016389743751278,20,5,3,10
1720420143,25,Catfish,17175109359193537624,22,6,4,19
1720420143,71,Angel Fish,8896128676413038991,13,6,4,10
1720420143,16,Trout,7801782550634946913,22,2,1,5
1720420143,17,Spot Fish,5907039390975081416,19,1,3,1
1720420143,19,Trout,6141193937504978267,24,6,1,4
1720420143,28,Anchovy,5407401370897974537,19,3,2,18
1720420143,11,Sardine,2156983852880667408,16,6,1,20
1720420143,8,Bass,5908889462409275333,23,2,3,8
1720420143,3,Tilpia,8809205878680785392,17,4,2,5
1720420143,77,Turtle,1989040400300521939,17,2,2,8
1720420143,68,Grouper,11660536336302700896,14,4,2,21
1720420143,13,Sardine,1607514850801034818,22,1,2,17
1720420143,56,Spearfish,8313874717459852910,30,3,2,2
1720420143,28,Anchovy,4058214854833267628,18,6,1,10
1720420143,11,Sardine,14376331568673917711,19,2,4,19
1720420143,55,Spearfish,5347623500284977268,21,6,2,1
1720420143,32,Cod,512819916820403834,24,1,1,10
1720420143,1,Tilapia,14067296172159671792,17,3,2,14
1720420143,17,Spot Fish,6588436371317063130,16,5,1,18
1720420143,13,Sardine,5684305661223199,17,1,3,7
1720420143,23,Pufferfish,17155778157608327714,15,3,2,17
1720420143,53,Bluegill,7415483662922097791,18,3,2,15
1720420143,37,Snapper,2125437550762919728,20,1,2,6
1720420143,35,Triple Tail,14604133933618408263,24,2,4,8
1720420143,34,Triple Tail,1117675151015843165,22,1,1,17
1720420143,3,Tilpia,59571447830256304,22,1,1,10
1720420143,16,Trout,426907806113755002,13,3,3,5
1720420143,17,Spot Fish,15924522044476937117,20,3,1,18
1720420143,32,Cod,11896489794745160064,15,6,2,12
1720420143,13,Sardine,6404828158034162604,21,4,4,20
1720420143,7,Bass,4863018281597466450,14,4,2,8
1720420143,28,Anchovy,14952037697166525445,19,1,1,4
1720420143,32,Cod,7966139021750337617,17,3,1,7
1720420143,4,Perch,13221319848092878955,19,3,2,11
1720420143,1,Tilapia,7416261410906479587,14,5,1,7
1720420143,21,Trout,10437705582552458550,30,3,3,14
1720420143,22,Pufferfish,16846107825639958616,16,3,1,3
1720420143,16,Trout,4134336832371730675,20,3,2,17
1720420143,16,Trout,12185975627853344808,26,1,1,5
1720420143,23,Pufferfish,12754708786312817981,16,3,3,10
1720420143,29,Herring,8662174120741441570,24,3,1,11
1720420143,22,Pufferfish,7184918029391146735,19,1,3,16
1720420143,31,Cod,3159236325401514543,23,4,2,10
1720420143,31,Cod,16600074732461093580,19,3,1,12
1720420143,16,Trout,13289429289737795,21,2,2,12
1720420143,3,Tilpia,4848850904180066093,20,3,3,11
1720420143,59,Salmon,18103866358412015751,20,1,2,3
1720420143,95,Octopus,15753650343192205309,16,3,1,5
1720420143,16,Trout,4755365031667967758,16,4,1,2
1720420143,17,Spot Fish,14814787787801327907,17,3,1,11
1720420143,23,Pufferfish,6034099001239752547,22,1,2,18
1720420143,23,Pufferfish,13319241268704084516,18,3,1,16
1720420143,7,Bass,15680611665860140030,24,5,2,2
1720420143,28,Anchovy,245210540016258214,20,2,4,8
1720420143,28,Anchovy,6148803346115477888,23,6,3,17
1720420143,28,Anchovy,4271973380326018485,17,5,3,17
1720420143,8,Bass,6645683027164959212,21,4,2,9
1720420143,26,Catfish,10063089411339326152,21,3,4,3
1720420143,32,Cod,6666658340154861104,20,5,4,5
1720420143,71,Angel Fish,1415451171974317626,19,4,2,3
1720420143,29,Herring,682363530597774234,20,4,1,11
1720420143,65,Piranha,12472483736694116740,19,2,2,9
1720420143,22,Pufferfish,6916869486922486390,20,1,2,11
1720420143,4,Perch,12915285296172274443,18,2,1,2
1720420143,37,Snapper,9358351961433845605,16,2,1,10
1720420143,28,Anchovy,5823376479077560526,20,4,4,6
1720420143,16,Trout,10580607403857371103,12,4,1,12
1720420143,53,Bluegill,13563036460410155045,19,5,4,4
1720420143,16,Trout,8666499956613719459,18,5,3,2
1720420143,23,Pufferfish,3014317628726614914,16,6,4,17
1720420143,37,Snapper,1142165490116728105,12,3,1,1
1720420143,82,Starfish,3624593726027993900,21,7,4,21
1720420143,104,Boot,10273510554951179309,15,6,3,7
1720420143,37,Snapper,9465690255377509845,23,3,4,12
1720420143,28,Anchovy,12862156403978534395,17,5,2,8
1720420143,74,Mola Mola Fish,17517159335043742208,20,4,3,15
1720420143,11,Sardine,3215999837823083956,21,2,1,16
1720420143,50,Damsel Fish,7060956944852284281,16,2,2,13
1720420143,28,Anchovy,12390481778416343498,14,3,1,2
1720420143,16,Trout,549013787224361005,21,5,2,10
1720420143,29,Herring,11760162513793323594,17,5,3,17
1720420143,5,Perch,7848787223722706675,20,3,4,13
1720420143,43,Clownfish,2337309606787074757,16,1,2,20
1720420143,23,Pufferfish,11238763844213967774,21,6,3,3
1720420143,4,Perch,17300684015675902403,17,6,2,13
1720420143,53,Bluegill,8220411255195539470,17,3,1,10
1720420143,59,Salmon,2716010634963333849,16,3,4,6
1720420143,23,Pufferfish,12553314011891647073,14,5,4,1
1720420143,11,Sardine,4852975584747516824,17,3,3,2
1720420143,29,Herring,13845847878288819117,17,5,4,12
1720420143,11,Sardine,8867782157456295333,23,1,2,19
1720420143,75,Mola Mola Fish,3002013175788860125,17,5,3,8
1720420143,23,Pufferfish,4933652591260407135,21,6,3,19
1720420143,23,Pufferfish,13425991611961686947,19,4,2,10
1720420143,14,Sardine,17742040430942077745,16,2,3,8
1720420143,1,Tilapia,8999482295391299935,20,2,2,2
1720420143,11,Sardine,13375868716862197425,12,6,2,14
1720420143,74,Mola Mola Fish,5594546965817787835,16,3,4,10
1720420143,40,Anglerfish,6659612741920363869,19,2,1,8
1720420143,17,Spot Fish,11959279429245634169,17,5,2,16
1720420143,105,GamerPieJess fish,2828525312760331455,28,7,1,17
1720420143,56,Spearfish,5868422580720578056,27,6,4,8
1720420143,4,Perch,5162662552682082036,21,2,3,6
1720420143,30,Herring,10129202900470446882,19,2,4,15
1720420143,51,Damsel Fish,12094481395869659405,22,4,3,14
1720420143,16,Trout,574484992033520691,24,2,3,9
1720420143,77,Turtle,12675599892804833319,21,1,1,3
1720420143,11,Sardine,10107899366917449314,15,3,1,19
1720420143,14,Sardine,7072888674144553138,23,4,3,20
1720420143,55,Spearfish,4807681006297963879,22,6,4,3
1720420143,62,Barracuda,7748049454920859094,19,1,4,12
1720420143,7,Bass,6832484460053662318,21,4,3,14
1720420143,5,Perch,12728382244842682411,19,5,1,3
1720420143,59,Salmon,508455896266673766,19,6,4,13
1720420143,11,Sardine,17622384832579895251,15,4,2,4
1720420143,69,Grouper,17220121580917861300,19,5,4,14
1720420143,28,Anchovy,11769785035151974587,13,5,2,15
1720420143,28,Anchovy,15017966651095655834,20,3,4,20
1720420143,37,Snapper,5321205608267761603,23,6,3,5
1720420143,16,Trout,4924908199887720900,18,2,2,6
1720420143,11,Sardine,7277839019889361222,19,1,2,10
1720420143,13,Sardine,8393670400413146571,22,3,3,2
1720420143,17,Spot Fish,4127079733974228054,19,4,4,10
1720420143,10,Sardine,746579805221447804,12,6,4,11
1720420143,37,Snapper,7184317500753142719,20,4,2,3
1720420143,37,Snapper,4966141739836653696,22,1,1,3
1720420143,16,Trout,10057229367096014712,17,3,2,19
1720420143,77,Turtle,13299897408072586512,25,6,4,7
1720420143,22,Pufferfish,9401398046050060093,21,6,1,6
1720420143,16,Trout,5522342344608830330,21,6,2,6
1720420143,7,Bass,14171041237566501414,14,2,2,2
1720420143,104,Boot,6302097012386005078,18,1,4,19
1720420143,32,Cod,16269388591537423430,25,4,4,12
1720420143,46,Eel,6410415462133734945,19,6,3,14
1720420143,59,Salmon,2719159567556908336,15,4,1,5
1720420143,41,Anglerfish,4244838316930077035,22,4,4,9
1720420143,32,Cod,13563599263109123288,23,6,4,16
1720420143,29,Herring,13897061386508858872,24,2,4,17
1720420143,11,Sardine,6189584146111399527,19,6,4,11
1720420143,11,Sardine,3533506026328011548,18,6,2,1
1720420143,16,Trout,340605771341260504,25,3,3,8
1720420143,14,Sardine,5287219814544825228,18,6,4,19
1720420143,5,Perch,13562437983142129283,20,4,1,15
1720420143,14,Sardine,9079073166897756010,20,3,3,6
1720420143,32,Cod,16536211096552461696,22,1,2,19
1720420143,47,Eel,396905345441887606,24,2,2,20
1720420143,16,Trout,10608685802818586335,16,4,3,13
1720420143,4,Perch,15394864798331333416,17,3,3,19
1720420143,10,Sardine,13724687321884118026,19,4,4,6
1720420143,13,Sardine,11720084839457901476,24,3,1,19
1720420143,28,Anchovy,6688478694992059210,17,4,2,11
1720420143,4,Perch,2319860918495711321,20,3,4,12
1720420143,44,Clownfish,1039372941219881991,20,3,1,20
1720420143,47,Eel,6066073992164199140,21,4,1,20
1720420143,44,Clownfish,18039205894835220198,17,5,1,11
1720420143,31,Cod,3091867094675177026,23,5,1,11
1720420143,28,Anchovy,16268995611354847089,19,5,3,7
1720420143,7,Bass,897281278770013573,19,6,3,17
1720420143,8,Bass,341725459190903524,16,6,4,1
1720420143,34,Triple Tail,16254573890564116848,18,5,2,18
1720420143,37,Snapper,10489137922211573550,20,2,3,18
1720420143,74,Mola Mola Fish,1900707862670456855,14,4,1,14
1720420143,41,Anglerfish,15226660197315452233,26,7,3,19
1720420143,13,Sardine,13036141665624793014,19,4,1,12
1720420143,65,Piranha,2085357918351040802,25,4,2,4
1720420143,20,Trout,9608967951984493014,21,7,3,13
1720420143,53,Bluegill,9701104010386601073,13,2,4,16
1720420143,71,Angel Fish,8074863155581636333,14,5,1,19
1720420143,23,Pufferfish,1951163348708861232,23,5,3,2
1720420143,11,Sardine,11505600547467532696,22,2,1,15
1720420143,28,Anchovy,8160561980471128402,25,3,2,9
1720420143,17,Spot Fish,5406904444606952713,16,4,3,11
1720420143,62,Barracuda,10444050214161591666,19,5,1,12
1720420143,22,Pufferfish,10223408127741390838,20,4,2,5
1720420143,13,Sardine,9001429920413282633,23,1,3,11
1720420143,59,Salmon,7309940642810171009,23,5,4,18
1720420143,94,Lobster,1186293416449074379,33,3,4,6
1720420143,4,Perch,14053058338793993402,20,4,3,15
1720420143,23,Pufferfish,10142026734603615439,19,1,2,6
1720420143,81,Starfish,2423609409743501916,16,4,4,6
1720420143,5,Perch,15699727369997164642,16,4,1,17
1720420143,55,Spearfish,5073777305375706174,21,1,2,17
1720420143,11,Sardine,4715502956582597145,12,5,2,5
1720420143,1,Tilapia,719536193522130206,17,1,2,10
1720420143,71,Angel Fish,10729631536704909722,19,4,4,11
1720420143,23,Pufferfish,17455161688148672089,23,6,3,4
1720420143,26,Catfish,1713417085319610508,27,5,3,4
1720420143,28,Anchovy,4440397313933488115,15,6,4,5
1720420143,65,Piranha,3117536583342445727,21,3,2,4
1720420143,46,Eel,8153338076318168211,19,5,2,20
1720420143,23,Pufferfish,12473322529661571967,18,4,2,4
1720420143,23,Pufferfish,2648090196939957865,19,6,1,13
1720420143,40,Anglerfish,1631791263760143369,19,6,2,13
1720420143,8,Bass,17320006584671224925,18,6,2,17
1720420143,46,Eel,5825134871169756133,14,1,3,14
1720420143,5,Perch,2236752122279808517,22,6,3,5
1720420143,7,Bass,8579589819523223276,16,5,3,14
1720420143,46,Eel,6696095471317529519,23,6,1,5
1720420143,44,Clownfish,16359974613366654762,13,4,4,5
1720420143,8,Bass,2357561378813174719,16,5,2,19
1720420143,17,Spot Fish,9737593191687354503,16,1,2,9
1720420143,56,Spearfish,9538821451161027726,23,2,4,14
1720420143,38,Snapper,4489335446037154451,19,4,1,19
1720420143,13,Sardine,13390585416821999209,17,2,1,15
1720420143,32,Cod,17155429159346046327,22,5,2,8
1720420143,55,Spearfish,8283094528150302200,19,4,3,6
1720420143,28,Anchovy,9578782605178131985,20,3,2,10
1720420143,14,Sardine,15543265360482774326,22,4,1,17
1720420143,62,Barracuda,12122391295170361400,20,3,4,9
1720420143,20,Trout,7145772262194240325,24,3,4,10
1720420143,4,Perch,14978082642755146801,15,4,4,20
1720420143,23,Pufferfish,1112597435305151056,16,4,1,2
1720420143,112,404 Fish,14536109997547303901,23,3,2,18
1720420143,1,Tilapia,4723728464248511220,20,6,1,17
1720420143,11,Sardine,3411108846139759612,18,5,4,18
1720420143,32,Cod,5857229484900955067,19,3,1,17
1720420143,43,Clownfish,7107213067828166381,18,2,2,7
1720420143,13,Sardine,8735698524355452057,25,4,4,20
1720420143,13,Sardine,7658172664469918617,19,4,4,2
1720420143,25,Catfish,9866842967014710423,15,4,4,11
1720420143,46,Eel,1206956022778461644,13,2,1,6
1720420143,3,Tilpia,12998527415017008184,14,5,3,3
1720420143,17,Spot Fish,3164511889233717759,17,3,1,13
1720420143,28,Anchovy,9416916386838200293,18,2,4,18
1720420143,5,Perch,3457237850426424543,19,2,1,11
1720420143,1,Tilapia,6665012956874484457,24,1,3,16
1720420143,34,Triple Tail,15881769321306344115,19,2,3,10
1720420143,11,Sardine,1389938253654122051,24,3,2,20
1720420143,39,Snapperfish,9619938041167966706,16,6,2,18
1720420143,7,Bass,12932745777448164913,19,3,1,6
1720420143,38,Snapper,6045968974191334735,24,1,2,12
1720420143,74,Mola Mola Fish,17984248126336014737,21,3,1,2
1720420143,13,Sardine,9967152693466906775,20,3,4,7
1720420143,89,Seahorse,7357147143185390715,20,1,3,8
1720420143,11,Sardine,8250232586083357554,26,4,1,13
1720420143,11,Sardine,8003968535746983907,20,3,4,9
1720420143,62,Barracuda,13132076815122622159,18,4,2,1
1720420143,29,Herring,12959804219189084806,19,3,1,20
1720420143,4,Perch,15992218948547241192,20,2,3,4
1720420143,1,Tilapia,11557503211395715472,15,5,2,8
1720420143,100,Jellyfish,5371256213739910149,30,7,3,12
1720420143,32,Cod,3503114924414632345,18,6,3,16
1720420143,81,Starfish,13304874691950173098,13,3,1,9
1720420143,62,Barracuda,12010484561525223171,15,2,4,14
1720420143,104,Boot,12451366608955023113,21,3,1,6
1720420143,37,Snapper,10717697886457092191,13,4,1,6
1720420143,55,Spearfish,9926621925153489618,24,6,1,8
1720420143,32,Cod,7078436061635363055,15,5,2,12
1720420143,25,Catfish,10393004699949590008,21,3,4,10
1720420143,25,Catfish,987919302809581635,16,5,3,9
1720420143,74,Mola Mola Fish,4347461310481308826,18,1,2,11
1720420143,44,Clownfish,1968259296637417183,20,1,4,2
1720420143,28,Anchovy,17950149217937816984,20,2,3,15
1720420143,50,Damsel Fish,11692528464060584848,16,3,2,13
1720420143,19,Trout,13651505695946860907,20,4,2,12
1720420143,74,Mola Mola Fish,714087245321663331,14,2,1,13
1720420143,16,Trout,5052585954405494339,17,6,4,5
1720420143,104,Boot,15112654856862099071,15,1,1,20
1720420143,55,Spearfish,18119884942289725219,17,4,3,13
1720420143,14,Sardine,842262016541466920,23,5,1,16
1720420143,13,Sardine,6556135022970452567,17,6,1,4
1720420143,14,Sardine,18063544563590141321,14,5,4,3
1720420143,59,Salmon,1164504303669388726,20,4,2,7
1720420143,38,Snapper,14188645555393894329,14,2,2,1
1720420143,30,Herring,7138440515244228840,23,1,3,9
1720420143,23,Pufferfish,12326487014976406685,19,4,3,12
1720420143,20,Trout,6550102951849495101,25,4,4,3
1720420143,65,Piranha,4644857150207659605,23,5,2,6
1720420143,37,Snapper,16660576511577949966,17,1,2,10
1720420143,13,Sardine,12306811241405306928,13,2,3,18
1720420143,4,Perch,6446342104948062188,12,1,4,9
1720420143,13,Sardine,5112759731433330258,14,1,2,6
1720420143,10,Sardine,793085367613538110,20,1,3,10
1720420143,8,Bass,6041656890224008141,22,6,4,18
1720420143,37,Snapper,309133431969938987,20,1,1,14
1720420143,13,Sardine,4916049286169467394,16,1,1,19
1720420143,28,Anchovy,16668055416421314265,20,3,1,15
1720420143,53,Bluegill,6607713497011636698,19,4,3,16
1720420143,23,Pufferfish,7957025457815052473,16,4,3,5
1720420143,1,Tilapia,16181552419984256094,19,5,1,10
1720420143,109,Cutthroat Trout,17842137819143758563,26,5,1,13
1720420143,28,Anchovy,8040709732346683630,19,3,3,8
1720420143,35,Triple Tail,3086287537473675051,20,5,4,4
1720420143,16,Trout,8155452498073155741,15,5,2,13
1720420143,7,Bass,8361023684662672479,22,2,2,18
1720420143,65,Piranha,13374621015725899389,20,1,4,17
1720420143,31,Cod,17196566127877580664,23,6,4,13
1720420143,104,Boot,12562238638791091673,18,5,1,3
1720420143,28,Anchovy,6057050265741166437,15,3,3,16
1720420143,46,Eel,17291649864864180983,20,5,2,16
1720420143,53,Bluegill,1925998385523720535,21,5,3,4
1720420143,62,Barracuda,10575283530154888829,17,5,3,15
1720420143,1,Tilapia,8452998542193988194,12,1,2,9
1720420143,16,Trout,10819049759039592823,17,2,1,8
1720420143,43,Clownfish,10836688597930567732,21,5,2,12
1720420143,44,Clownfish,8432260687687163514,15,6,3,3
1720420143,32,Cod,2717666918443015966,19,2,1,1
1720420143,22,Pufferfish,11825084096702750801,24,4,4,15
1720420143,65,Piranha,5743731451487900315,26,6,2,13
1720420143,3,Tilpia,5474232593127436828,20,2,2,12
1720420143,7,Bass,5082050337689390003,23,6,3,7
1720420143,63,Barracuda,811700325427857047,24,7,2,9
1720420143,28,Anchovy,2773953622960865874,17,2,1,9
1720420143,10,Sardine,79996177972037918,15,1,2,4
1720420143,82,Starfish,17391466058602267303,25,4,1,18
1720420143,1,Tilapia,14191284878900119544,20,3,3,10
1720420143,11,Sardine,4200067256263911595,21,3,1,6
1720420143,46,Eel,7432172620067696912,24,1,3,9
1720420143,1,Tilapia,6891535709849115722,20,6,4,7
1720420143,3,Tilpia,3252728158491470692,20,4,2,9
1720420143,43,Clownfish,2754684577953444068,19,2,1,15
1720420143,112,404 Fish,13391377243902620093,21,5,2,12
1720420143,23,Pufferfish,8591238167284301951,18,4,3,19
1720420143,25,Catfish,2566546919904768964,19,3,4,9
1720420143,3,Tilpia,1929428896882490480,15,4,2,10
1720420143,69,Grouper,9778502411364842142,17,1,2,6
1720420143,4,Perch,7259827560168274442,18,5,3,13
1720420143,1,Tilapia,14433232814306787721,16,4,4,5
1720420143,37,Snapper,584324312206848693,22,3,4,16
1720420143,37,Snapper,11411496400594554039,20,1,2,13
1720420143,5,Perch,16939797152246110352,25,1,2,17
1720420143,50,Damsel Fish,13290921140613832534,19,1,2,20
1720420143,4,Perch,14102421620540622548,21,6,4,6
1720420143,23,Pufferfish,9013744265501677206,18,6,2,2
1720420143,14,Sardine,8946216423584021731,21,3,1,9
1720420143,22,Pufferfish,2138575046834301857,16,3,3,20
1720420143,37,Snapper,744998933887116011,23,4,2,3
1720420143,20,Trout,7540182213873009797,25,2,4,9
1720420143,44,Clownfish,2758089012045448004,19,1,3,17
1720420143,13,Sardine,4889241343042973799,23,6,1,17
1720420143,98,Jellyfish,16732048045545509533,22,2,4,2
1720420143,31,Cod,11592045104323904786,17,5,2,8
1720420143,31,Cod,9825656627062018712,20,3,3,13
1720420143,68,Grouper,6666849765153961266,24,2,3,8
1720420143,23,Pufferfish,5033760939549311617,22,2,1,14
1720420143,1,Tilapia,16752924454519668161,23,4,2,16
1720420143,38,Snapper,7084154921229257244,19,5,4,19
1720420143,27,Catfish,16171575239913556203,21,6,4,7
1720420143,69,Grouper,11360268236637344418,14,4,3,19
1720420143,32,Cod,12467551387471654676,17,3,4,6
1720420143,4,Perch,16481949560388210835,16,3,4,9
1720420143,50,Damsel Fish,12156034053661810393,21,1,2,18
1720420143,50,Damsel Fish,16775802171213980367,19,1,3,18
1720420143,29,Herring,13535127985563021414,22,3,4,10
1720420143,30,Herring,5651354046884252692,17,4,2,4
1720420143,104,Boot,12877568753515758923,17,2,4,5
1720420143,16,Trout,11951281216570705624,19,6,3,5
1720420143,55,Spearfish,1420005441236176587,22,3,3,20
1720420143,9,Bass,4654776690311584350,24,4,2,12
1720420143,97,Golden Takoyaki,734835874542065010,32,4,6,15
1720420143,23,Pufferfish,1900624306437183796,22,2,2,14
1720420143,53,Bluegill,12525316271013186576,20,1,4,14
1720420143,10,Sardine,15395444497024889395,21,2,3,3
1720420143,14,Sardine,14649223571751471904,16,3,1,10
1720420143,7,Bass,1356655983422034592,15,5,2,6
1720420143,55,Spearfish,10528070858039946688,12,1,3,13
1720420143,3,Tilpia,13489892198533105406,17,1,4,11
1720420143,38,Snapper,1187372293160706647,22,2,1,2
1720420143,3,Tilpia,1110846833336618274,19,4,4,13
1720420143,31,Cod,5917667460431094871,19,3,4,11
1720420143,75,Mola Mola Fish,6081956651311534601,25,3,3,5
1720420143,37,Snapper,9288248165200319479,18,1,1,3
1720420143,69,Grouper,7228993815341061472,19,4,1,18
1720420143,40,Anglerfish,2984536545389226703,16,5,4,9
1720420143,5,Perch,2850780102164779402,20,3,1,12
1720420143,36,Triple Tail,1412872389315890076,18,3,1,20
1720420143,89,Seahorse,12128721227195772209,16,5,1,16
1720420143,8,Bass,16329369388798126140,22,5,3,9
1720420143,46,Eel,2008162126582674779,20,1,1,8
1720420143,30,Herring,16299920735345359341,22,5,3,11
1720420143,14,Sardine,17713467223814518099,18,1,3,10
1720420143,109,Cutthroat Trout,13472276338448717104,29,7,4,7
1720420143,17,Spot Fish,14052317192091084988,18,2,3,13
1720420143,77,Turtle,16253687878698013633,23,5,2,11
1720420143,87,Shrimp,15500467741426111960,29,3,4,17
1720420143,43,Clownfish,3304932758404471435,16,5,2,16
1720420143,89,Seahorse,17646100510656460258,15,1,4,17
1720420143,30,Herring,10728823526131625211,19,3,3,17
1720420143,22,Pufferfish,1740934010905212828,20,4,2,20
1720420143,28,Anchovy,726032648470516840,17,3,2,10
1720420143,63,Barracuda,13018450873051113227,25,6,3,9
1720420143,8,Bass,9584720550863042681,14,6,4,1
1720420143,43,Clownfish,421436600821686910,15,3,3,18
1720420143,7,Bass,8312312834790159700,25,4,4,20
1720420143,35,Triple Tail,15224476184637226891,31,7,4,8
1720420143,74,Mola Mola Fish,5811914495670173328,24,5,2,13
1720420143,47,Eel,5887819289624992688,18,5,2,3
1720420143,7,Bass,10715268307256110355,15,2,1,10
1720420143,84,Crab,6695736463038503403,20,6,2,20
1720420143,7,Bass,10060080125908341755,24,3,1,12
1720420143,34,Triple Tail,8655320741104537,14,6,3,17
1720420143,43,Clownfish,9791808771849689037,16,1,4,12
1720420143,16,Trout,13981069754897548004,17,5,2,5
1720420143,14,Sardine,10448509743237020272,26,4,4,3
1720420143,4,Perch,10057566301015771581,21,4,3,4
1720420143,13,Sardine,8780158724818672793,15,2,4,19
1720420143,4,Perch,11446212211172503660,25,3,1,10
1720420143,71,Angel Fish,2796240054533298279,17,5,2,2
1720420143,1,Tilapia,15241367432840668212,20,2,2,9
1720420143,98,Jellyfish,4830325768602294202,24,3,4,15
1720420143,104,Boot,1656393759915598399,20,2,2,6
1720420143,16,Trout,6423293710463935535,22,5,4,6
1720420143,1,Tilapia,14664252835897382219,18,1,4,11
1720420143,43,Clownfish,10297271397254529783,20,1,1,8
1720420143,11,Sardine,17261346847243523641,17,3,2,16
1720420143,11,Sardine,11247431427596998348,20,3,4,20
1720420143,110,Pop-eyed goldfish,7686044476301398367,25,6,1,12
1720420143,30,Herring,11889086898362080052,16,2,4,12
1720420143,38,Snapper,1263927926026868496,19,1,1,2
1720420143,77,Turtle,6431995009160579691,15,5,1,1
1720420143,74,Mola Mola Fish,15591465970471873756,16,5,4,11
1720420143,37,Snapper,1584830213990957329,17,1,2,9
1720420143,4,Perch,1516999593646348675,13,6,1,14
1720420143,24,Pufferfish,8996521907577625397,22,5,4,9
1720420143,14,Sardine,875880134920048260,22,5,1,6
1720420143,16,Trout,7143982974844609363,19,6,3,2
1720420143,11,Sardine,13679684075523504564,17,4,2,15
1720420143,44,Clownfish,7841632582920041680,16,2,2,18
1720420143,53,Bluegill,5737785424970819069,21,3,4,8
1720420143,17,Spot Fish,3673362378585042999,16,5,3,4
1720420143,11,Sardine,8263235445566284137,20,4,2,1
1720420143,57,Spearfish,2988181560390221903,20,2,2,16
1720420143,89,Seahorse,9788544157686883530,20,4,1,8
1720420143,65,Piranha,10266077852729143271,19,4,3,14
1720420143,1,Tilapia,2277875824745884866,25,2,1,1
1720420143,30,Herring,4887112539516730228,21,4,1,11
1720420143,112,404 Fish,8852002378122231433,17,5,4,15
1720420143,11,Sardine,9471868059833606368,24,2,1,14
1720420143,72,Angelfish,14448377032177518589,25,7,2,16
1720420143,30,Herring,14854825546315870302,20,1,4,10
1720420143,107,Blahaj,12811529852735624842,23,8,6,9
1720420143,8,Bass,13244334620425709630,18,5,2,17
1720420143,47,Eel,12456860020137295453,14,2,2,11
1720420143,79,Turtle,14110866823143009517,25,8,5,19
1720420143,40,Anglerfish,16823408365539075217,21,3,3,11
1720420143,104,Boot,439590088268582143,18,4,2,20
1720420143,109,Cutthroat Trout,3474684240504588717,31,7,2,4
1720420143,60,Green Salmon,8964626284553435049,15,6,3,3
1720420143,100,Jellyfish,1398851840863142945,23,7,3,11
1720420143,106,Sakhalin sturgeon,16865791826681581349,39,5,6,17
1720420143,107,Blahaj,531015592219675649,27,7,6,4
1720420143,19,Trout,1804803450952624836,17,4,3,3
1720420143,11,Sardine,8046752957493108776,15,1,3,15
1720420143,69,Grouper,16507340182516449223,14,4,2,14
1720420143,25,Catfish,15379529450337503403,22,6,4,1
1720420143,57,Spearfish,12439812297144433445,20,3,2,3
1720420143,104,Boot,13519136743933480956,22,2,4,18
1720420143,79,Turtle,2284260699061102662,24,8,2,6
1720420143,31,Cod,17576689225347291434,23,6,2,5
1720420143,38,Snapper,3315004424811483903,15,4,4,12
1720420143,13,Sardine,11909629534624306566,18,4,2,20
1720420143,104,Boot,3309176052289488557,25,2,4,20
1720420143,4,Perch,16717636597532392771,16,5,1,20
1720420143,7,Bass,18362746814229271843,15,6,3,13
1720420143,69,Grouper,11358157263400279608,23,5,3,11
1720420143,89,Seahorse,13644400077764784933,19,2,1,12
1720420143,32,Cod,7349257076594871424,14,6,1,19
1720420143,19,Trout,2055049785656143183,19,1,1,16
1720420143,46,Eel,6009956996449345675,19,5,3,12
1720420143,47,Eel,448517382944617596,23,2,4,7
1720420143,13,Sardine,12297826094156710627,15,2,1,1
1720420143,77,Turtle,16573920548305803571,20,4,2,17
1720420143,56,Spearfish,425161829332350861,21,6,3,7
1720420143,4,Perch,12933165496101281716,25,6,2,17
1720420143,7,Bass,10215100389741390610,20,1,1,20
1720420143,71,Angel Fish,971005401640155086,22,1,1,1
1720420143,23,Pufferfish,5477089802336425653,19,2,3,4
1720420143,63,Barracuda,18212220373576023265,21,7,3,18
1720420143,22,Pufferfish,12057635366158564270,16,5,1,19
1720420143,14,Sardine,6227285563322146290,24,2,2,17
1720420143,25,Catfish,15296985825825400401,20,4,3,19
1720420143,46,Eel,12735623553741445246,20,5,1,10
1720420143,104,Boot,2687734506461208999,18,5,2,1
1720420143,50,Damsel Fish,9476631485525402732,15,4,4,16
1720420143,1,Tilapia,13417466437884637788,16,2,1,1
1720420143,59,Salmon,17018567219694935835,18,5,1,14
1720420143,22,Pufferfish,1319296353134142619,17,4,4,3
1720420143,77,Turtle,12213284283842471172,15,4,4,20
1720420143,3,Tilpia,16645330878706103000,24,2,4,8
1720420143,4,Perch,2974235267820620318,14,6,2,9
1720420143,44,Clownfish,15937061385735890504,14,4,2,12
1720420143,29,Herring,14738567389864345832,14,1,2,12
1720420143,14,Sardine,5976536530859703644,22,3,4,8
1720420143,20,Trout,6567152723738133880,28,7,1,17
1720420143,90,Seahorse,2698129165311066462,28,4,2,9
1720420143,11,Sardine,17225304571492790416,23,3,1,13
1720420143,37,Snapper,5355014571206568053,17,4,2,2
1720420143,104,Boot,4443148740921508275,19,4,2,7
1720420143,14,Sardine,7865095196928673160,23,6,2,4
1720420143,28,Anchovy,8630899536868993348,19,2,2,10
1720420143,47,Eel,7541922970357744879,21,5,3,14
1720420143,10,Sardine,16585970378951781998,15,3,4,8
1720420143,13,Sardine,11689243563072002637,23,5,4,12
1720420143,43,Clownfish,13651127847359715368,15,6,1,18
1720420143,4,Perch,15141938776937938562,23,2,2,8
1720420143,7,Bass,7087443482035985715,18,1,4,8
1720420143,25,Catfish,9733379297718269739,23,3,4,19
1720420143,77,Turtle,3726299845418866333,17,2,4,4
1720420143,71,Angel Fish,174945972317599886,19,2,3,11
1720420143,28,Anchovy,17829094152469220165,17,2,1,16
1720420143,30,Herring,12584426995257898916,15,4,3,16
1720420143,71,Angel Fish,7909301105921497811,24,2,4,6
1720420143,41,Anglerfish,12068683899254887114,31,7,1,8
1720420143,13,Sardine,8686634879595976101,20,3,4,9
1720420143,29,Herring,7763215532826828135,17,5,4,14
1720420143,31,Cod,10092433512864585388,18,4,2,2
1720420143,3,Tilpia,9871563734067015948,12,3,2,7
1720420143,53,Bluegill,8276833539861849260,19,5,3,2
1720420143,63,Barracuda,16870135954007231756,25,3,3,11
1720420143,77,Turtle,4728777468546949971,16,6,1,12
1720420143,13,Sardine,3535467098990444606,18,5,2,7
1720420143,62,Barracuda,15392808650507710596,16,5,4,14
1720420143,14,Sardine,4664062736654375017,17,4,4,17
1720420143,38,Snapper,17464660857612386117,24,2,1,10
1720420143,62,Barracuda,11127186491047591608,17,3,2,11
1720420143,23,Pufferfish,17370061185820012965,18,5,3,2
1720420143,47,Eel,11998549580996539088,14,2,1,5
1720420143,46,Eel,1859013592649706717,25,2,1,11
1720420143,31,Cod,7567575146906650186,18,5,3,9
1720420143,54,Redgill,8874310116940750520,25,5,2,9
1720420143,11,Sardine,8165623438635176127,19,5,3,15
1720420143,37,Snapper,2725640987706842887,18,2,4,11
1720420143,37,Snapper,10688812819071267828,20,3,2,2
1720420143,59,Salmon,11138314779107919763,22,6,4,9
1720420143,29,Herring,16807477488284352206,21,5,2,8
1720420143,81,Starfish,4882887551534827580,15,4,2,9
1720420143,28,Anchovy,2174828207164770665,16,5,4,6
1720420143,84,Crab,5377351686810019976,27,4,1,14
1720420143,32,Cod,17314814315031412994,26,5,3,1
1720420143,7,Bass,4213312523390074498,21,1,4,19
1720420143,11,Sardine,17893910726036751614,21,2,4,18
1720420143,44,Clownfish,14124131151549120471,17,3,1,6
1720420143,28,Anchovy,16541093756898669756,21,2,3,13
1720420143,53,Bluegill,3188849408213881587,14,4,1,16
1720420143,1,Tilapia,17273841835754154737,20,6,3,16
1720420143,32,Cod,11929587723672208133,22,2,2,2
1720420143,16,Trout,4698372402692095073,18,4,3,20
1720420143,16,Trout,6389357576116053604,21,1,4,1
1720420143,28,Anchovy,1639517338188893146,21,6,4,20
1720420143,104,Boot,15698565946864284500,15,1,1,20
1720420143,23,Pufferfish,6860144849053003255,22,6,2,4
1720420143,28,Anchovy,13170986913243598930,20,2,4,7
1720420143,62,Barracuda,17388246585476568847,20,4,3,14
1720420143,25,Catfish,8999261317433971459,17,4,3,4
1720420143,40,Anglerfish,13683617652344581375,19,6,4,11
1720420143,7,Bass,14141724121586548126,19,2,1,8
1720420143,7,Bass,4929917413095891772,20,6,4,12
1720420143,11,Sardine,5381945440419820181,21,4,1,20
1720420143,37,Snapper,12558268051543748105,17,3,3,12
1720420143,7,Bass,2563018871338322492,18,2,2,14
1720420143,28,Anchovy,3460412221792051146,20,4,4,18
1720420143,29,Herring,1220408148762493907,21,1,1,4
1720420143,89,Seahorse,11348425455752911448,18,1,4,8
1720420143,23,Pufferfish,11523711836941925717,21,6,2,5
1720420143,31,Cod,925565374959954952,17,5,2,6
1720420143,89,Seahorse,12471473630571693230,18,5,1,3
1720420143,11,Sardine,2146433774344099001,16,1,4,12
1720420143,11,Sardine,17909850019671379000,15,4,4,5
1720420143,11,Sardine,10145665583205340764,22,5,2,20
1720420143,54,Redgill,10311621361001882321,21,5,3,8
1720420143,104,Boot,8225738938123067050,18,4,3,7
1720420143,17,Spot Fish,356202903128615864,12,2,3,4
1720420143,37,Snapper,12192820868145691487,22,1,4,7
1720420143,7,Bass,12466550307207838257,22,1,1,4
1720420143,31,Cod,3510411590153920839,16,1,1,4
1720420143,37,Snapper,16024381324653755384,17,1,2,12
1720420143,1,Tilapia,11857271026908574310,19,6,4,3
1720420143,109,Cutthroat Trout,16816415269444048141,21,3,3,21
1720420143,11,Sardine,3893754140482728610,21,2,4,3
1720420143,7,Bass,12584757469070790679,15,4,2,12
1720420143,10,Sardine,3048001045553290270,24,3,1,10
1720420143,16,Trout,15450068010685062004,19,3,4,17
1720420143,19,Trout,5644316695421964133,22,6,3,19
1720420143,31,Cod,9445005591471364071,15,5,1,18
1720420143,17,Spot Fish,11418879603219403054,18,4,1,5
1720420143,23,Pufferfish,17937540148019952754,15,1,4,6
1720420143,29,Herring,6508015669996487184,20,6,3,9
1720420143,16,Trout,3200795303731686720,26,6,4,12
1720420143,38,Snapper,5231736088389820421,21,5,2,12
1720420143,35,Triple Tail,6794085965124115546,28,7,2,12
1720420143,4,Perch,3730013560334094238,24,6,3,14
1720420143,29,Herring,13974269471230061956,26,4,1,14
1720420143,46,Eel,14033487305177146357,18,4,2,3
1720420143,22,Pufferfish,16666967013806103371,18,3,2,9
1720420143,13,Sardine,12267025859121570875,22,1,4,3
1720420143,28,Anchovy,18148064806812470170,19,4,4,15
1720420143,81,Starfish,4593659715169135826,24,1,2,2
1720420143,74,Mola Mola Fish,5400275133780829285,21,1,1,20
1720420143,26,Catfish,147393785422121228,30,7,4,10
1720420143,13,Sardine,13253465104667173007,19,6,2,11
1720420143,32,Cod,13835312846953580955,15,2,2,17
1720420143,65,Piranha,10508146796256186364,20,4,3,20
1720420143,55,Spearfish,12482188507571007076,23,4,1,20
1720420143,3,Tilpia,3379936403798717697,18,6,3,15
1720420143,23,Pufferfish,2045830072891461598,23,6,1,9
1720420143,104,Boot,10769246222635018246,16,1,2,1
1720420143,69,Grouper,8061374122343688762,18,1,1,16
1720420143,11,Sardine,200384618925270141,22,6,4,18
1720420143,4,Perch,6047464329999024764,23,4,2,4
1720420143,7,Bass,112749170844720769,26,6,3,5
1720420143,81,Starfish,3624330000724952559,21,3,4,15
1720420143,13,Sardine,15925905640827094244,25,2,1,5
1720420143,16,Trout,14477491452392974770,17,1,3,15
1720420143,28,Anchovy,2030447027549056156,15,5,2,20
1720420143,28,Anchovy,11152402850598235101,18,6,4,2
1720420143,37,Snapper,1473481167703080073,22,1,3,10
1720420143,23,Pufferfish,8745762994113362507,19,6,1,5
1720420143,32,Cod,6882082708808591663,20,6,2,7
1720420143,71,Angel Fish,7939159982154710100,20,5,2,12
1720420143,44,Clownfish,14984659775027686041,19,3,4,15
1720420143,44,Clownfish,11980920885972870150,24,1,1,13
1720420143,14,Sardine,4820164156277299562,18,2,4,11
1720420143,17,Spot Fish,12423224124983519351,26,5,3,3
1720420143,81,Starfish,7443827475823800044,20,1,3,14
1720420143,104,Boot,16970346451482146070,15,2,1,5
1720420143,37,Snapper,289753310226147164,14,6,1,7
1720420143,68,Grouper,3982652769511975179,28,2,4,12
1720420143,47,Eel,8520073814567625304,18,4,1,1
1720420143,32,Cod,1871264763831441876,20,4,2,14
1720420143,23,Pufferfish,6533270512059697828,17,6,4,1
1720420143,71,Angel Fish,3761717121411722247,23,2,3,20
1720420143,38,Snapper,5671684718095997080,15,6,4,16
1720420143,16,Trout,18125868191308805521,22,2,4,2
1720420143,32,Cod,18413802838780766965,18,1,1,19
1720420143,44,Clownfish,1264059297487538207,18,3,1,3
1720420143,1,Tilapia,7148434223202228699,21,6,4,9
1720420143,46,Eel,9427141852861337212,21,3,2,7
1720420143,13,Sardine,4618944730871564104,22,5,4,12
1720420143,32,Cod,11704571098785276517,20,3,3,17
1720420143,4,Perch,4050852287036687250,13,3,3,4
1720420143,28,Anchovy,1344985889102356106,21,3,4,19
1720420143,44,Clownfish,9992805036921170976,21,2,2,19
1720420143,28,Anchovy,18214545091668272393,19,2,1,18
1720420143,4,Perch,5735074846875978499,20,3,3,11
1720420143,48,Electric Eel,14699803212044779524,24,4,4,14
1720420143,104,Boot,15095711405129250002,19,4,2,5
1720420143,23,Pufferfish,10177395810450472549,22,2,4,4
1720420143,13,Sardine,9579264249819053723,13,6,4,8
1720420143,16,Trout,10468450116971640799,19,4,1,7
1720420143,34,Triple Tail,15686585772515000446,23,4,4,17
1720420143,98,Jellyfish,12531213878143019310,29,4,3,18
1720420143,29,Herring,7631346912237599675,23,2,1,19
1720420143,30,Herring,13869070857665207252,20,1,1,19
1720420143,1,Tilapia,2361751114550758191,22,6,3,13
1720420143,10,Sardine,15937758275145848373,22,5,4,2
1720420143,62,Barracuda,10609011076653104032,17,2,4,14
1720420143,36,Triple Tail,153293143679852807,20,4,3,11
1720420143,22,Pufferfish,10663624719197065345,20,6,4,1
1720420143,13,Sardine,10911311769999288732,20,3,2,6
1720420143,1,Tilapia,12350664801515559110,19,2,3,7
1720420143,7,Bass,17621040825625713713,15,1,3,1
1720420143,50,Damsel Fish,9076329063526106086,20,4,4,11
1720420143,13,Sardine,3491532007482391031,16,1,3,8
1720420143,31,Cod,17913287526357678637,13,3,1,2
1720420143,82,Starfish,12575495799307349407,20,5,1,2
1720420143,32,Cod,646700279817363026,20,1,2,13
1720420143,46,Eel,669595086070290463,13,5,3,6
1720420143,25,Catfish,11397451812054616880,13,5,2,11
1720420143,32,Cod,14534698566754177877,17,5,1,12
1720420143,4,Perch,15077254477144924941,12,6,3,13
1720420143,40,Anglerfish,17047111742285454634,15,3,4,9
1720420143,11,Sardine,12113576307980265808,12,1,2,6
1720420143,51,Damsel Fish,5299605354269539431,26,5,2,10
1720420143,1,Tilapia,13829681004351704272,24,4,2,5
1720420143,104,Boot,2541680346230693537,23,1,1,10
1720420143,7,Bass,14809761754072909428,21,5,2,19
1720420143,34,Triple Tail,6486656116628463845,19,5,2,1
1720420143,7,Bass,14147425170231161586,16,3,1,16
1720420143,23,Pufferfish,8166575979192571786,24,6,3,3
1720420143,7,Bass,10386377809281915787,18,6,1,10
1720420143,44,Clownfish,13656568296401038502,14,6,2,2
1720420143,37,Snapper,8532478516616641175,15,1,2,15
1720420143,13,Sardine,12186301960151128230,20,3,4,9
1720420143,34,Triple Tail,15967110206643213298,15,2,4,6
1720420143,32,Cod,12570983774592838658,19,4,1,12
1720420143,28,Anchovy,9936541990344186550,21,3,4,4
1720420143,17,Spot Fish,8542953415982310983,24,2,4,8
1720420143,22,Pufferfish,18226599600781363054,21,1,3,5
1720420143,4,Perch,14772201151739693708,24,1,3,4
1720420143,59,Salmon,17912930488425656376,19,3,3,8
1720420143,41,Anglerfish,3175270981885942445,20,2,2,6
1720420143,31,Cod,9624362753813362424,15,1,4,13
1720420143,23,Pufferfish,18399617728670750466,19,4,1,7
1720420143,22,Pufferfish,4800011962937436711,17,1,1,14
1720420143,3,Tilpia,13707104637199365541,18,2,3,18
1720420143,37,Snapper,194122082041793212,16,2,3,1
1720420143,1,Tilapia,13300612084738962498,15,6,3,14
1720420143,1,Tilapia,673567114472478520,20,6,3,14
1720420143,32,Cod,8459325052676481724,24,4,4,10
1720420143,7,Bass,2419267875236933919,19,3,4,11
1720420143,1,Tilapia,3599559836269723300,26,3,4,2
1720420143,28,Anchovy,6326413805589045071,20,6,3,2
1720420143,11,Sardine,7045348919734723325,17,1,2,10
1720420143,50,Damsel Fish,13049609980931141901,16,5,3,3
1720420143,34,Triple Tail,8685582459150068400,20,4,2,9
1720420143,1,Tilapia,6979283101419206645,19,2,4,15
1720420143,11,Sardine,6130172803604720878,20,5,2,5
1720420143,11,Sardine,3387574207942908666,17,2,3,19
1720420143,38,Snapper,8044610219658344460,20,1,3,16
1720420143,17,Spot Fish,12966195422051836518,24,4,2,19
1720420143,45,Clownfish,13947562640970098080,22,5,4,2
1720420143,19,Trout,5315684019625667995,21,4,3,8
1720420143,28,Anchovy,9134486325520075089,21,3,3,14
1720420143,35,Triple Tail,15673005136539094528,31,3,2,4
1720420143,27,Catfish,7558169217341152402,25,7,2,19
1720420143,38,Snapper,3454158140686681364,16,1,2,12
1720420143,109,Cutthroat Trout,8316430756861539386,27,2,2,14
1720420143,4,Perch,8224223038061650038,25,2,2,13
1720420143,32,Cod,15621745530753916645,18,5,1,9
1720420143,81,Starfish,13917768894596612658,20,1,2,7
1720420143,1,Tilapia,16375910637375119524,18,1,1,4
1720420143,30,Herring,6828954506403203665,13,6,3,5
1720420143,40,Anglerfish,5761540291429589781,15,6,1,8
1720420143,13,Sardine,12330994516493182365,21,4,2,14
1720420143,37,Snapper,17164001440664606816,23,6,4,3
1720420143,7,Bass,5178076799060253759,22,2,1,1
1720420143,16,Trout,11072566693621811506,19,4,1,11
1720420143,50,Damsel Fish,13134617653582647875,18,4,3,16
1720420143,37,Snapper,12273283745738912531,15,2,2,5
1720420143,46,Eel,8039597283888572790,25,6,4,14
1720420143,17,Spot Fish,4557331159354711490,22,5,3,13
1720420143,3,Tilpia,2321114054518975328,21,6,3,15
1720420143,16,Trout,4026339551336597665,25,3,2,16
1720420143,11,Sardine,5738286915179888863,20,1,1,11
1720420143,79,Turtle,2455915040608857109,27,5,2,10
1720420143,1,Tilapia,13946620264173611581,20,4,4,15
1720420143,29,Herring,6375509346023459513,17,3,3,5
1720420143,22,Pufferfish,8651444370277725500,21,4,4,5
1720420143,19,Trout,1869115888771282543,20,1,4,14
1720420143,100,Jellyfish,2990659190148862307,27,5,3,2
1720420143,65,Piranha,15593523595666811869,19,6,3,15
1720420143,46,Eel,5655319339576201707,17,3,1,18
1720420143,40,Anglerfish,7999706119301251766,17,6,4,6
1720420143,7,Bass,12152336418893631845,20,5,4,20
1720420143,37,Snapper,701124368541450322,15,6,2,19
1720420143,23,Pufferfish,4851306951346029479,23,1,4,12
1720420143,31,Cod,17181134519693962767,21,3,4,5
1720420143,29,Herring,15680347822643900511,16,3,2,19
1720420143,28,Anchovy,16136013863348140954,18,6,4,15
1720420143,17,Spot Fish,14164046566090225624,20,4,1,7
1720420143,37,Snapper,11792606499574978144,26,1,2,15
1720420143,44,Clownfish,9637549172253734877,19,3,4,16
1720420143,19,Trout,18195003429226760844,23,3,2,3
1720420143,28,Anchovy,8884611104859151787,26,6,3,6
1720420143,32,Cod,6134065753116085354,16,3,4,2
1720420143,22,Pufferfish,3928772909419350947,20,6,2,12
1720420143,102,Axolotl,9046628671837846078,29,5,2,14
1720420143,100,Jellyfish,16731101790893160070,19,3,1,7
1720420143,1,Tilapia,18293289566566979437,19,4,3,14
1720420143,23,Pufferfish,15568573921270113754,15,6,2,19
1720420143,22,Pufferfish,7977249334508646194,13,5,1,20
1720420143,37,Snapper,12539640624246013291,20,5,3,10
1720420143,62,Barracuda,5479878382499478396,26,4,4,20
1720420143,4,Perch,917851920748477977,23,2,1,20
1720420143,32,Cod,3898349892918429133,21,1,2,12
1720420143,32,Cod,11781513308688891558,23,1,2,16
1720420143,71,Angel Fish,10643025589896304587,21,6,4,12
1720420143,10,Sardine,1534518708310740633,25,6,2,9
1720420143,46,Eel,9934363852346789036,17,5,2,3
1720420143,105,GamerPieJess fish,5706036700751679663,20,2,3,7
1720420143,23,Pufferfish,1393823377041926806,19,5,2,20
1720420143,32,Cod,10949100934476633584,18,1,3,7
1720420143,14,Sardine,16873000112279357199,21,4,3,3
1720420143,15,Spotfish,948571459787064190,26,4,4,4
1720420143,32,Cod,12455676698479446729,12,1,4,13
1720420143,28,Anchovy,4683145009059355013,17,1,4,14
1720420143,7,Bass,4167589200867770553,16,4,4,15
1720420143,7,Bass,10641939154490770280,20,2,1,11
1720420143,4,Perch,14355065521477978480,15,3,2,14
1720420143,7,Bass,10245161487501864261,16,1,3,5
1720420143,1,Tilapia,5892105581712537509,20,6,1,7
1720420143,10,Sardine,6135654029067868196,16,3,3,17
1720420143,43,Clownfish,4503133435720340849,18,3,4,4
1720420143,23,Pufferfish,13324750397683820025,19,2,1,14
1720420143,17,Spot Fish,4801206500232931195,17,4,4,12
1720420143,75,Mola Mola Fish,13201959950402952439,16,4,1,3
1720420143,55,Spearfish,6703879826925528952,24,1,2,4
1720420143,1,Tilapia,14976885746951473954,20,6,2,20
1720420143,13,Sardine,15556377511395290212,20,5,2,20
1720420143,16,Trout,15114285490297974913,16,3,4,15
1720420143,68,Grouper,2928411144941317310,21,3,2,18
1720420143,4,Perch,2246867830138182041,20,3,1,1
1720420143,38,Snapper,3161955132110776947,19,2,3,15
1720420143,74,Mola Mola Fish,18188543852126963270,18,5,2,12
1720420143,4,Perch,16721445245875643379,22,2,1,20
1720420143,4,Perch,16074973800929472506,26,6,4,4
1720420143,89,Seahorse,2019323017340819588,18,5,4,1
1720420143,14,Sardine,2784344250260309241,19,6,1,1
1720420143,32,Cod,7797847938113284716,17,4,4,1
1720420143,8,Bass,5637836031639753453,19,6,4,2
1720420143,47,Eel,9377027137621683108,12,3,3,9
1720420143,13,Sardine,3199052360029168892,12,1,3,19
1720420143,104,Boot,5554911718768052037,15,3,2,3
1720420143,4,Perch,18345375285425079049,21,2,1,17
1720420143,5,Perch,15299158799478588509,17,2,2,10
1720420143,25,Catfish,2105419772236417500,15,6,2,14
1720420143,13,Sardine,2210122049900234201,15,1,4,7
1720420143,44,Clownfish,11394767499390236445,14,1,2,13
1720420143,89,Seahorse,4734725335249318863,16,1,2,6
1720420143,8,Bass,16999723528419286253,13,5,4,1
1720420143,77,Turtle,2296763543908533529,16,4,4,10
1720420143,34,Triple Tail,5588940195517757626,26,5,4,2
1720420143,29,Herring,8951049005836399850,15,5,2,1
1720420143,17,Spot Fish,1884788457693091625,19,4,2,5
1720420143,28,Anchovy,15119469294590125586,20,6,1,12
1720420143,46,Eel,6648172433862955773,18,3,4,19
1720420143,53,Bluegill,2504854567145844843,20,6,3,4
1720420143,23,Pufferfish,16465923554571677622,15,4,4,5
1720420143,21,Trout,9098118771937929771,25,6,4,16
1720420143,13,Sardine,2131114537717574935,21,5,2,4
1720420143,13,Sardine,2029373801367890580,24,5,2,16
1720420143,16,Trout,4647758331768400288,18,2,4,17
1720420143,54,Redgill,13755093823960786152,23,7,2,9
1720420143,59,Salmon,3179459420385570745,21,6,2,20
1720420143,16,Trout,13438217191626060040,26,6,1,15
1720420143,13,Sardine,15924926557938427434,18,3,4,9
1720420143,43,Clownfish,13657399455687870538,21,2,1,15
1720420143,77,Turtle,9553807077042609644,20,3,2,9
1720420143,1,Tilapia,16514930841456549,20,3,4,11
1720420143,7,Bass,1051270749745005682,16,4,3,14
1720420143,22,Pufferfish,7881836705225045187,20,6,2,15
1720420143,1,Tilapia,10228895086439294441,19,2,2,7
1720420143,50,Damsel Fish,16250717273379756974,22,5,4,14
1720420143,71,Angel Fish,14837821739317027470,16,5,4,9
1720420143,13,Sardine,4684096347885316700,20,2,4,17
1720420143,62,Barracuda,9181964512575034339,20,4,3,15
1720420143,35,Triple Tail,18080913321786085404,29,4,3,17
1720420143,37,Snapper,11387260344438945426,24,2,1,9
1720420143,30,Herring,8998800072009726017,17,2,4,3
1720420143,13,Sardine,9584798893429288994,23,4,2,20
1720420143,8,Bass,15153617473993313155,22,5,2,18
1720420143,19,Trout,3515807186879640546,15,2,3,14
1720420143,16,Trout,10864389660914283286,19,3,4,16
1720420143,60,Green Salmon,3288523624582209733,29,2,1,4
1720420143,4,Perch,4900225764208099523,17,4,1,11
1720420143,110,Pop-eyed goldfish,14006122603673156865,22,4,2,16
1720420143,48,Electric Eel,3896609394608334983,17,5,1,8
1720420143,37,Snapper,906078820020335169,21,2,1,8
1720420143,31,Cod,1396674568684875688,23,2,4,5
1720420143,59,Salmon,7872425138846472967,26,4,3,5
1720420143,11,Sardine,15301128560362715899,13,3,2,2
1720420143,28,Anchovy,3559798223337825139,22,6,1,15
1720420143,34,Triple Tail,1155620906402796893,17,6,2,12
1720420143,37,Snapper,7110366730691295782,16,1,1,2
1720420143,32,Cod,872405819102742715,17,1,3,11
1720420143,16,Trout,4793134026534911589,22,2,4,2
1720420143,1,Tilapia,5475533068229841347,19,5,2,20
1720420143,46,Eel,5874115410520434256,15,1,4,20
1720420143,29,Herring,3537791275943316424,16,5,2,9
1720420143,16,Trout,13123041555567060991,19,1,4,19
1720420143,95,Octopus,6892059498539463378,34,5,3,16
1720420143,90,Seahorse,13790439323932882224,18,7,2,9
1720420143,3,Tilpia,7076596318996675186,14,5,4,7
1720420143,17,Spot Fish,14350695059829400029,19,4,2,6
1720420143,8,Bass,5049394603234602480,17,5,3,7
1720420143,75,Mola Mola Fish,3473647483633452622,32,7,1,21
1720420143,3,Tilpia,7833997886401039207,15,2,1,2
1720420143,81,Starfish,15543746559433418064,15,2,2,12
1720420143,25,Catfish,116438044366021215,17,3,4,7
1720420143,33,Cod,17039927798785081669,23,4,3,8
1720420143,76,Mola Mola Fish,10778046704505354198,25,8,6,11
1720420143,55,Spearfish,5989962255595515542,24,6,4,2
1720420143,104,Boot,4609772492112042666,21,3,2,20
1720420143,27,Catfish,2602734768536289039,21,5,3,16
1720420143,18,Trout,168274849349505467,20,4,4,12
1720420143,81,Starfish,15046231248475330736,21,3,1,2
1720420143,72,Angelfish,7621483095664937135,28,3,3,7
1720420143,39,Snapperfish,16597665038169665465,31,5,1,4
1720420143,65,Piranha,430956658574005071,16,4,3,11
1720420143,71,Angel Fish,15659423843488948770,13,4,4,14
1720420143,46,Eel,5716717703100336145,17,2,3,2
1720420143,16,Trout,229608628115352818,24,4,3,15
1720420143,69,Grouper,11387306909914955451,19,3,2,5
1720420143,30,Herring,5932570970312103487,23,2,4,19
1720420143,102,Axolotl,5515919271860044265,30,4,6,12
1720420143,19,Trout,15946878657700854502,22,6,4,14
1720420143,43,Clownfish,12883598293037559492,26,3,1,17
1720420143,10,Sardine,4689084607209441471,20,6,3,14
1720420143,16,Trout,6578858307278529956,19,3,2,10
1720420143,25,Catfish,12113262080567816525,17,6,2,1
1720420143,69,Grouper,7073382989384256911,19,2,2,14
1720420143,69,Grouper,9614430059053433779,21,2,2,18
1720420143,104,Boot,221563726810049374,20,6,1,19
1720420143,22,Pufferfish,8672907773505907025,18,6,2,12
1720420143,74,Mola Mola Fish,4357418625296118697,25,4,3,17
1720420143,30,Herring,306031467807698053,24,3,2,7
1720420143,3,Tilpia,16736723037890742127,14,2,4,3
1720420143,17,Spot Fish,8647387718274633319,23,2,2,2
1720420143,22,Pufferfish,18244847754122176239,24,6,3,9
1720420143,79,Turtle,10758218058887064671,22,10,5,17
1720420143,4,Perch,8196128908722558306,13,3,4,1
1720420143,19,Trout,10476313084256218604,18,2,4,9
1720420143,15,Spotfish,2781885037656890280,27,2,1,12
1720420143,51,Damsel Fish,11872005697117593589,22,3,1,15
1720420143,40,Anglerfish,8056812995328685067,22,3,1,16
1720420143,38,Snapper,8520381759379282342,20,4,2,6
1720420143,34,Triple Tail,10788302168718808434,22,6,3,4
1720420143,38,Snapper,16534882835055779706,16,4,1,14
1720420143,37,Snapper,12741484289590041129,26,3,4,12
1720420143,10,Sardine,5678454492234248747,22,3,2,10
1720420143,20,Trout,18365746489618649592,14,3,1,21
1720420143,7,Bass,7584527950586769811,13,6,2,7
1720420143,89,Seahorse,13978033181705608063,24,2,4,10
1720420143,53,Bluegill,5412049824972207384,22,5,1,6
1720420143,50,Damsel Fish,12310468557288973699,18,6,3,11
1720420143,77,Turtle,4013089794915853537,17,2,3,20
1720420143,82,Starfish,18115621343990450640,31,7,4,11
1720420143,17,Spot Fish,8810416665651713761,18,2,1,5
1720420143,98,Jellyfish,16565758623789434909,24,2,2,6
1720420143,14,Sardine,6681183993904152144,21,3,2,5
1720420143,20,Trout,9478299501886221988,26,2,3,10
1720420143,13,Sardine,11431621771432617583,18,2,1,9
1720420143,55,Spearfish,9886137966563869826,12,4,3,17
1720420143,35,Triple Tail,2397293010736113681,28,4,3,15
1720420143,53,Bluegill,12175819635317819121,25,1,1,13
1720420143,69,Grouper,13409164743266771293,23,6,2,16
1720420143,15,Spotfish,9661551689165928084,29,7,4,12
1720420143,29,Herring,10515142987755869320,15,6,3,4
1720420143,32,Cod,649622310699568665,20,4,1,1
1720420143,17,Spot Fish,16292942770718244431,22,4,4,1
1720420143,23,Pufferfish,7723667488218914475,19,5,1,5
1720420143,44,Clownfish,10718185260423823582,22,4,2,18
1720420143,37,Snapper,7176593818538702365,21,4,4,16
1720420143,34,Triple Tail,17778925644649075230,17,6,4,13
1720420143,71,Angel Fish,14231616282933007428,25,5,1,12
1720420143,23,Pufferfish,12304316841884995781,21,1,3,11
1720420143,34,Triple Tail,11992783930830627165,19,4,4,19
1720420143,37,Snapper,4891593831469349356,20,2,4,5
1720420143,14,Sardine,8063159585402700298,22,5,3,15
1720420143,5,Perch,4430123012116024704,23,6,3,19
1720420143,102,Axolotl,1434958697428431502,20,7,3,19,6
1720420143,54,Redgill,10270660108054303325,23,6,1,14
1720420143,34,Triple Tail,12526901758281443355,16,6,3,11
1720420143,77,Turtle,15129112765619318489,18,4,2,17,0
1720420143,43,Clownfish,18331620141144738860,19,2,3,5,0
1720420143,7,Bass,7209804886325942840,24,6,1,15,7
1720420143,8,Bass,12798817571472280997,14,5,1,19,0
1720420143,47,Eel,15525386870759784797,23,2,1,18,0
1720420143,32,Cod,6039471488729113122,21,5,4,15,0
1720420143,74,Mola Mola Fish,3512974423030881080,20,2,1,13,0
1720420143,5,Perch,11404527510031057395,23,2,2,16,0
1720420143,43,Clownfish,3686004309463952462,20,4,4,5,0
1720420143,32,Cod,2233218220743836062,14,1,4,6,0
1720420143,14,Sardine,1085878900927998991,16,5,4,17,0
1720420143,58,Salmon,7943868510590443231,18,6,2,6,0
1720420143,53,Bluegill,16838433009664593416,17,3,4,15,0
1720420143,22,Pufferfish,11803363363564003305,13,3,2,14,0
1720420143,14,Sardine,10426770171527543371,23,2,4,4,0
1720420143,38,Snapper,4006943659732633726,24,1,3,3,0
1720420143,24,Pufferfish,6210387448240320695,22,2,3,13,0
1720420143,77,Turtle,14801728856916649575,21,4,2,9,0
1720420143,1,Tilapia,10729816770966790505,23,6,2,2,5
1720420143,80,Starfish,9970261982920746545,21,4,2,6,5
1720420143,17,Spot Fish,7148695001422194252,16,6,4,14,1
1720420143,11,Sardine,16624200424378517275,20,1,3,9,0
1720420143,70,Angel Fish,996914606826874202,13,5,1,11,0
1720420143,83,Crab,12068226999961984785,25,2,1,15,0
1720420143,89,Seahorse,6979482295327423903,21,6,1,11,0
1720420143,89,Seahorse,14994742258808449879,21,5,4,15
1720420143,43,Clownfish,14509002114770101631,22,2,1,2
1720420143,11,Sardine,8574281566136077722,21,5,2,8
1720420143,40,Anglerfish,3362236684807925773,24,2,1,16,1
1720420143,104,Boot,11125212550307680538,20,1,3,4,0
1720420143,70,Angel Fish,5364522946974540391,22,4,1,17,0
1720420143,52,Bluegill,7385526906642845616,21,2,1,14,0
1720420143,31,Cod,15827764551289226315,18,4,3,10,2
1720420143,44,Clownfish,15197600443009778248,22,2,3,2,0
1720420143,5,Perch,11510943844296701890,20,4,1,6,0
1720420143,59,Salmon,3478840939125256462,22,1,3,1,0
1720420143,46,Eel,11849427611166986718,13,6,4,14,0
1720420143,17,Spot Fish,14108806622918672483,12,2,2,16,0
1720420143,19,Trout,4478945703561176910,21,3,3,14,0
1720420143,104,Boot,10351110211017313286,23,6,4,14,8
1720420143,11,Sardine,2978284697188415427,15,4,3,18,0
1720420143,93,Blue Lobster,18024632976044127845,29,3,1,5,0
1720420143,29,Herring,18334261779508797096,18,1,3,11
1720420143,67,Grouper,18216935131440409816,23,6,4,4
1720420143,1,Tilapia,17655851094219682079,25,2,4,6
1720420143,65,Piranha,9083752720846245250,17,5,2,17
1720420143,80,Starfish,17328575388389653163,13,4,4,20
1720420143,59,Salmon,3418705918447299520,18,5,2,3
1720420143,23,Pufferfish,4104522091764259796,19,1,1,5
1720420143,2,Tilapia,4600792876499845061,18,1,4,13
1720420143,33,Cod,4144925502758502306,29,5,2,13
1720420143,71,Angel Fish,17722342715525997889,26,4,1,10
1720420143,87,Shrimp,15083135262341301835,24,7,4,18
1720420143,80,Starfish,8289758588062715369,21,1,3,10
1720420143,13,Sardine,6088736253600434072,17,2,3,9
1720420143,80,Starfish,11375591741543531772,20,4,4,11
1720420143,17,Spot Fish,3124281951703910379,22,1,4,2
1720420143,46,Eel,3030762156642513669,16,1,3,17,0
1720420143,49,Damsel Fish,13323441742227829510,16,6,3,4,2
1720420143,13,Sardine,17417184560475590199,18,3,2,14,0
1720420143,13,Sardine,10992297182257105753,23,6,3,3,2
1720420143,12,Sardine,1445064626168984485,18,7,2,6,0
1720420143,81,Starfish,13561887435289583895,16,4,1,5,0
1720420143,17,Spot Fish,11604774787983509196,23,1,4,11
1720420143,59,Salmon,13387806216927215103,13,2,3,17,0
1720420143,19,Trout,3004505416814387396,25,5,1,2,3
1720420143,31,Cod,7612946842587022570,24,3,3,9,0
1720420143,99,Jellyfish,17592440933749187301,13,1,1,12,0
1720420143,69,Grouper,11339699705621763932,20,6,1,16,0
1720420143,43,Clownfish,12110572410541339367,16,1,4,1,0
1720420143,99,Jellyfish,16107822502743525427,20,6,1,18,0
1720420143,8,Bass,5731603235920110211,17,4,3,4,0
1720420143,14,Sardine,5055831070140864647,22,2,2,16,0
1720420143,53,Bluegill,4544066598524762917,21,4,1,8,0
1720420143,44,Clownfish,1350541096323647549,24,3,3,4,0
1720420143,69,Grouper,2500556396359652659,18,2,1,11,0
1720420143,104,Boot,585795373985891505,18,2,3,3,0
1720420143,75,Mola Mola Fish,12288951754187493713,24,3,1,16,0
1720420143,104,Boot,1133467551907243949,19,2,1,15,0
1720420143,80,Starfish,10209281740010427574,24,4,4,16,0
1720420143,80,Starfish,10635144219443001281,21,4,4,11,0
1720420143,8,Bass,61447077865530934,20,2,3,8,0
1720420143,14,Sardine,7209318039058519335,22,4,2,9,2
1720420143,67,Grouper,16347408058856378084,19,2,4,3,0
1720420143,99,Jellyfish,890711451177831917,19,5,1,20,0
1720420143,14,Sardine,13637838239361136705,19,2,1,16,0
1720420143,86,Shrimp,18387162625413944727,25,5,1,17,0
1720420143,4,Perch,769833362265487657,16,6,2,19
1720420143,74,Mola Mola Fish,9563781733756596312,19,4,3,18
1720420143,62,Barracuda,11309154464200171166,20,6,1,4,0
1720420143,82,Starfish,2476793788199521594,25,5,1,11,0
1720420143,81,Starfish,11065195970913353794,23,4,4,13,1
1720420143,47,Eel,7377742903617549564,13,1,3,8,0
1720420143,15,Spotfish,3893617588474375024,18,6,3,18,0
1720420143,53,Bluegill,16473477978358418670,21,1,3,13,0
1720420143,69,Grouper,12403760014301136959,14,3,3,20,0
1720420143,53,Bluegill,13404169403706450954,13,2,1,13,0
1720420143,43,Clownfish,10973165337399685755,18,3,1,8,0
1720420143,8,Bass,238757610290428370,19,3,1,18,0
1720420143,90,Seahorse,841397213807108818,27,7,1,6,12
1720420143,14,Sardine,5837845995042191549,22,5,1,6
1720420143,63,Barracuda,6619331149498114951,25,2,1,12
1723290320,99,Jellyfish,11201955155464126600,20,2,1,18,0
1723290465,71,Angel Fish,1897977873310446833,19,6,3,14,3
1723290633,43,Clownfish,17377464340895840598,22,5,4,4,0
1723291219,47,Eel,8594760555159847377,16,4,4,17,0
1723291746,30,Herring,9210535030153316938,17,6,1,20,2
1723292188,76,Mola Mola Fish,10240088042062229530,21,10,3,13,11
1723292413,59,Salmon,13726164372267798429,13,4,1,20,0
1723465975,24,Pufferfish,12559125886427115761,22,7,3,10,9
1723466914,60,Green Salmon,843289426961252545,24,2,4,6,1
1723467201,25,Catfish,4373352613711941848,20,4,3,9,0
1723467324,19,Trout,1454216436615549190,19,4,4,11,0
1723468485,10,Sardine,12486592069294767237,19,3,2,6,0
1723468666,77,Turtle,9122726119044259151,24,3,3,5,0
1723468858,110,Pop-eyed goldfish,12502905718141233847,25,5,2,13,0
1723468989,19,Trout,8305349730920707967,21,1,1,3,0
1723469698,56,Spearfish,10477620333609453573,32,6,4,12,18
1723469945,74,Mola Mola Fish,15425590880057428708,25,4,4,6,0
1723470774,24,Pufferfish,6672036389059166058,31,7,1,3,4
1723470923,75,Mola Mola Fish,798893294066375288,35,4,4,15,5
1723471413,10,Sardine,10983473587467114595,20,2,1,4,0
1723471543,2,Tilapia,11113261962987012754,20,4,2,17,0
1723471691,59,Salmon,16969379364971897076,17,3,3,5,0
1723471868,105,GamerPieJess fish,8546029111030880747,22,7,3,5,0
1723472461,52,Bluegill,12393905866549086294,17,3,2,12,0
1723473377,19,Trout,3205972282098557085,21,1,4,7,0
1723473807,5,Perch,15291617256203615236,21,4,1,6,0
1723474021,61,Barracuda,14098081661412428267,15,2,1,4,0
1723474524,96,Octopus,8093797378235075470,28,10,1,6,14
1723475984,29,Herring,7428087171819634836,13,2,2,14,0
1723476215,65,Piranha,15189512006168039109,16,3,3,2,0
1723476349,55,Spearfish,2625786817397103976,18,3,1,13,0
1723476733,71,Angel Fish,4063537802966718475,21,1,2,16,0
1723477323,43,Clownfish,7941842058887224413,15,5,3,1,0
1723477503,34,Triple Tail,4164192993321488014,20,6,2,5,4
1723477721,47,Eel,10591036678996248108,14,1,2,16,0
1723477879,89,Seahorse,551503231712575582,15,2,4,10,0
1723478355,34,Triple Tail,15810616218167879326,19,4,4,17,3
1723478549,44,Clownfish,13742887009873540655,20,2,3,17,0
1723478804,55,Spearfish,6834243766985922170,14,1,2,13,0
1723479112,46,Eel,9287162974090557895,25,2,3,19,0
1723479418,69,Grouper,14260315974781292606,16,1,1,5,0
1723479721,13,Sardine,12646231628785321072,17,5,3,6,0
1723480426,84,Crab,1850941099043652334,27,4,4,13,0
1723848552,109,Cutthroat Trout,7885797255542746812,24,5,1,6,0
1723848681,30,Herring,5765737112877965306,20,2,2,2,0
1723848847,31,Cod,14792884909468861277,15,4,1,6,0
1723848971,26,Catfish,15022571301394590433,26,5,1,21,7
1723849336,38,Snapper,4820867107710673262,25,5,1,9,2
1723849480,95,Octopus,18217861381466069727,21,5,2,16,0
1723849887,68,Grouper,4621989212798285320,17,4,3,20,0
1723852771,43,Clownfish,8219254504199315436,20,3,2,9,0
1723852899,59,Salmon,3863876295830517455,21,5,3,14,0
1723853106,89,Seahorse,6415557342938170643,19,5,3,1,4
1723853282,13,Sardine,691988300574606950,21,4,4,5,0
1723854064,64,Piranha,1726080617735214967,16,2,2,20,0
1731673047,61,Barracuda,1295338014854299343,16,5,3,14,1
1731673373,69,Grouper,4479709074336477276,20,2,2,5,0
1731673503,10,Sardine,57741230761266557,20,3,1,13,0
1731673669,34,Triple Tail,18109350527604034466,20,4,2,8,0
1731673791,22,Pufferfish,826895071628744050,16,2,2,6,0
1731673918,30,Herring,609157600796685843,15,6,1,13,0
1731674105,8,Bass,9965654691191403366,18,5,4,15,0
1731674292,70,Angel Fish,2072896060232983068,24,3,4,19,0
1731674440,44,Clownfish,4376739017719095403,15,1,1,15,0
1731674597,84,Crab,17525397025090318018,24,7,3,21,15
1731674745,46,Eel,7206958193873097037,23,2,4,7,0
1731674867,24,Pufferfish,1721315779411057798,20,2,2,6,0
1731675751,17,Spot Fish,17532155760494360841,21,3,2,13,0
1731676816,62,Barracuda,7977713516055996365,24,1,4,20,0
1731676990,26,Catfish,17582761817203260449,21,3,2,16,0
1731677143,38,Snapper,12137271621181527088,16,6,4,6,0
1731677341,47,Eel,7835351380719887066,15,5,1,8,0
1731677494,6,Perch,5982644772701548465,28,4,2,21,0
1731677664,31,Cod,12544334598492873619,19,2,2,11,0
1731678092,22,Pufferfish,14432146503381822774,13,2,1,5,0
1731678255,59,Salmon,9334060018078640980,19,1,3,1,0
1731678704,35,Triple Tail,16074207653394987594,25,4,1,5,1
1731678870,31,Cod,11977646250397761219,18,1,1,3,0
1731679038,48,Electric Eel,3314767117914153091,31,5,2,20,5
1731679210,105,GamerPieJess fish,9172211258777193801,30,5,4,14,0
1731679332,3,Tilpia,11095118190572694480,19,1,3,2,0
1731679494,88,Shrimp King,6520683165399170237,24,8,6,22,19
1731679938,90,Seahorse,14839237254809796670,16,5,3,12,0
1731680164,13,Sardine,3627796891740402265,20,1,1,16,0
1731680495,70,Angel Fish,14623811257651689785,16,2,3,3,0
1731680696,34,Triple Tail,7469917228321045915,18,4,2,8,0
1731680852,47,Eel,15543781678553283033,15,3,1,20,0
1731681083,17,Spot Fish,8079847884977163876,19,6,2,14,0
1731682036,34,Triple Tail,7228590217932760537,13,6,4,1,0
1731682294,7,Bass,14142996133223762908,20,6,2,8,0
1731684068,78,Turtle,12100660629256885870,21,4,2,5,0
1731684603,24,Pufferfish,3926588210679506746,23,5,1,20,6
1731684970,41,Anglerfish,5830971945616115895,26,6,4,13,14
1731685094,37,Snapper,17032298094497071612,22,1,4,1,0
1731685317,89,Seahorse,10203382707600099286,16,6,3,1,0
1731685892,58,Salmon,2856577731873021268,24,6,1,3,1
1731686241,24,Pufferfish,6485744986121446780,23,7,3,14,6
1731686368,22,Pufferfish,5640802873093871351,16,2,1,19,0
1731686846,58,Salmon,1117067951499284857,16,4,2,19,1
1731686972,67,Grouper,9888477105388930259,24,4,2,7,0
1731687225,11,Sardine,11161873248271950405,14,2,2,18,0
1731687350,1,Tilapia,11954491684600487914,23,2,4,16,0
1731687858,37,Snapper,11244250910953521087,14,2,1,2,0
1731687985,49,Damsel Fish,6448456184934708308,19,1,1,17,0
1731688517,53,Bluegill,16249041067866523307,20,3,3,3,0
1731688698,48,Electric Eel,6899135045442989479,24,7,3,7,7
1731689169,44,Clownfish,13525019915562050451,16,5,3,3,0
1731689334,61,Barracuda,9784807375359735318,14,2,1,15,0
1731689529,32,Cod,14607741589047786592,26,3,3,14,0
1731689653,16,Trout,9027516830279263658,18,4,1,19,0
1731690144,3,Tilpia,8064840870421507969,21,4,4,15,3
1731854412,71,Angel Fish,11418479725741458911,22,6,1,18,0
1731854541,16,Trout,17856458811348428923,20,3,1,18,0
1731854666,71,Angel Fish,7672416420166443302,24,5,2,19,0
1731854791,49,Damsel Fish,9258983741280165322,22,3,3,10,0
1734394334,47,Eel,5812424241913154243,22,3,1,12,0
1734394482,81,Starfish,18229234232232893725,16,1,2,2,0
1734394745,62,Barracuda,4517820269407500699,20,1,1,4,0
1734394868,29,Herring,17786633505608265426,16,5,3,1,0
1734395103,1,Tilapia,16778818402408756574,17,5,1,4,0
1734395872,104,Boot,4648716814372262590,16,5,3,5,0
1734480415,86,Shrimp,15189907106144079714,16,2,2,16,0
1734480747,104,Boot,11765431945461750644,16,6,3,5,0
1734480888,61,Barracuda,498137008463172835,18,5,1,2,0
1734481134,22,Pufferfish,14898072772026673902,19,2,4,5,0
1734481435,19,Trout,14166856102965296298,15,2,4,2,0
1734481641,26,Catfish,9486160413753090853,18,2,2,5,0
1734481862,70,Angel Fish,13260047677335495061,19,1,1,15,0
1734482086,49,Damsel Fish,3620971261129447537,25,6,1,18,1
1734482351,71,Angel Fish,13636957480708583893,20,4,4,13,0
1734482518,61,Barracuda,16423038340458496115,20,2,2,13,0
1734482761,77,Turtle,14325336991779008075,18,5,4,18,0
1734482966,23,Pufferfish,14751977986181322269,23,1,4,10,0
1734483112,55,Spearfish,8482438656299145040,22,2,1,19,0
1734483236,99,Jellyfish,3607841607518790422,17,3,2,9,0
1734483371,70,Angel Fish,8784528910862951124,16,1,4,10,0
1734483713,46,Eel,267981549517570577,16,6,2,14,0
1734483907,58,Salmon,3140431678136684453,19,6,2,3,0
1734484090,23,Pufferfish,10701014664267472556,21,6,2,6,2
1734484220,31,Cod,7977534160194030350,23,4,3,20,0
1734484475,61,Barracuda,7189564764328655467,19,4,4,13,0
1734484652,31,Cod,3036599819466182270,18,3,1,19,1
1734484900,59,Salmon,6103805564892266865,20,5,4,8,0
1734485522,61,Barracuda,5571605872540948115,23,5,4,8,0
1734486080,66,Piranha,1311660800001117117,30,6,4,4,5
1734486267,32,Cod,6706526552885619492,21,4,2,11,0
1734486421,77,Turtle,16865118123460301024,17,6,3,10,0
1734486604,13,Sardine,7170849812949247269,22,5,2,1,0
1734486747,38,Snapper,15070007886570538377,17,2,4,2,0
1734487061,32,Cod,5525471597633155586,15,2,4,13,0
1734487444,83,Crab,10375958380975965563,17,6,2,3,0
1734487678,17,Spot Fish,12105708541272279017,13,2,1,5,0
1734487831,17,Spot Fish,12793916328194616711,19,5,1,12,0
1734487956,32,Cod,243952501398224337,22,2,4,17,0
1734488080,67,Grouper,14889098147687523525,17,5,2,15,5
1734488233,32,Cod,17512513404410468425,24,4,4,1,4
1734488367,23,Pufferfish,10904702610127816566,18,3,4,10,0
1734488683,19,Trout,2441164870300038032,19,1,4,1,0
1734488861,53,Bluegill,6364860563723178188,23,5,3,3,3
1734489029,38,Snapper,17773272658645634079,18,6,3,9,1
1734489233,13,Sardine,12963387461433292546,19,4,1,17,0
1734659848,104,Boot,17691551786710256131,24,1,4,1,0
1734660028,2,Tilapia,5744383342661928791,20,6,3,5,4
1734660547,4,Perch,14534382084603728712,21,6,2,17,0
1734661028,70,Angel Fish,3223907342231756734,22,6,3,13,0
1734661152,28,Anchovy,16555637814421301237,19,5,2,20,0
1734661480,49,Damsel Fish,10533456496891945617,12,3,2,3,0
1734661774,83,Crab,9650395913423059264,18,3,2,16,0
1734662086,34,Triple Tail,11351384043188631719,24,5,4,7,4
1734662277,23,Pufferfish,11470703865973875003,18,2,3,11,0
1734662711,86,Shrimp,17074884320171207804,18,3,2,13,0
1734662935,66,Piranha,8778901016285585938,27,2,4,18,0
1734663171,58,Salmon,17598032085888225472,18,6,2,6,0
1734663342,80,Starfish,642777883871153758,21,5,2,16,0
1734663826,20,Trout,1876918215696234697,24,2,4,2,0
1734664053,14,Sardine,6419080735106908236,18,1,4,16,0
1734825890,13,Sardine,13847797923106894363,13,5,1,9,0
1734826113,23,Pufferfish,14891795852707911036,20,1,3,10,0
1734826936,31,Cod,16236966477308896955,23,1,1,1,0
1734827095,25,Catfish,17924348006138922285,17,2,4,20,0
1734827233,67,Grouper,14515026984158985280,23,5,2,4,0
1734827405,32,Cod,7604668840628425621,20,6,4,18,0
1734827542,86,Shrimp,89010411040584226,15,1,3,12,0
1734827668,81,Starfish,6798216561821421262,19,4,2,9,0
1734827997,31,Cod,17182812787447755537,12,1,3,6,0
1734828876,49,Damsel Fish,17207066034021832926,17,1,4,7,0
1734829427,29,Herring,16566606193339452177,21,6,4,15,9
1734829652,29,Herring,16114751939027761215,15,2,3,9,0
1734829848,32,Cod,3273777922029823871,19,3,3,17,0
1734829972,89,Seahorse,17326958285281095525,26,1,4,10,0
1734830098,74,Mola Mola Fish,8726523737982315800,16,3,4,8,0
1734830411,23,Pufferfish,15146108573831107806,18,2,4,1,0
1734830541,86,Shrimp,11562460509126456953,20,2,2,14,0
1734830741,32,Cod,1657082535042425730,16,2,1,9,0
1734830911,22,Pufferfish,6923339952478870743,13,4,4,1,0
1734831132,92,Lobster,10252949063003919461,20,1,1,4,0
1734831263,61,Barracuda,1715850891905304852,22,2,1,20,0
1734831913,69,Grouper,11955137942862881440,17,4,4,13,0
1734832180,59,Salmon,6184961043442967421,16,1,2,6,0
1734832308,49,Damsel Fish,18415827689860314126,21,5,1,11,1
1734832445,28,Anchovy,14978173464442955565,22,3,4,15,0
1734832569,37,Snapper,18247094773090657208,16,4,1,20,0
1734832776,100,Jellyfish,11857768165664074824,18,2,3,9,0
1734832929,50,Damsel Fish,4216210734368232555,20,5,4,5,0
1734833087,55,Spearfish,13163118565045982792,15,2,3,7,0
1734833218,61,Barracuda,6224165231510585469,19,2,4,16,0
1734833358,74,Mola Mola Fish,4981894310595517966,15,1,1,17,0
1734833502,64,Piranha,16856685603791458249,16,5,4,8,0
1734833700,62,Barracuda,8807671607159878151,21,1,1,13,0
1734833862,81,Starfish,17364336024332495366,16,1,1,14,0
1734833992,59,Salmon,8542597061042071178,13,1,4,8,0
1734834136,13,Sardine,13180186432797384816,25,5,1,14,0
1734834277,44,Clownfish,2520302241580994675,22,5,2,9,0
1734834420,43,Clownfish,14506152752258424580,18,3,4,19,0
1734834596,38,Snapper,7255269755638726877,14,2,4,7,0
1734834728,92,Lobster,11128086418998202954,18,2,1,7,0
1734834865,47,Eel,18101401559759296729,14,2,1,16,0
1734835093,99,Jellyfish,12030260806810822590,24,2,3,5,0
1734835270,32,Cod,1159735426066858239,15,5,3,6,0
1734835406,19,Trout,841727761654402981,21,4,1,9,0
1734835553,58,Salmon,3903745821877218666,22,5,1,7,0
1751155348,108,Great white shark,17874408214559851586,26,6,1,12
1751156452,70,Angel Fish,13334374219569149944,24,3,1,14
1751156890,86,Shrimp,9533050206016589347,15,4,2,5
1751157272,59,Salmon,2401562554270091272,21,6,1,4
1751159109,69,Grouper,6188738685759979875,17,4,1,15
1751159405,48,Electric Eel,15649874814604796909,27,6,2,16
1751160681,23,Pufferfish,6676778379206154912,23,1,3,3
1751162565,1,Tilapia,5943202227967397983,15,2,1,5
1751164071,46,Eel,9354863823377961739,13,2,2,8
1751165209,40,Anglerfish,10641567993457520015,22,3,3,10
1751167182,67,Grouper,9859684378176958864,20,2,4,16
1751167386,62,Barracuda,3719415183129645886,20,2,1,4
1751167657,49,Damsel Fish,6130496517716482588,13,6,4,8
1759537141,52,Bluegill,6064981329525693136,13,5,4,10
1759537268,14,Sardine,6420770351791810709,18,5,4,19
1759537509,62,Barracuda,17020899830605689273,15,2,1,13
1759537634,7,Bass,5273919808338522219,17,3,1,14
1759537806,29,Herring,10913187552174866335,20,4,2,19
1759537929,14,Sardine,1991640999494808670,14,5,1,10
1759538113,43,Clownfish,6675907371658391605,21,2,4,11
1759538274,46,Eel,3371186123345895344,24,6,3,6
1759538398,52,Bluegill,10291023618946520699,21,5,3,15
1759538538,70,Angel Fish,844489273899968618,22,3,1,14
1759538729,59,Salmon,1293900081999469494,19,5,3,14
1759538853,31,Cod,10852168936769984128,20,3,2,20
1759538978,31,Cod,14423161256941308376,26,1,1,11
1759539129,22,Pufferfish,14357510296210480399,19,1,2,19
1759539253,94,Lobster,8102290767366227038,27,7,4,13
1759539431,59,Salmon,9126355393301728116,23,5,3,9
1759539631,104,Boot,12136674682648214374,25,1,1,20
1759539859,45,Clownfish,5074958769294173489,32,3,1,5
1759540000,16,Trout,8315933024231409444,20,5,1,11
1759540178,17,Spot Fish,15099242213467073645,23,5,2,1
1759540333,86,Shrimp,10688780270500852122,17,2,3,2
1759540456,27,Catfish,5661833387039386058,20,4,4,6
1759540598,99,Jellyfish,12955563044873574941,16,5,4,2
1759540722,3,Tilpia,3240368647634473769,16,4,1,16
1759540853,104,Boot,6478885401452695284,13,2,2,17
1759541069,1,Tilapia,5635458816290575745,13,4,2,13
1759541203,71,Angel Fish,8986541835399684951,16,3,2,12
1759541349,100,Jellyfish,10827122401410632464,21,2,3,2
1759541509,4,Perch,5928504918963575365,17,5,1,4
1759541649,20,Trout,6884869332174959023,23,4,1,10
1759541811,65,Piranha,13495893847594487395,18,5,2,7
1759541934,37,Snapper,18438249270361900086,19,5,4,6
1759542068,28,Anchovy,12703025201094604864,14,2,2,5
1759542190,65,Piranha,5040462129719859468,24,5,4,1
1759542340,25,Catfish,10711944411635367207,16,3,3,2
1759542470,98,Jellyfish,18129204240179739748,25,4,1,20
1759542602,47,Eel,3301206525616295351,21,2,2,5
1759542737,67,Grouper,3362656106971505524,25,1,2,5
1759542887,13,Sardine,17140681272853011378,22,4,4,1
1759543073,61,Barracuda,7086092720031727347,22,3,2,14
1759543210,62,Barracuda,4882936948884557453,20,4,4,2
1759543369,55,Spearfish,15536319847349204916,13,3,1,12
1759543498,74,Mola Mola Fish,4063207017312915934,18,2,2,3
1759543628,39,Snapperfish,8799584194906966657,21,3,1,21
1759543908,34,Triple Tail,5880078083212591384,22,3,2,7
1759544270,5,Perch,14643537305633014360,23,1,3,18
1759544401,89,Seahorse,3366806768049617163,23,1,3,4
1759544561,37,Snapper,6093376123478244474,21,1,1,18
1759544715,100,Jellyfish,16860739719212522340,31,2,3,14
1759544926,72,Angelfish,16661194643864747650,25,3,3,13
1759545097,99,Jellyfish,903748151666558104,15,6,3,6
1759545293,50,Damsel Fish,13282002524134858431,22,6,3,11
1759545462,37,Snapper,5040564418042732490,15,1,1,4
1759545622,49,Damsel Fish,397527513421754016,25,5,1,13
1759545753,32,Cod,17197773666407168854,20,3,4,4
1759545897,55,Spearfish,17416084921120751303,21,1,3,2
1759546023,67,Grouper,2209342262917254349,20,2,1,19
1765195746,67,Grouper,3635954378268636683,22,5,4,13
1765195974,1,Tilapia,7236738410967722314,17,2,1,5
1765196184,53,Bluegill,9894743683042602281,19,5,3,8
1765196308,81,Starfish,13896828766164574280,25,2,2,17
1765368198,7,Bass,14098925258567558385,13,5,1,13
1765368446,70,Angel Fish,14240251732135320969,20,6,4,12
1765368569,23,Pufferfish,16887656385879257942,21,1,1,7
1765368711,8,Bass,3145272017920621577,19,5,2,15
1765369045,55,Spearfish,6267727059734186755,19,4,2,17
1765369261,108,Great white shark,9194377330350150861,26,5,3,20
1765369981,3,Tilpia,4950980633925435341,13,1,1,15
1765370105,16,Trout,3998818267619677131,25,6,2,12
1765370312,81,Starfish,149227949884378347,16,2,1,16
1765370438,62,Barracuda,6181174391404665414,19,4,3,4
1765370593,28,Anchovy,12734337483233976324,15,3,4,15
1765370853,44,Clownfish,7944493574238658144,17,5,4,3
1765373102,83,Crab,3261294363705880636,19,3,1,18
1765373240,57,Spearfish,6280727348779059988,19,6,1,9
1765373406,22,Pufferfish,324327653870807275,12,2,4,10
1765373586,37,Snapper,7096249645650732107,22,2,2,9
1765373799,65,Piranha,867988291539342274,19,2,1,20
1765373929,34,Triple Tail,13605824884612812522,19,2,4,9
1765374075,19,Trout,16742614392307834991,20,2,3,8
1765374200,62,Barracuda,7763172265023266760,18,1,2,10
1765374575,45,Clownfish,16854162415534372357,29,6,1,21
1765374970,74,Mola Mola Fish,18142823548190044050,17,5,4,2
1765375176,19,Trout,10519139385577495530,17,5,1,10
1765375697,74,Mola Mola Fish,12942471931173691314,13,1,4,11
1765375890,111,Meraven,8601102546705588852,27,6,1,17
1765376067,105,GamerPieJess fish,2868672548842017062,29,2,1,10
1765376190,3,Tilpia,5879343541483835385,25,6,3,15
1765376404,40,Anglerfish,5453170499772460591,20,6,3,5
1765376551,68,Grouper,9111279225540829739,26,2,1,4
1765376828,23,Pufferfish,15228771459770303946,16,1,3,9
1765377062,8,Bass,4380487892661431150,16,6,2,13
1765377374,35,Triple Tail,2003673274684478731,28,2,4,17
1765377499,18,Trout,7241965041873808217,29,7,4,21
1765377653,89,Seahorse,11741459396524024615,13,3,1,1
1765377896,48,Electric Eel,9450564606399662364,30,4,3,7
1765378071,104,Boot,10923544230976083497,14,2,1,11
1765378248,99,Jellyfish,8804207618265297352,17,6,2,18
1765378400,63,Barracuda,548817755428874065,24,2,1,4
1765378659,20,Trout,12762524183026534363,23,7,3,8
1765379399,73,Rainbow Trout,13064612466306366600,31,4,6,17
1765379821,91,Golden Seahorse,9435235029664027109,30,3,4,20
1765379957,47,Eel,6601564971932730335,22,3,1,2
1765380338,74,Mola Mola Fish,13267097773316571216,23,3,1,12
1765380461,92,Lobster,3393924062781679667,19,4,1,15
1765382203,62,Barracuda,1955652791959609177,18,2,2,8
1765382377,59,Salmon,17861223183925097794,23,2,3,17
1765382998,19,Trout,17379490651505970967,16,5,2,19
1765385212,89,Seahorse,15939535726615150435,18,6,2,14
1765385382,36,Triple Tail,2686967293999253807,15,3,3,13
1765385781,28,Anchovy,12572747664882954973,18,4,3,17
1765385923,94,Lobster,16398164034263144855,29,5,4,14
1765386315,74,Mola Mola Fish,9162874035583391921,20,4,2,3
1765386474,19,Trout,12888322910789999799,17,5,4,5
1765386635,67,Grouper,12027426655914325780,17,3,3,12
1765386905,5,Perch,1058192166576295739,18,2,1,13
1765387173,81,Starfish,3153514530674176404,24,2,1,17
1765387546,96,Octopus,12489362473401957915,28,6,4,18
1765388086,22,Pufferfish,11720584993611813975,18,3,1,14
1765388454,100,Jellyfish,7090706932391484509,18,6,2,5
1765389026,69,Grouper,4342668753944876691,17,6,4,14
1765390295,101,Red Handfish,16868047321349407055,34,8,6,4
1765390510,34,Triple Tail,17883700294668334944,16,3,4,6
1765390686,46,Eel,5084212900925719366,26,3,1,8
1765390847,102,Axolotl,12747336638045432508,26,10,6,19
1765391141,44,Clownfish,11774101320036633226,19,4,1,6
1765392669,60,Green Salmon,17032941934090408300,23,5,4,8
1765392990,53,Bluegill,14335403609571368375,23,4,4,16
1765393355,62,Barracuda,3355385697087018547,26,3,2,4
1765393514,16,Trout,8212961676150179467,25,2,1,12
1765393663,1,Tilapia,5525017273723734555,21,6,4,8
1765393853,90,Seahorse,16286528350501103866,23,6,2,15
1765394129,86,Shrimp,7328239498878863793,22,1,1,7
1765394704,10,Sardine,15406884495238796648,15,2,1,5
1765394970,65,Piranha,15168693385388827856,20,3,4,11
1765395997,14,Sardine,14223604460671280070,25,5,2,3
1765396143,29,Herring,13154317373359138097,13,1,1,1
1765396392,14,Sardine,13842794334730500683,19,4,2,16
1765396559,2,Tilapia,225628026704970932,24,3,2,14
1765396978,30,Herring,18291646179642265717,19,3,4,3
1765397425,79,Turtle,13671468453704394711,22,7,2,14
1765397565,39,Snapperfish,556008407928323474,29,3,3,10
1766019490,82,Starfish,13338616000967293206,17,4,3,16
1766019742,108,Great white shark,9292301326086061769,30,5,4,12
1766019885,62,Barracuda,2361481645630973968,17,4,4,1
1766020017,25,Catfish,16520253919369370835,23,1,1,19
1766020150,62,Barracuda,10765648577289286971,18,3,2,3
1766020536,55,Spearfish,15522409783454420439,24,5,1,11
1766020711,29,Herring,14335042140881857887,13,3,3,9
1766020980,60,Green Salmon,829319304432664129,22,6,4,14
1766021214,50,Damsel Fish,16746819330960219021,13,5,1,4
1766021462,61,Barracuda,2338535691222721976,23,6,2,5
1766021766,5,Perch,8119693229715777224,17,3,2,20
1766021918,26,Catfish,3578614808273003047,23,5,3,13
1766022079,66,Piranha,16548375760516831389,27,7,3,17
1766022229,16,Trout,5783803459237775605,14,5,4,3
1766022485,59,Salmon,5938984994215548135,19,3,2,18
1766022675,5,Perch,17097923112598004627,26,4,1,14
1766022894,4,Perch,425735555376639080,23,1,2,8
1766023077,62,Barracuda,10376517348724802573,17,3,2,17
1766023534,89,Seahorse,1276261984324236974,17,1,3,19
1766023759,29,Herring,10000948867080952995,16,2,4,5
1766024292,12,Sardine,10865784293471826346,23,5,3,20
1766025827,33,Cod,4070287955639272234,26,7,4,12
1766025964,19,Trout,7216373897289995293,26,2,4,4
1766026122,11,Sardine,11005947475306575663,15,3,2,20
1766026332,53,Bluegill,15557478210386189471,19,1,4,15
1766026465,65,Piranha,15619863074333044128,20,5,4,19
1766026593,80,Starfish,2010358292602700944,24,5,1,6
1766026812,112,404 Fish,1718938126359123872,27,4,3,16
1766027343,94,Lobster,11679470953686081121,24,6,3,9
1766027466,30,Herring,5177682826821753819,17,4,3,10
1766027614,80,Starfish,1699846697680355741,20,5,2,11
1766027855,29,Herring,6587927897814813951,15,4,4,11
1766028007,32,Cod,16829650050959999645,19,2,2,19
1766028146,69,Grouper,14055807753563782478,18,3,1,1
1766028329,5,Perch,9097729591727471988,20,6,4,19
1766028625,59,Salmon,16550784884053123306,15,2,2,2
1766029012,45,Clownfish,2998275143535753023,15,2,4,7
1766029210,108,Great white shark,3964134374116721784,25,6,2,17
1766029378,81,Starfish,12234853528344971657,23,2,3,9
1766091303,24,Pufferfish,8729249270707378573,26,5,1,18
1766091515,99,Jellyfish,6952549640904052177,23,5,4,12
1766091810,30,Herring,6531024541523005339,19,3,3,2
1766091933,10,Sardine,143898065367920288,19,2,1,8
1766092058,10,Sardine,14311550656424322588,21,6,4,20
1766102630,32,Cod,3418710548179555075,21,6,3,11
1766102803,22,Pufferfish,13184363632337611816,24,2,2,3
1766102942,90,Seahorse,9570729424337917741,14,7,4,7
1766103217,100,Jellyfish,2721243826400066441,32,2,1,4
1766103509,24,Pufferfish,4787031685678965361,23,2,3,19
1766103691,102,Axolotl,10259402799793216433,22,3,4,6
1766104942,16,Trout,14506636660923419297,18,2,2,3
1767014917,10,Sardine,16408376165096120055,21,4,3,6
1767015122,34,Triple Tail,9465458343663101173,21,3,4,15
1767015246,100,Jellyfish,5233991404768681058,19,7,4,15
1767015377,11,Sardine,16826795431137089264,16,5,2,5
1767015560,59,Salmon,2760527729707732999,12,6,1,7
1767015685,13,Sardine,12915979609541371467,23,1,2,5
1767015807,24,Pufferfish,9295436435578558151,26,6,1,9
1767015985,38,Snapper,2023736794594804010,16,2,4,5
1767016199,63,Barracuda,10641550530705320074,26,3,4,5
1767016480,93,Blue Lobster,6868892105879247758,27,5,1,20
1767016748,65,Piranha,11544680189496048897,22,3,2,7
1767017068,77,Turtle,15918654210130375044,18,2,4,5
1767017329,2,Tilapia,10694443389884924150,17,5,4,12
1767017497,24,Pufferfish,8886318786233470195,27,4,2,18
1767018291,72,Angelfish,15785027114668815091,23,6,1,3
1767018538,53,Bluegill,14179519687290112307,14,5,4,3
1767018730,81,Starfish,1165880824307513535,17,1,2,13
1767019236,56,Spearfish,12905630339576576693,18,3,1,16
1767019359,47,Eel,7357892988951180615,18,2,4,20
1768053465,19,Trout,10782776991741624214,14,5,1,10
1768054474,98,Jellyfish,283485661399986621,19,6,2,9
1768054855,43,Clownfish,14001976076514738215,22,1,3,10
1768055107,111,Meraven,5411598667393005098,24,4,6,18
1768058507,110,Pop-eyed goldfish,17062719221167064802,20,6,4,9
1768059481,50,Damsel Fish,8591351829106439811,26,3,2,12
1768059633,10,Sardine,5344760958619785418,18,4,3,4
1768059773,74,Mola Mola Fish,7658555794465073332,19,6,2,1
1768059903,2,Tilapia,5852971733274358132,19,5,3,9
1768060100,65,Piranha,13616827302978035557,18,1,1,19
1768060421,16,Trout,5144114142492208761,16,3,2,7
1768305785,5,Perch,16867206995024115987,15,1,2,17
1768306100,74,Mola Mola Fish,3185242076600918688,25,2,2,15
1768306431,79,Turtle,4833652770948878900,20,5,3,9
1768306898,7,Bass,17916178333594844139,20,4,3,19
1768307356,74,Mola Mola Fish,7032735922526507893,22,6,2,16
1768307588,60,Green Salmon,17839372763879305624,24,6,1,16
1768310517,49,Damsel Fish,2973576136942640659,19,6,3,6
1768310654,5,Perch,15536787272851856749,18,4,3,14
1768310785,72,Angelfish,10998938384106934160,33,5,1,14
1768310930,82,Starfish,1836357539425315343,25,2,2,6
1768311514,65,Piranha,16400899524393484207,20,5,4,10
1768311642,48,Electric Eel,565183863325036930,20,7,4,10
1768311851,100,Jellyfish,10469824329301153948,24,2,4,2
1768311976,63,Barracuda,9952410576566798946,29,2,4,20
1768312184,29,Herring,14786276737252364971,19,5,1,15
1768312340,59,Salmon,11027131115910383152,12,1,2,8
1768312720,28,Anchovy,3723282573718032008,14,2,1,8
1768313849,50,Damsel Fish,12589364950824829342,19,3,1,8
1768314142,63,Barracuda,15546960356025858663,29,7,2,8
1768314415,26,Catfish,10449816564413357061,18,5,3,3
1768314600,55,Spearfish,15144752294611678687,23,3,1,18
1768315398,38,Snapper,8688167426625078758,14,3,3,15
1768316024,99,Jellyfish,6037163426263402037,17,2,4,18
1768316550,67,Grouper,9641845739544925039,14,6,2,10
1768317068,24,Pufferfish,8472742439976440561,26,4,3,3
1768317428,84,Crab,16262756905675484451,21,3,2,6
1768317601,31,Cod,13840635376316565293,20,6,4,20
1768317733,93,Blue Lobster,10688515544859309303,21,6,2,19
1768317866,13,Sardine,14570952352320078683,17,3,4,10
1768318041,83,Crab,6103557289918068886,14,4,4,2
1768318202,13,Sardine,2017065252916711054,20,4,4,8
1768319128,8,Bass,8479866470328301850,16,2,3,6
1768319292,89,Seahorse,12470260658607755243,19,6,4,6
1768319419,13,Sardine,9180422178548903815,15,3,1,8
1768319543,49,Damsel Fish,1927839933702938267,21,6,4,14
1768319695,52,Bluegill,7250160533322097409,13,6,2,10
1768320021,63,Barracuda,11249616892315830124,24,4,1,16
1768320209,59,Salmon,15136488067123084286,16,3,2,20
1768320388,14,Sardine,18133972583134869755,16,1,4,17
1768320616,19,Trout,13909351044546892008,22,5,3,19
1768320753,108,Great white shark,12982254803633033878,19,6,2,17
1768321437,69,Grouper,11577370167447245240,23,6,2,18
1768321819,74,Mola Mola Fish,16897453007365688348,18,2,2,7
1768322173,89,Seahorse,2999740917260006492,17,3,4,16
1768322441,62,Barracuda,15783513234687686449,16,2,1,19
1768322662,13,Sardine,2237328208672534559,18,4,1,5
1768322890,104,Boot,4052893540075191156,16,1,4,11
1768323019,111,Meraven,1103017454453864300,27,3,6,7
1768323215,47,Eel,5431866289059168280,21,2,2,10
1768323417,37,Snapper,10093238504518994573,19,2,4,9
1768323983,15,Spotfish,18434228448282885794,23,5,1,20
1768324249,38,Snapper,17672846404197723053,13,3,2,11
1768324392,62,Barracuda,2979064863123319774,16,5,4,10
1768324517,81,Starfish,8358636188901599450,21,1,2,2
1768324691,28,Anchovy,18015941972361120521,20,3,2,3
1768326010,50,Damsel Fish,11537460193559243454,18,3,2,18
1768329707,108,Great white shark,2538478576043653447,20,6,4,2
1768329868,86,Shrimp,13551918850816603771,17,4,1,12
1768330011,50,Damsel Fish,6252256735835739839,25,5,4,16
1768330145,55,Spearfish,16073881577244536032,13,6,1,11
1768330286,47,Eel,10483461613545687698,23,4,1,20
1768330480,33,Cod,11976963142776942418,26,7,4,13
1768330795,2,Tilapia,7570992516129046792,15,4,3,6
1768330945,38,Snapper,8149038087469126480,25,4,4,20
1768331075,70,Angel Fish,6636962941051397038,23,4,1,12
1768331203,17,Spot Fish,3847108399397896350,19,6,3,20
1768331739,34,Triple Tail,17024448291960077491,19,4,2,7
1768332080,76,Mola Mola Fish,11912341387693179348,26,6,2,15
1768332238,19,Trout,11376232903066114152,13,1,4,5
1768332379,34,Triple Tail,6452148581390540413,19,3,3,18
1768332693,49,Damsel Fish,13579937464833863432,16,2,2,18
1768332915,29,Herring,4764125508500813689,19,6,2,3
1768333099,53,Bluegill,1888516754076753409,25,6,4,11
1768333394,22,Pufferfish,10234565958794468910,17,1,2,11
1768333695,87,Shrimp,27258801954233640,21,5,2,18
1768333839,31,Cod,13515070430465460511,19,3,1,14
1768334015,15,Spotfish,8983199648291353934,32,2,3,4
1768334181,2,Tilapia,6176898745497854419,21,4,3,20
1768334365,47,Eel,12510724873857356113,20,1,4,12
1768334768,29,Herring,2742120305384457759,24,4,3,6
1768678548,26,Catfish,14925583290310202314,25,2,2,14
1768678691,108,Great white shark,11033078895145748172,31,6,1,11
1768678816,8,Bass,4914140583817623326,21,1,2,3
1768678966,10,Sardine,9037695430772644587,18,2,2,10
1768679104,89,Seahorse,6140970349712294295,21,3,3,8
1768679417,14,Sardine,12729223554463963639,20,6,4,14
1768679655,34,Triple Tail,5363733158078438722,15,3,3,10
1768679806,28,Anchovy,7153789251814641968,24,4,3,1
1768680016,47,Eel,13202592740264938507,17,3,2,11
1768680172,46,Eel,4408082965439373356,15,5,3,15
1768680308,70,Angel Fish,13622563293223002894,21,5,1,11
1768680720,34,Triple Tail,4740907968148205659,16,4,1,2
1768680966,43,Clownfish,8851750022376879369,21,6,2,7
1768681131,8,Bass,555191705754779832,18,2,2,2
1768681615,53,Bluegill,3997685897895403373,19,5,4,1
