1720420143,11,Sardine,11655791207587227197,16,6,3,16
1720420143,75,Mola Mola Fish,1335275298375299787,27,4,4,11
1720420143,7,Bass,5842167765838239261,20,1,1,2
1720420143,77,Turtle,15263709270858919559,17,5,3,19
1720420143,11,Sardine,4492306757082799328,15,4,3,15
1720420143,65,Piranha,3721093253434554780,25,2,4,13
1720420143,13,Sardine,3398281019659791967,15,2,1,9
1720420143,5,Perch,18109717303853242807,23,3,4,19
1720420143,34,Triple Tail,10812945112986846592,21,2,1,3
1722666382,26,Catfish,3014873476188799006,20,6,4,5,1
1722666503,49,Damsel Fish,18260707118402198650,14,6,1,1,0
1722666642,20,Trout,8211874473959816810,29,5,2,12,6
1722666934,64,Piranha,12599687682934903223,26,1,1,13,0
1722667076,43,Clownfish,16078476050214448222,20,6,1,4,0
1722667196,21,Trout,17098228308997206701,25,5,2,13,3
1722667629,74,Mola Mola Fish,14745026696355467113,23,5,4,11,0
1722667749,19,Trout,5762435104185966083,18,1,2,16,0
1722778262,19,Trout,5507395115823868391,17,3,3,4,0
