1720420143,28,Anchovy,14350131609520702493,22,2,2,3
1720420143,37,Snapper,1864565907628147497,18,1,1,18
1720420143,71,Angel Fish,12464033041428822111,18,5,1,14
1720420143,4,Perch,15694866448241236238,20,5,1,2
1720420143,22,Pufferfish,2899472733259569783,19,3,3,16
1720420143,1,Tilapia,16710396529489298698,15,3,4,20
1720420143,104,Boot,5685029642377555261,24,4,1,7
1720420143,110,Pop-eyed goldfish,14121326043937178136,26,4,1,12
1720420143,74,Mola Mola Fish,4791371179387677993,21,3,4,3
1720420143,17,Spot Fish,13197269910192320673,16,2,3,12
1720420143,37,Snapper,5676474009809894074,16,1,1,3
1720420143,13,Sardine,9662849792512546417,16,3,4,18
1720420143,44,Clownfish,15542832742586323672,18,6,3,3
1720420143,46,Eel,8328190236337913381,12,1,2,15
1720420143,72,Angelfish,14941925814032513292,17,3,1,6
1720420143,1,Tilapia,8225083888906976785,18,5,3,5
1720420143,74,Mola Mola Fish,14719446857761715244,21,4,3,7
1720420143,34,Triple Tail,6350508151717126036,17,1,1,12
1720420143,4,Perch,9610955970208969952,17,4,2,13
1720420143,51,Damsel Fish,6652436029335475783,21,3,1,7
1720420143,16,Trout,15100816888708556506,22,3,4,10
1720420143,1,Tilapia,10933983486865019701,13,2,3,14
1720420143,19,Trout,8763346361227989126,17,4,1,4
1720420143,30,Herring,15510448950095829992,13,3,4,7
1720420143,4,Perch,6559180696551646769,21,2,2,7
1720420143,23,Pufferfish,10652809497436151213,17,6,2,13
1720420143,16,Trout,6890599374716374643,21,5,2,9
1720420143,68,Grouper,9648817070645963115,24,6,2,4
1720420143,32,Cod,9365812896394275016,21,3,4,9
1720420143,4,Perch,10226259303517941757,15,2,3,7
1720420143,4,Perch,11476030939882119158,26,6,3,1
1720420143,1,Tilapia,12772139771511888113,16,1,4,10
1720420143,74,Mola Mola Fish,7062733218981451186,14,1,4,8
1720420143,7,Bass,750044363722740026,23,4,2,7
1720420143,10,Sardine,12541353820908102931,23,5,3,18
1720420143,23,Pufferfish,17849643490474161539,15,3,4,15
1720420143,37,Snapper,10639134432966839416,14,2,4,17
1720420143,53,Bluegill,2619157066208993918,20,6,2,12
1720420143,72,Angelfish,11460630253348520592,22,5,4,13
1720420143,16,Trout,10815534837255392939,21,2,1,16
1720420143,37,Snapper,5603594418422425966,23,6,1,12
1720420143,16,Trout,4543594082171593227,24,2,1,17
1720420143,34,Triple Tail,18228790080162077340,21,4,3,9
1720420143,7,Bass,15746867778397209066,19,1,2,2
1720420143,89,Seahorse,14337979773483592479,19,2,2,9
1720420143,37,Snapper,10171528605021236427,20,2,2,8
1720420143,48,Electric Eel,7907419041515685918,21,3,3,20
1720420143,74,Mola Mola Fish,6411637903604901591,17,3,2,20
1720420143,55,Spearfish,9104054525467281477,21,6,2,17
1720420143,32,Cod,790379220280814227,23,3,2,5
1720420143,4,Perch,9808746705208515731,19,5,2,6
1720420143,11,Sardine,1944933851698422148,26,2,1,5
1720420143,32,Cod,11053519242747417845,17,2,3,5
1720420143,13,Sardine,12564372990158706315,20,5,4,10
1720420143,32,Cod,14560809270693045533,17,5,3,19
1720420143,46,Eel,8879076540228353231,15,4,3,17
1720420143,32,Cod,833464498380020553,26,6,3,1
1720420143,37,Snapper,13451245556225525328,18,3,1,13
1720420143,74,Mola Mola Fish,2341465197029425469,20,6,3,5
1720420143,23,Pufferfish,6423328578660419685,18,4,2,14
1720420143,46,Eel,6336149284449188927,20,4,2,16
1720420143,16,Trout,16457930408804219052,24,1,2,4
1720420143,11,Sardine,6510298046643755085,17,6,3,10
1720420143,53,Bluegill,11138521101612259901,17,3,1,1
1720420143,53,Bluegill,11991756323055147624,20,5,3,20
1720420143,3,Tilpia,8659535615862865764,22,1,4,9
1720420143,30,Herring,18066423566694389148,19,3,2,4
1720420143,23,Pufferfish,3025492276133357928,18,5,4,19
1720420143,16,Trout,15481737603244397339,20,5,1,17
1720420143,28,Anchovy,11870175658411856611,19,3,2,19
1720420143,52,Bluegill,6845674550165440253,16,6,1,9,0
1720420143,80,Starfish,9050553140939199263,23,3,3,19,0
1720420143,1,Tilapia,10185522093195169271,21,6,4,14,0
1720420143,39,Snapperfish,5191724235608001342,17,2,1,5,0
1720420143,7,Bass,1651054813832230855,19,6,1,8,1
1731027897,13,Sardine,7442398057993911036,14,1,1,12,0
1731028022,3,Tilpia,15044546835820280705,21,6,4,1,3
1731028178,74,Mola Mola Fish,11875037361635186756,19,1,4,8,0
1731033268,47,Eel,15719078035307645225,17,6,4,4,2
1731035088,75,Mola Mola Fish,2699131086906864834,25,7,3,11,2
1731103981,77,Turtle,1821350532203928427,23,6,3,14,0
1731104138,105,GamerPieJess fish,13840394814746997019,18,6,4,13,4
1731106642,10,Sardine,5450343011351672406,21,1,3,13,0
1731106926,93,Blue Lobster,6761831492637836847,27,4,4,5,7
1731118138,96,Octopus,13704990794682335096,27,8,4,12,21
