1720420143,69,Grouper,8245888290855098590,21,4,1,8
1720420143,9,Bass,2346651055962538227,21,3,4,19
1720420143,28,Anchovy,13452644050815335655,21,3,4,15
1720420143,30,Herring,15017759518228185850,19,6,2,16
1720420143,37,Snapper,3041415633064678281,22,5,4,6
1720420143,48,Electric Eel,2201929650261622003,26,6,2,10
1720420143,47,Eel,6357740904582542482,13,3,1,16
1720420143,4,Perch,655945688770473727,18,5,2,5
1720420143,55,Spearfish,17134847779506602867,20,2,4,15
1720420143,43,Clownfish,8088062389171077190,16,1,4,8
1720420143,22,Pufferfish,13725803247068547782,18,4,1,13
1720420143,1,Tilapia,5139615583676578158,14,3,1,9
1720420143,46,Eel,5956333579199246502,16,6,4,1
1720420143,30,Herring,5884940913424821194,18,5,3,6
1720420143,32,Cod,16111498143767772777,20,4,2,10
1720420143,68,Grouper,11470370715083206991,30,4,4,18
1720420143,23,Pufferfish,3404921443413458401,23,2,4,6
1720420143,38,Snapper,2642480730811027535,19,1,4,5,0
