1720420143,53,Bluegill,9963531615476980100,21,6,1,20
1720420143,11,Sardine,6356051983092009191,23,5,2,17
1720420143,44,Clownfish,5966463805893495218,13,4,2,7
1720420143,71,Angel Fish,10532492140732538599,15,6,1,3
1720420143,56,Spearfish,15185447210533578758,26,5,4,7
1720420143,5031,Boot,1655909590704558286,25,2,1,11
1720420143,37,Snapper,18267598052984580271,22,4,4,1
1720420143,59,Salmon,5414869029330203281,15,5,3,3
1720420143,4,Perch,9898203454777237014,22,4,1,19
1720420143,4,Perch,1982507087791487397,21,4,4,10
1720420143,17,Spot Fish,6443017438518585584,20,1,3,14
1720420143,7,Bass,14818123108544234091,20,3,1,20
1720420143,38,Snapper,58345502080063448,17,3,2,10
1720420143,16,Trout,7324111136656866601,22,3,4,11
1720420143,71,Angel Fish,10962869337442225388,20,6,4,20
1720420143,62,Barracuda,16719129255857117797,12,3,3,13
1720420143,78,Turtle,18241483651303773830,28,2,3,12
1720420143,53,Bluegill,7019603849517977277,21,2,3,17
1720420143,65,Piranha,13947783729785448879,18,3,4,2
1720420143,13,Sardine,15982651969202346904,21,6,3,13
1720420143,32,Cod,17799932032224520675,21,5,1,11
1720420143,11,Sardine,10842216313070780252,21,5,4,16
1720420143,51,Damsel Fish,17594863390791350163,30,3,3,2
