1731604410,38,Snapper,16272048615413776796,18,1,1,20,0
1731604534,32,Cod,986427231128860342,18,4,2,8,0
1731604656,34,Triple Tail,2612314023748250778,16,2,4,2,0
1731604779,2,Tilapia,17153695682620951913,20,2,2,10,0
1731605121,31,Cod,12503433034483153151,18,2,4,10,0
1731605241,4,Perch,7203756199740578663,18,2,3,5,0
1731605777,23,Pufferfish,16708147144257205542,17,2,1,8,0
1731606177,83,Crab,4519837332911146125,20,5,3,19,0
1731606994,56,Spearfish,15117405748507403409,27,5,2,10,9
1731607187,37,Snapper,408887649857238388,17,1,3,12,0
1731607532,53,Bluegill,3380563960468067096,21,6,1,10,0
