1720420143,78,Turtle,16830686075337093772,27,7,2,8
1720420143,32,Cod,16102274777852527525,18,5,2,1
1720420143,7,Bass,5814247001811839165,15,6,3,4
1720420143,8,Bass,1347776789334899654,21,4,3,14
1720420143,71,Angel Fish,4960347389508168569,20,5,1,14
1720420143,37,Snapper,1456136573868415711,22,6,1,5
1720420143,10,Sardine,15479579982584641595,15,2,2,5
1720420143,44,Clownfish,14397378080900782418,24,1,3,5
1720420143,53,Bluegill,7097356487422969389,21,3,2,7
1720420143,4,Perch,8996851012350971254,19,6,3,4
1720420143,37,Snapper,13038773532652392672,18,4,1,7
1720420143,104,Boot,16647245086497244341,18,4,4,19
1720420143,81,Starfish,7844170785230987194,19,3,4,18
1720420143,32,Cod,4288374600093652576,20,2,2,10
1720420143,77,Turtle,4652654853101820230,13,5,1,8
1720420143,32,Cod,9267175642613139518,17,5,2,5
1720420143,104,Boot,17037092457111703021,26,1,1,11
1720420143,16,Trout,3842931663348023661,23,5,4,7
1720420143,37,Snapper,7198179605786397392,19,4,3,8
1720420143,23,Pufferfish,5699077818077806047,13,4,1,8
1720420143,78,Turtle,5436790551969022721,25,4,1,21
1720420143,13,Sardine,3224466539192199033,16,2,1,1
1720420143,28,Anchovy,17169621838754425588,19,6,1,6
1720420143,57,Spearfish,16227105325398579533,27,3,1,3
1720420143,32,Cod,3276263128698476123,20,2,2,5
1720420143,7,Bass,776344699524795616,18,1,1,18
1720420143,16,Trout,8702281478948830413,20,5,2,16
1720420143,4,Perch,13549135703940605398,22,2,1,12
1720420143,89,Seahorse,5927265349051989546,15,6,4,15
1720420143,4,Perch,3576361863552198138,20,4,3,15
1720420143,104,Boot,18234738492433077192,14,5,3,8
1720420143,81,Starfish,17267264315764977755,21,6,1,18
1720420143,10,Sardine,10635872147287370521,16,6,2,4
1720420143,74,Mola Mola Fish,12772637359947746838,15,3,1,5
1720420143,22,Pufferfish,7118578429632646469,17,4,2,8
1720420143,53,Bluegill,9977056778417585750,19,6,1,6
1720420143,44,Clownfish,17675202520110449040,16,4,4,20
1720420143,16,Trout,10225283044369510268,14,1,3,12
1720420143,65,Piranha,10090245283758030809,19,4,1,7
1720420143,26,Catfish,4040423070935694217,19,4,1,13
1720420143,16,Trout,13445024399062306070,24,6,3,12
1720420143,63,Barracuda,18011390322985666973,22,4,1,14
1720420143,28,Anchovy,307591644840508384,20,3,2,5
1720420143,37,Snapper,18224237266591261611,17,1,3,9
1720420143,103,{NULL}fish,6848678675464916247,100,0,0,0
1720420143,28,Anchovy,3817687245309643099,12,5,3,6
1720420143,55,Spearfish,8098534483309707048,16,6,2,7
1720420143,1,Tilapia,12222923183777294074,20,4,2,17
1720420143,16,Trout,15665751738693389876,24,6,3,6
1720420143,16,Trout,11091379797589289893,21,1,1,1
1720420143,32,Cod,7159578825578298981,19,2,1,9
1720420143,54,Redgill,6795131302276377389,26,5,2,8
1720420143,28,Anchovy,1980254191120139954,25,6,1,5
1720420143,77,Turtle,10010022368473383306,20,5,1,3
1720420143,63,Barracuda,14985143543425592919,24,2,1,20
1720420143,93,Blue Lobster,15835760197406937881,18,3,1,5
1720420143,77,Turtle,12110332302498804747,18,1,1,6
1720420143,25,Catfish,14626653825016192820,23,5,2,5
1720420143,89,Seahorse,2610639231154115452,22,2,2,15
1720420143,53,Bluegill,9127255595594181896,18,5,3,11
1720420143,59,Salmon,4058913152603839573,16,2,3,16
1720420143,16,Trout,373902252065536876,17,6,4,3
1720420143,36,Triple Tail,6910432951440111896,15,5,2,9
1720420143,12,Sardine,1030795630790112615,24,3,1,11
1720420143,22,Pufferfish,1316729085023946915,14,2,3,13
1720420143,13,Sardine,13338410349921124068,22,6,1,3
1720420143,1,Tilapia,13229722409756659182,18,4,4,3
1720420143,1,Tilapia,16275659577758108592,26,2,2,10
1720420143,23,Pufferfish,10118742183741991372,15,3,3,11
1720420143,37,Snapper,15109996287272378448,21,5,2,1
1720420143,38,Snapper,12067626356380148203,26,3,1,11
1720420143,43,Clownfish,14755217118011569500,15,6,4,15
1720420143,5,Perch,8681607637977969545,20,3,2,14
1720420143,1,Tilapia,11410149583735577322,13,6,3,13
1720420143,74,Mola Mola Fish,14405154087876802483,22,1,3,12
1720420143,81,Starfish,14890271711364101201,21,4,2,20
1720420143,10,Sardine,9538698250622031886,19,1,2,16
1720420143,1,Tilapia,11277501507299306218,12,6,1,11
1720420143,50,Damsel Fish,9553696331701026517,23,2,3,10
1720420143,47,Eel,17993708814510378873,22,3,1,6
1720420143,13,Sardine,8058504291887751403,20,1,1,10
1720420143,39,Snapperfish,7777397113308599614,31,4,4,3
1720420143,77,Turtle,6506603122366601066,17,3,4,13
1720420143,19,Trout,18428022561603846703,20,6,3,4
1720420143,13,Sardine,6054206134472537411,16,2,2,12
1720420143,46,Eel,1996993039776944064,15,1,3,6
1720420143,46,Eel,10302974316681421989,17,3,2,16
1720420143,37,Snapper,15306105941451987539,24,2,4,17
1720420143,50,Damsel Fish,12818990391642766234,20,6,2,5
1720420143,22,Pufferfish,18136829259470699577,24,2,2,16
1720420143,11,Sardine,7817421046188666805,16,5,4,4
1720420143,55,Spearfish,511881549965267259,25,5,3,15
1720420143,4,Perch,4820179584441520231,14,5,2,7
1720420143,43,Clownfish,7096255066192144552,15,4,2,1
1720420143,23,Pufferfish,13971809117411174226,16,6,3,11
1720420143,7,Bass,16281548133273936926,19,6,3,12
1720420143,81,Starfish,2029326729776320623,16,6,2,16
1720420143,8,Bass,15907732974308709266,18,4,4,10
1720420143,13,Sardine,15513094546473106749,20,6,1,6
1720420143,37,Snapper,5983340579045602168,13,6,2,4
1720420143,74,Mola Mola Fish,15029208881907670877,16,6,2,3
1720420143,11,Sardine,17694798313365511751,20,3,1,4
1720420143,14,Sardine,2779108779151476102,14,5,3,4
1720420143,103,{NULL}fish,10111736015044183044,100,0,0,0
1720420143,26,Catfish,7758380457775147789,21,3,4,19
1720420143,34,Triple Tail,6109997328477739427,17,2,4,16
1720420143,32,Cod,15738351512955674888,22,2,2,12
1720420143,11,Sardine,12122734612921224447,19,3,2,1
1720420143,12,Sardine,2846293967538540642,27,2,3,12
1720420143,84,Crab,17202097184433309048,15,7,1,2
1720420143,94,Lobster,9160017651036786499,24,3,3,6
1720420143,6,Perch,5177496827798620075,16,6,3,13
1720420143,43,Clownfish,4278913963286688357,17,6,1,19
1720420143,75,Mola Mola Fish,1552466816768371659,23,4,2,8
1720420143,74,Mola Mola Fish,16054404522914029707,20,4,1,20
1720420143,104,Boot,15838989202649949279,15,2,3,8
1720420143,71,Angel Fish,9647305274341122340,21,5,1,6
1720420143,102,Axolotl,6471057890654845572,29,8,1,20
1720420143,62,Barracuda,7942399248929903237,17,2,4,13
1720420143,90,Seahorse,4562400805209887644,20,4,2,9
1720420143,16,Trout,17182039352054502504,16,1,1,4
1720420143,25,Catfish,1649136291447429302,20,1,1,7
1720420143,43,Clownfish,10555230979436274421,22,2,3,14
1720420143,8,Bass,13241383112560447734,16,3,3,6
1720420143,57,Spearfish,5350360309858267414,21,4,3,9
1720420143,95,Octopus,17371806600594196816,29,2,3,11
1720420143,75,Mola Mola Fish,1457156013912253275,21,4,2,20
1720420143,87,Shrimp,4203307316566893779,27,6,1,6
1720420143,62,Barracuda,12995441732084605077,20,3,4,15
1720420143,18,Trout,3630284298511258135,22,6,1,11
1720420143,79,Turtle,14964777266865143582,25,10,2,17
1720420143,65,Piranha,14988312867074335596,22,5,1,11
1720420143,38,Snapper,14247303948506778845,22,2,1,3
1720420143,16,Trout,13220111945675836251,20,3,3,5
1720420143,87,Shrimp,6662099320457380807,29,7,2,10
1720420143,7,Bass,1951499089386998271,18,6,1,2
1720420143,77,Turtle,1471613577471303618,19,4,1,2
1720420143,71,Angel Fish,765869297137086340,15,2,3,6
1720420143,89,Seahorse,17129115988470283082,19,2,1,19
1720420143,7,Bass,9603411170466234557,13,1,4,16
1720420143,63,Barracuda,10911746157770100348,20,5,4,10
1720420143,38,Snapper,9656118890969264654,15,4,4,15
1720420143,13,Sardine,2893569317531457249,23,3,3,15
1720420143,46,Eel,13458732493052871420,19,5,3,11
1720420143,84,Crab,9732760195161010617,31,5,3,13
1720420143,69,Grouper,6735850036670059215,17,2,2,15
1720420143,11,Sardine,4357720846880392682,19,6,2,18
1720420143,45,Clownfish,15963335847545492292,26,4,4,9
1720420143,14,Sardine,15531807012889999053,20,4,3,11
1720420143,50,Damsel Fish,13859175642214392228,19,1,4,2
1720420143,50,Damsel Fish,6143647251901885453,15,4,1,13
1720420143,20,Trout,13804936873496820862,25,2,2,6
1720420143,31,Cod,7359455811327472771,23,5,1,17
1720420143,109,Cutthroat Trout,14286523202251811685,27,6,1,2
1720420143,102,Axolotl,3459736960926028013,26,6,5,13
1720420143,108,Great white shark,15955280466912226466,30,2,4,2
1720420143,7,Bass,13601353670403791138,14,5,3,9
1720420143,76,Mola Mola Fish,9679148062767138027,21,6,2,14
1720420143,40,Anglerfish,7705005005177942085,18,5,3,13
1720420143,56,Spearfish,7529676830763767763,24,7,2,3
1720420143,11,Sardine,16144145877096475819,13,6,4,11
1720420143,62,Barracuda,10265755996697308420,22,2,3,18
1720420143,46,Eel,17091992501011286090,19,1,4,12
1720420143,40,Anglerfish,7232103607514552650,25,1,4,9
1720420143,69,Grouper,17922105694073417752,23,2,2,19
1720420143,38,Snapper,17518136936545924507,24,6,4,12
1720420143,25,Catfish,9496178295532500145,18,1,4,9
1720420143,59,Salmon,12561787429035608325,13,4,1,2
1720420143,17,Spot Fish,5565744186789826478,17,3,2,15
1720420143,55,Spearfish,6076538346494058616,22,3,1,16
1720420143,7,Bass,4157813498352848049,20,6,1,2
1720420143,7,Bass,13898610928056049583,16,4,2,13
1720420143,4,Perch,17586292994961992801,22,5,1,16
1720420143,4,Perch,379159476202277061,17,2,1,17
1720420143,62,Barracuda,17930542926879422581,18,4,2,11
1720420143,44,Clownfish,12201009656332887685,17,6,4,10
1720420143,63,Barracuda,5427505792419554970,23,3,4,6
1720420143,16,Trout,1032522758935178351,18,5,3,15
1720420143,14,Sardine,8789609869742789136,15,4,4,20
1720420143,81,Starfish,7454033402871333853,21,2,2,19
1720420143,14,Sardine,2352658794806431781,21,4,4,7
1720420143,43,Clownfish,17499181864338386497,17,5,4,3
1720420143,82,Starfish,5922827161309755870,24,7,2,13
1720420143,53,Bluegill,1370369742052763477,18,6,3,8
1720420143,16,Trout,16536135666909590145,22,5,4,17
1720420143,65,Piranha,13836292758423008874,17,2,4,4
1720420143,5,Perch,9419981268840626430,18,1,2,2
1720420143,4,Perch,5448138314428156952,25,3,3,18
1720420143,72,Angelfish,11600623606465936910,21,3,2,18
1720420143,19,Trout,12280978576237396478,13,1,4,17
1720420143,87,Shrimp,11061397457238096148,22,6,4,19
1720420143,50,Damsel Fish,6616097832487887958,15,2,2,1
1720420143,56,Spearfish,9967280392598816609,23,6,4,7
1720420143,10,Sardine,10697747253014416164,19,1,1,17
1720420143,74,Mola Mola Fish,5551794061502709530,22,3,4,12
1720420143,33,Cod,14831250248450448518,31,3,2,16
1720420143,25,Catfish,10815701341311464514,20,4,3,16
1720420143,69,Grouper,10827734869220542716,20,6,2,2
1720420143,8,Bass,11024991701722181270,21,4,2,8
1720420143,33,Cod,8590049821991099793,27,2,2,4
1720420143,10,Sardine,5124363122697364217,20,4,4,5
1720420143,76,Mola Mola Fish,12756845247424800228,28,8,3,9
1720420143,13,Sardine,16328665912030624227,24,5,3,9
1720420143,74,Mola Mola Fish,3040381715401864857,19,3,4,17
1720420143,35,Triple Tail,9641215937402274468,23,4,3,8
1720420143,54,Redgill,9086808663091213076,17,5,2,21
1720420143,79,Turtle,10003814277601266920,26,7,4,6
1720420143,29,Herring,1666789907171441918,19,4,3,6
1720420143,13,Sardine,15032018577098666806,26,1,3,16
1720420143,103,{NULL}fish,5117784877934416865,100,0,0,0
1720420143,1,Tilapia,1794548614847916785,17,5,2,5
1720420143,18,Trout,4611223528004360465,35,5,1,18
1720420143,71,Angel Fish,14098915999092943192,16,1,3,18
1720420143,31,Cod,11477849532039603768,22,6,3,5
1720420143,37,Snapper,1621482039834990850,21,2,4,8
1720420143,100,Jellyfish,17626459592863188366,24,2,1,14
1720420143,84,Crab,14476245880744330720,27,4,2,13
1720420143,74,Mola Mola Fish,1782239177909595970,16,1,4,2
1720420143,77,Turtle,1478918304164388345,20,2,1,16
1720420143,30,Herring,6967743504764009487,19,3,2,9
1720420143,69,Grouper,11858367193213149964,17,6,1,15,0
1720420143,100,Jellyfish,702072461846265464,20,3,1,15,0
1720420143,44,Clownfish,10461147827601783241,22,1,2,16,0
1720420143,104,Boot,15270434587336334171,19,2,3,6,0
1720420143,44,Clownfish,14176856587893755014,13,5,4,1,0
1720420143,82,Starfish,3456891223809605043,21,5,4,3,0
1720420143,8,Bass,6138811970588492903,22,5,3,13,0
1720420143,104,Boot,11016512163827282268,23,6,3,17,0
1720420143,86,Shrimp,11149210437737601160,24,3,3,12,2
1720420143,65,Piranha,7533289600940650196,22,5,2,11,0
1720420143,79,Turtle,10394013810693875220,30,3,3,21,7
1720420143,50,Damsel Fish,18372974715338878621,16,2,2,8,0
1720420143,47,Eel,1334453352090224111,20,3,3,13,0
1720420143,99,Jellyfish,15853589138467182535,17,2,1,3,0
1720420143,72,Angelfish,15458119516374045740,22,2,1,10,0
1720420143,90,Seahorse,17438407630618038073,29,2,3,16,2
1720420143,30,Herring,6709680159040452544,17,6,4,12,6
1720420143,69,Grouper,12304281976766010282,15,4,4,9,0
1720420143,36,Triple Tail,17963287513108001691,29,7,4,12,3
1720420143,74,Mola Mola Fish,3781842501959395234,23,1,4,8,0
1720420143,62,Barracuda,14577113350618154934,22,5,3,15,0
1720420143,104,Boot,5363636999179161482,18,6,1,17,0
1720420143,23,Pufferfish,16339302923519290146,21,1,3,13,0
1720420143,58,Salmon,6844668976700671134,14,1,3,11,0
1720420143,10,Sardine,7540300282665443035,19,3,2,12,2
1720420143,24,Pufferfish,2554971388107819257,26,3,2,5,0
1720420143,34,Triple Tail,16280307056765875505,19,2,2,6,0
1720420143,80,Starfish,15314344144106358010,17,6,2,9,0
1720420143,47,Eel,4194912727991898291,22,1,2,1,0
1720420143,46,Eel,16545820881969386372,20,5,2,15,0
1720420143,43,Clownfish,10096135538332646196,14,5,1,12,0
1720420143,83,Crab,12996329228492036338,18,6,1,12,3
1720420143,3,Tilpia,16030598348719632489,19,3,1,17,0
1720420143,89,Seahorse,13789922230707607174,17,6,3,2,0
1720420143,65,Piranha,17157787699266344254,20,3,2,12,0
1720420143,46,Eel,14146337513628370254,19,4,1,5,0
1720420143,104,Boot,590799134374283943,17,4,1,9,0
1720420143,30,Herring,4368515657750463196,25,6,3,19,3
1720420143,70,Angel Fish,7751498011889470179,15,1,4,2,0
1720420143,62,Barracuda,14341617042712161928,17,6,2,13,0
1720420143,81,Starfish,3215821539096798971,18,3,4,9,0
1720420143,16,Trout,12145457925627515424,18,5,1,16,0
1720420143,8,Bass,2995256385891249137,19,4,3,19,2
1720420143,13,Sardine,11335783352448291112,16,5,4,20,0
1720420143,53,Bluegill,3322322749157884419,20,5,3,8,0
1720420143,43,Clownfish,9112435916388151058,14,3,1,1,0
1720420143,11,Sardine,9467105492589807614,18,3,2,7,0
1720420143,60,Green Salmon,3877040805286290252,29,7,2,9,11
1720420143,76,Mola Mola Fish,12152547490023581517,32,3,1,17,0
1720420143,107,Blahaj,8251542348040945449,27,11,6,21,32
1720420143,89,Seahorse,10773065349706338757,22,6,4,18,0
1720420143,85,Golden King Crab,4013064777503617663,26,10,6,16,18
1720420143,89,Seahorse,16934657611238504685,22,5,1,15,0
1720420143,70,Angel Fish,15827422047006712518,17,3,4,7,0
1720420143,44,Clownfish,3569741671758532813,18,5,1,5,0
1720420143,97,Golden Takoyaki,4940642098792706548,32,6,6,14,8
1720420143,93,Blue Lobster,16737989916253852937,23,4,4,4,0
1720420143,89,Seahorse,13146932239517107021,20,6,3,19,0
1720420143,46,Eel,10234482930066268789,19,5,3,3,0
1720420143,91,Golden Seahorse,6560582486062013089,23,9,6,9,2
1720420143,3,Tilpia,544089825382240505,24,1,1,9,0
1720420143,44,Clownfish,10063370277086374529,17,3,3,15,0
1720420143,5,Perch,16946457569800695744,24,3,1,15,0
1720420143,69,Grouper,4759352039611596383,25,3,3,6,0
1720420143,104,Boot,11525430757347439987,22,4,2,3,0
1720420143,43,Clownfish,15164677462379827098,19,4,3,3,0
1720420143,14,Sardine,5786872107998599561,19,2,2,16,0
1720420143,71,Angel Fish,2210335498108155254,20,1,3,14,0
1720420143,79,Turtle,16126403664471039704,20,5,5,13,2
1720420143,43,Clownfish,15316508666136604853,14,5,2,17,2
1720420143,3,Tilpia,2151990607425983585,15,2,2,18,0
1720420143,50,Damsel Fish,16795981146454655751,15,6,1,16,0
1720420143,2,Tilapia,11530948420438723342,20,6,2,20,0
1720420143,19,Trout,5360462812823381866,23,6,2,9,0
1720420143,83,Crab,1990338848413657146,22,5,3,17,3
1720420143,65,Piranha,7330677748933103691,20,2,3,9,0
1720420143,77,Turtle,2506263467649198835,18,1,4,15,0
1720420143,62,Barracuda,8272531574857832899,17,5,2,1,1
1720420143,40,Anglerfish,3709731687656880993,22,1,2,18,0
1720420143,33,Cod,7592204575375728910,24,4,2,3,0
1720420143,3,Tilpia,13361152811087065231,12,2,4,15,0
1720420143,1,Tilapia,8540027604934452462,21,5,3,18,1
1720420143,45,Clownfish,5510510365765311569,25,7,1,10,16
1720420143,38,Snapper,6435765143919892605,20,2,2,5,0
1720420143,48,Electric Eel,785871296161101731,23,7,3,10,1
1720420143,10,Sardine,18348050049984602803,22,2,1,2,0
1720420143,108,Great white shark,16362766172420529946,29,4,3,2,0
1720420143,38,Snapper,6824686269640426657,15,2,4,8,0
1720420143,78,Turtle,18147011177850306931,35,5,3,19,11
1720420143,41,Anglerfish,13994526709198004595,23,6,1,15,0
1720420143,32,Cod,17257548537332918609,24,2,1,19,0
1720420143,24,Pufferfish,7959064052543229029,20,4,3,19,0
1720420143,47,Eel,10287699908901897707,18,3,4,3,0
1720420143,5,Perch,16108837904830321547,22,4,4,14,6
1720420143,5,Perch,10218867039228141848,14,6,2,5,0
1720420143,33,Cod,4787174798410360029,23,6,2,2,0
1720420143,58,Salmon,14327489934988667184,17,6,1,11,0
1720420143,50,Damsel Fish,13584333951546421816,20,6,3,7,0
1720420143,59,Salmon,16966611519076429109,21,3,1,6,0
1720420143,82,Starfish,3439081155888657700,30,3,3,6,4
1720420143,47,Eel,13479763010837434124,20,3,3,3,0
1720420143,79,Turtle,16849729512303882107,29,8,3,16,16
1720420143,81,Starfish,1719393041715020953,17,4,1,17,0
1720420143,34,Triple Tail,11918584496825774976,24,2,1,7,0
1720420143,51,Damsel Fish,3483915399540024980,28,7,4,21,13
1720420143,74,Mola Mola Fish,6112518470503236557,19,6,3,2,0
1720420143,1,Tilapia,5202448850242853989,19,3,4,16,0
1720420143,16,Trout,1189380958652103636,16,5,2,10,0
1720420143,77,Turtle,12455514034407513092,20,3,2,10,0
1720420143,49,Damsel Fish,8780167374855888674,26,2,2,19,0
1720420143,43,Clownfish,13358455564161020939,19,2,3,8,0
1720420143,15,Spotfish,14310314865990715443,21,2,2,21,0
1720420143,38,Snapper,7085075524973162843,21,2,3,14,0
1720420143,30,Herring,9346451263353011133,20,1,4,5,0
1720420143,81,Starfish,15598390729529875831,18,4,4,13,0
1720420143,62,Barracuda,423107675966029182,20,3,1,7,0
1720420143,26,Catfish,3804723227957841085,22,3,1,14,0
1720420143,13,Sardine,12391609961650671954,19,2,1,15,0
1720420143,40,Anglerfish,1252655454842309335,24,6,4,14,0
1720420143,5,Perch,2358875017989731386,15,1,2,6,0
1720420143,32,Cod,18069942391206291266,17,5,3,20,0
1720420143,4,Perch,16642893692377373707,22,5,2,11,0
1720420143,101,Red Handfish,14860564092239639025,22,10,6,7,5
1720420143,79,Turtle,572955942010485074,23,10,4,11,6
1720420143,112,404 Fish,9800706499289218806,24,4,1,15,3
1720420143,55,Spearfish,15137104518091929317,20,6,2,18,0
1720420143,60,Green Salmon,4583599986962429405,32,6,4,11,6
1720420143,108,Great white shark,12862521985301759146,29,2,3,21,4
1720420143,48,Electric Eel,13234707986112528763,23,5,3,11,5
1720420143,60,Green Salmon,3005971464159441669,24,5,3,14,2
1720420143,55,Spearfish,10429976045993628620,21,1,2,19,0
1720420143,40,Anglerfish,13419404529980565277,23,2,1,15,0
1733031043,3,Tilpia,18429654186486693309,16,1,2,8,0
1733031660,35,Triple Tail,16535737291456622260,30,5,2,7,0
1733031901,46,Eel,5592369276248659595,18,4,1,4,0
1733032097,44,Clownfish,6356221984757795409,20,1,2,4,0
1733032277,44,Clownfish,14967670698699062707,14,5,4,16,0
1733032656,104,Boot,3759055416884114937,19,5,4,16,6
1733032779,109,Cutthroat Trout,5780270331464553817,31,2,3,13,0
1733032902,64,Piranha,4115083507250083647,24,6,4,16,5
1733034052,47,Eel,12452751368922996837,20,5,4,2,3
1733034191,96,Octopus,18255787728131845895,28,5,4,20,2
1733035681,53,Bluegill,17365044092585282149,18,5,1,11,0
1733037884,50,Damsel Fish,13674883836952657999,13,6,3,9,0
1733038154,59,Salmon,1919101246290856917,22,3,2,14,0
1733040618,7,Bass,14396781387911517365,14,6,1,1,0
1733116695,34,Triple Tail,10383905048879487637,17,5,1,15,0
1733117093,1,Tilapia,5603149995733603487,24,3,2,6,0
1733117442,32,Cod,13975311140497591998,22,3,3,15,0
1733117696,19,Trout,3397840985732803299,19,3,1,1,0
1733118385,32,Cod,4276940959366317083,21,4,4,5,0
1733118551,2,Tilapia,5753886649148695772,16,1,1,4,0
1733118683,49,Damsel Fish,8159821689864243263,18,1,1,5,0
1733120267,44,Clownfish,15318181152615363090,15,6,3,8,0
1733120426,69,Grouper,6237108653648315424,16,5,4,2,0
1733120549,81,Starfish,7170538360809812384,24,6,4,9,0
1733122761,71,Angel Fish,3421764221620797512,19,5,2,12,0
1733122975,31,Cod,10778828397156503794,25,5,3,13,4
1733203436,50,Damsel Fish,15805081426024030152,15,1,4,6,0
1733203626,40,Anglerfish,10600984259625472930,19,6,2,17,0
1733203964,77,Turtle,6423509130007015630,23,4,4,15,5
1733204176,99,Jellyfish,2282506269712610047,17,2,3,16,0
1733204326,2,Tilapia,4247753455096678166,15,6,4,1,0
1733204565,39,Snapperfish,4645714880395865639,20,6,1,18,1
1733204789,34,Triple Tail,7347054866226178593,18,5,4,20,7
1733289881,109,Cutthroat Trout,15182443536898227125,29,6,3,5,0
1733290132,49,Damsel Fish,12817458859781277481,15,5,3,2,0
1733290252,50,Damsel Fish,17789342252004096857,17,3,4,15,0
1733290594,4,Perch,17342358459767740867,13,6,4,5,0
1733291038,19,Trout,3213899806727468549,20,3,4,12,0
1733291162,15,Spotfish,9484106653007752992,15,2,2,7,0
1733291338,44,Clownfish,14705997258317486013,20,1,2,16,0
1733291459,44,Clownfish,4559811665251736911,22,1,1,17,0
1733291604,81,Starfish,12787642436329653587,19,6,1,13,0
1733291767,37,Snapper,7472698654404601317,21,1,3,17,0
1733292231,10,Sardine,12505777584838225692,16,5,1,1,0
1733292371,86,Shrimp,17539590542147315847,14,6,4,11,0
1733292993,102,Axolotl,16478355563117364850,21,8,2,11,1
1733293231,74,Mola Mola Fish,12459968651376160371,19,2,4,7,0
1733295376,20,Trout,6577509678846833901,28,6,2,16,7
1733295523,30,Herring,4793705633170291205,15,2,4,9,0
1733299117,88,Shrimp King,17806007597254296236,32,6,6,17,13
1733299238,104,Boot,11195543123314078830,20,3,3,14,0
1733376173,43,Clownfish,14327255285891527984,19,3,2,11,0
1733376801,62,Barracuda,2808351407651897455,16,2,2,9,0
1733376985,15,Spotfish,3358662773312118023,22,6,4,7,4
1733377264,22,Pufferfish,8742115174658295552,19,2,1,3,0
1733377602,33,Cod,16089524020566586441,23,2,4,2,0
1733378029,66,Piranha,6985168168432241897,25,6,3,2,0
1733462634,88,Shrimp King,10636198023249703660,32,9,6,8,17
1733464688,34,Triple Tail,16106982626598786987,20,6,1,14,0
1733465544,76,Mola Mola Fish,16139277306945457401,25,8,5,3,11
1733465786,50,Damsel Fish,18397400222671351318,17,5,1,19,0
1733465974,90,Seahorse,11456299647894303637,18,7,1,9,0
1733466102,55,Spearfish,4289710017375810791,20,6,3,13,1
1733466528,44,Clownfish,7640138365610491737,23,6,1,3,0
1733466751,104,Boot,17920265921280995689,16,2,1,17,0
1733467049,83,Crab,3845918175801802659,19,3,1,7,0
1733467291,34,Triple Tail,4069063514966519791,19,4,3,1,0
1733467653,90,Seahorse,5042269751436595521,29,4,3,15,1
1733634659,21,Trout,5577265666737914380,27,7,3,17,13
1733634942,90,Seahorse,17095875897070472604,32,5,3,2,0
1733635207,48,Electric Eel,10950523645052158389,27,4,2,13,0
1733635806,89,Seahorse,5627866838070742250,24,6,2,15,0
1733635937,47,Eel,12596543197981825924,15,1,1,6,0
1733636074,26,Catfish,9139953509162187085,21,2,1,6,0
1733636318,21,Trout,4669877169336047782,30,2,2,13,0
1733636633,43,Clownfish,4695085629301335274,22,4,3,18,0
1733636918,89,Seahorse,3012436627213652274,13,5,1,15,0
1733637091,32,Cod,13512350819666563624,19,3,4,16,0
1733637274,37,Snapper,5976236882719441775,20,2,1,7,0
1733637397,10,Sardine,1804916731089220432,22,2,3,13,0
1734393765,67,Grouper,3194501528450150176,20,4,2,14,0
1734401788,19,Trout,8650071384984049558,16,6,4,18,0
1734401934,78,Turtle,9981904045912883394,23,6,3,4,0
1734402071,46,Eel,4677628847093339790,17,3,2,9,0
1734402242,55,Spearfish,14490259789569634308,20,6,4,7,0
1734403188,26,Catfish,12314065818986742315,23,4,3,14,1
1734403327,46,Eel,15626617528928744543,18,1,4,8,0
1734403636,47,Eel,4310385384074530640,21,4,4,5,10
1734407140,55,Spearfish,11288462967482951021,19,3,3,19,0
1734407318,17,Spot Fish,12571212417648836035,19,5,1,10,0
1734408729,83,Crab,8802592856310710231,18,3,1,5,0
1734409140,89,Seahorse,2245588949749433371,21,3,3,9,2
1734409448,71,Angel Fish,17872587182411533476,21,4,1,20,0
1734409688,49,Damsel Fish,1253143738504410761,15,6,1,8,2
1734409826,32,Cod,9215622729875648083,19,2,4,3,0
1734410044,81,Starfish,13054773377671962392,19,1,3,20,0
1734480904,80,Starfish,5520733729025573811,18,3,2,4,0
1734483422,3,Tilpia,11196002869946620255,15,3,4,12,0
1734484115,96,Octopus,2012765132506924306,23,3,2,17,0
1734485022,25,Catfish,15519206903851485948,17,5,3,2,0
1734485185,57,Spearfish,15996744989738622037,30,3,1,8,0
1734485328,104,Boot,10382464647905651428,16,5,2,9,0
1734485468,81,Starfish,8545052309374215931,22,1,3,20,0
1734486124,55,Spearfish,17478814220140332305,26,6,1,4,0
1745039813,55,Spearfish,18094245360236541774,15,5,2,3
1745039963,72,Angelfish,14250049714688168535,15,4,1,13
1745040093,102,Axolotl,11536321479531872308,22,4,5,9
1745040780,31,Cod,11504655507078380473,17,6,3,15
1745040958,27,Catfish,1552138593454299716,25,5,1,3
1745041103,19,Trout,16053507232511229736,19,5,1,17
1745041287,61,Barracuda,14110707852334054885,23,1,2,2
1745041495,3,Tilpia,12031315592578818875,19,3,2,11
1745041701,3,Tilpia,10423548646711578897,17,5,1,3
1745042696,69,Grouper,8430257817493897391,20,1,2,3
1745043515,17,Spot Fish,11364741753248769093,22,5,1,12
1745045892,55,Spearfish,2152926679806584178,23,3,3,16
1745046175,62,Barracuda,16622763520966962539,18,1,2,8
1745046548,69,Grouper,10764673176577991207,20,2,3,4
1745046690,30,Herring,17727410883997082426,13,3,2,17
