1723463694,92,Lobster,17404791308685296429,18,6,1,13,0
1723463819,27,Catfish,2206513033493356307,19,6,2,6,1
1723463945,59,Salmon,9463454128036186235,16,2,1,20,0
1723464094,7,Bass,12576811868300692448,18,2,3,5,0
1723464397,37,Snapper,16334697158666564338,18,5,1,16,0
1723464539,13,Sardine,14590702049214921370,18,3,2,17,0
1723464721,47,Eel,17300623192409804289,24,3,4,12,0
1723465166,81,Starfish,3247672376527708804,22,1,1,17,0
1723471624,22,Pufferfish,13939495489136698082,16,1,4,5,0
1723471811,20,Trout,3487954774975618174,32,5,2,20,10
1723471987,38,Snapper,1379625520985796529,17,2,4,16,0
1723472112,7,Bass,6660067184723912549,18,6,2,10,0
1723472238,28,Anchovy,8110864612791241258,18,6,4,9,0
1723472363,34,Triple Tail,5903167360499531427,26,1,2,19,0
1723472489,17,Spot Fish,8823590336244504983,21,4,4,6,0
1723472615,3,Tilpia,6468808886826011815,13,1,4,10,0
1723472741,17,Spot Fish,17298895994360256722,19,5,4,4,0
1723472867,10,Sardine,11634436679522539925,17,4,2,12,0
1723472993,83,Crab,5868352928320571856,18,5,4,5,0
1723474253,74,Mola Mola Fish,13584425803776795527,16,1,4,4,0
