1720420143,104,Boot,15928329660477836955,21,3,2,4,0
1720420143,5,Perch,3664706897012932562,15,1,2,17,0
1720420143,104,Boot,1185269347696073105,15,4,4,5
1720420143,49,Damsel Fish,10642204391391723651,22,3,2,7
1720420143,69,Grouper,11160489250763787011,17,6,1,2
1720420143,104,Boot,3403169248842644189,21,4,1,12
1723474288,25,Catfish,16277991029896041607,18,6,1,11,2
1723474531,30,Herring,11982009393510140198,16,1,2,6,0
1723474654,29,Herring,7018101963764577379,23,5,2,7,0
1723474863,52,Bluegill,6482046972254583228,16,5,2,16,0
1723475002,23,Pufferfish,4583339945578872305,21,2,1,9,0
1723475422,22,Pufferfish,120966020379935996,13,5,2,10,0
1723475547,35,Triple Tail,15364129324873412521,19,7,2,12,0
1723475687,58,Salmon,15771762850823298629,22,1,1,1,0
1723476426,15,Spotfish,16784650167305502188,27,7,3,18,1
1723476937,77,Turtle,13450380958896008677,19,1,4,20,0
1723477083,1,Tilapia,7211594957237923056,20,6,4,17,0
1723477337,61,Barracuda,12642834334080187228,20,2,4,15,0
1723477560,24,Pufferfish,11047704341720986593,31,3,4,2,2
1723477686,90,Seahorse,17527332356645700653,20,4,4,17,0
1723477829,8,Bass,1320750506801454809,14,3,1,7,0
1723478190,44,Clownfish,665853532934159869,17,1,4,11,0
1731024676,32,Cod,7132019449843812449,22,4,3,5,0
1731024801,64,Piranha,4406483918176394856,21,6,4,17,7
1731024950,19,Trout,2013130007703801479,17,1,3,8,0
1731025096,15,Spotfish,14686729812433904538,22,5,3,14,0
1731025355,62,Barracuda,12974051243771366841,20,2,3,16,0
1731025478,52,Bluegill,4013945544814451284,20,4,4,10,3
1731025608,74,Mola Mola Fish,6404312569544028399,17,5,3,19,0
1731025746,60,Green Salmon,6232662180407954905,22,5,4,14,3
1731025882,61,Barracuda,7163317822686191800,13,2,1,17,0
1731026010,62,Barracuda,14169911954899149734,15,6,3,16,0
1731026300,70,Angel Fish,11190033897610212527,19,2,1,2,0
1731026546,5,Perch,7917044072897278156,21,2,4,15,0
1731026671,40,Anglerfish,5450823762459576207,16,4,4,6,0
1731027226,99,Jellyfish,15946236268107286733,16,6,2,14,0
1731027450,31,Cod,16539168333401586681,15,3,2,10,0
1731027645,29,Herring,8450196569335487976,23,3,3,5,0
1731027791,50,Damsel Fish,16852680682755156982,18,1,2,12,0
1731028301,39,Snapperfish,10800589852975211009,22,4,1,13,0
1731028424,25,Catfish,13656297143331850834,16,1,1,2,0
1731028549,49,Damsel Fish,151788323195796933,24,6,1,6,3
1731028676,58,Salmon,16638748055070631023,20,6,2,1,0
1731028866,104,Boot,12678541476297027769,15,4,1,1,0
1731028989,67,Grouper,18220187550213654967,20,3,1,17,0
1731029162,80,Starfish,3321936663680031442,19,2,2,3,0
1731029285,34,Triple Tail,16613113795334448503,21,3,3,10,0
1731029532,28,Anchovy,13802856553289117545,22,6,3,11,0
1731029655,3,Tilpia,7615339695353892456,16,3,1,7,0
1731029779,77,Turtle,7519747548060484623,19,4,2,4,1
1731029902,22,Pufferfish,6653852073357115311,18,5,2,19,0
1731030032,55,Spearfish,14730964435515801558,26,1,1,4,0
1731030220,56,Spearfish,6892281228055506176,24,7,1,8,2
1731030369,72,Angelfish,1644522256493884762,24,5,3,12,4
1731030578,30,Herring,8538036959275613969,20,6,1,2,0
1731030753,13,Sardine,10440137685297515886,23,3,2,3,0
1731030948,91,Golden Seahorse,14214461772448067098,25,8,4,20,24
1731031144,48,Electric Eel,16309091170600701254,22,2,2,16,0
1731031278,32,Cod,2898085781872565463,23,4,1,5,0
1731031438,58,Salmon,7660383129599258991,18,1,2,3,0
1731031665,4,Perch,16964795604620193458,20,1,4,7,0
1731031791,78,Turtle,15388878215543084243,24,3,4,19,0
1731031943,29,Herring,2640378250265432168,19,5,1,9,0
1731032123,2,Tilapia,16159953284870338558,15,4,4,13,0
1731032246,42,Anglerfish,14871078596767252147,20,7,3,8,0
1731032372,27,Catfish,16872246799906065825,29,4,2,14,2
1731032495,12,Sardine,8592063753450353813,19,7,3,19,10
1731032625,11,Sardine,11897561217310109691,21,5,2,10,0
1731033093,34,Triple Tail,2836430737687917988,23,5,2,2,0
1731033232,67,Grouper,13047739114329580139,20,1,1,17,0
1731033991,5,Perch,6521099134089312101,19,1,4,14,1
1731035116,82,Starfish,5775133504663026249,21,7,3,4,0
1731035373,101,Red Handfish,8026296078238636658,26,8,6,16,32
1731035496,4,Perch,13998228599971181899,16,3,1,4,0
1731035896,55,Spearfish,3705770163399645742,14,5,2,5,0
1731604096,35,Triple Tail,11191875292157172153,28,6,3,18,4
1731604222,3,Tilpia,9006117545103133384,21,1,1,11,0
1731604345,14,Sardine,10063364881029149224,16,5,3,10,0
1731604487,32,Cod,2409933657227794190,13,4,2,18,0
1731604615,62,Barracuda,11009904964016139505,21,5,2,15,0
1731604744,47,Eel,1824839319079014611,17,6,3,7,0
1731604942,74,Mola Mola Fish,7135119885465615860,25,5,2,20,0
1731605067,19,Trout,3755182279569158445,13,2,3,12,0
1731605206,55,Spearfish,11300411808077080178,20,2,2,8,0
1731605378,62,Barracuda,8527560502990065959,26,6,3,5,6
1731605511,23,Pufferfish,6533791522426944889,14,3,1,14,0
1731605798,38,Snapper,5049681158499021061,19,5,1,12,0
1731606315,71,Angel Fish,11943632897825897102,14,4,2,5,0
1731606536,64,Piranha,43216866472055719,25,3,4,5,0
1731688209,104,Boot,9195744950673429767,16,3,3,16,0
1731688896,92,Lobster,16493526945636467851,16,4,4,6,0
1731689068,13,Sardine,3260666948292615803,17,6,2,4,1
1731689505,3,Tilpia,13711945838060073283,16,3,3,10,0
