1720420143,29,Herring,13089403542853924760,25,4,4,19
1720420143,15,Spotfish,14725728447311560874,22,6,1,3
1720420143,55,Spearfish,2014687635687516319,17,6,4,13
1720420143,46,Eel,9130799966136514437,18,6,3,1
1720420143,29,Herring,5697171924580779797,15,4,2,13
1720420143,13,Sardine,7575999129706055553,19,6,1,15
1720420143,8,Bass,8935589110276621276,13,2,1,13
1720420143,36,Triple Tail,6463362092562987584,28,3,1,13
1720420143,43,Clownfish,10428647773349688982,23,2,1,14
1720420143,59,Salmon,13579130435433849893,19,6,3,13
1720420143,38,Snapper,10904554044016260867,22,4,4,5
1720420143,43,Clownfish,8070115190222709365,19,2,3,4
1720420143,1,Tilapia,12571144050383916068,18,4,2,5
1720420143,4,Perch,7868929950642568927,17,1,3,18
1720420143,5059,Great white shark,11690754183000950197,25,7,3,4
1720420143,30,Herring,17621888026352667019,22,1,2,9
1720420143,1,Tilapia,12082472367177525518,13,1,3,14
1720420143,53,Bluegill,15111628289116719258,23,4,2,20
1720420143,74,Mola Mola Fish,2066113196156197207,25,5,3,3
1720420143,32,Cod,18424828479446647742,17,3,2,11
1720420143,32,Cod,8604777471717773859,19,4,1,7
1720420143,77,Turtle,15571517624905646673,23,4,3,17
1720420143,28,Anchovy,3184318801685424843,19,5,2,2
1720420143,89,Seahorse,17479092181196215885,20,2,4,12
1720420143,1,Tilapia,15419414494575201238,20,4,2,3
1720420143,53,Bluegill,10367194757816357262,24,6,1,10
1720420143,41,Anglerfish,18062660929746265956,26,7,3,12
1720420143,103,{NULL}fish,17233055246747203747,100,0,0,0
1720420143,77,Turtle,10916799639295320508,23,2,3,18
1720420143,104,Boot,17621310112792267107,19,1,2,10
1720420143,18,Trout,6813560962852156214,22,7,1,21
1720420143,46,Eel,726961396969575937,21,2,2,4
1720420143,29,Herring,2697986500321704704,19,1,3,5
1720420143,40,Anglerfish,11546505123958229964,23,5,1,12
1720420143,71,Angel Fish,1869761579866529531,14,5,2,1
1720420143,104,Boot,13835313657023080346,25,3,3,8
1720420143,14,Sardine,16422398724535038612,22,1,3,12
1720420143,59,Salmon,639545581885025115,19,2,4,2
1720420143,72,Angelfish,8794197227726955754,23,3,4,21
1720420143,95,Octopus,14915095116396980588,28,5,2,18
1720420143,37,Snapper,2701139465100102550,25,2,2,16
1720420143,8,Bass,5940667276305600129,15,2,2,6
1720420143,102,Axolotl,1170653916901209065,26,3,6,14
1720420143,20,Trout,5493216747354644057,28,5,1,10
1720420143,8,Bass,8772618427224890365,18,6,4,18
1720420143,54,Redgill,12540523965165282584,25,3,1,3
1720420143,77,Turtle,16571992765079624690,22,1,4,16
1720420143,93,Blue Lobster,6021094435713911927,21,3,4,21
1720420143,13,Sardine,11531089242238332562,17,6,4,2
1720420143,19,Trout,4751073890641071618,19,1,2,11
1720420143,17,Spot Fish,9279446070514546843,16,6,3,12
1720420143,89,Seahorse,12955438551199644655,21,1,4,2
1720420143,5,Perch,3026375250029244922,15,2,1,19
1720420143,54,Redgill,2211289599665938037,23,5,4,15
1720420143,30,Herring,612616177074852107,22,2,4,2
1720420143,55,Spearfish,3721726271099235346,14,6,2,4
1720420143,5013,Sakhalin sturgeon,1080167733256449701,34,8,6,4
1720420143,75,Mola Mola Fish,8581838217606712072,30,6,4,20
1720420143,79,Turtle,168384006913878124,17,9,3,12
1720420143,48,Electric Eel,2216532728096970145,23,3,4,15
1720420143,25,Catfish,7700717923045946054,19,6,2,9
1720420143,5,Perch,10716509492775519366,24,4,2,17
1720420143,13,Sardine,16866514265216356300,21,4,3,19
1720420143,59,Salmon,10498604257938948377,17,1,4,14
1720420143,48,Electric Eel,6395696445816617169,26,4,3,16
1720420143,44,Clownfish,2810757809609200678,14,3,3,1
1720420143,51,Damsel Fish,7496166029587850005,23,7,2,15
1720420143,69,Grouper,15894753105924887518,21,5,1,20
1720420143,81,Starfish,7220642653851274972,19,6,1,13
1720420143,102,Axolotl,12788306704097624639,19,6,4,9
1720420143,95,Octopus,13927441017584306832,20,6,2,16
1720420143,74,Mola Mola Fish,6045875567280106017,13,2,1,6
1720420143,97,Golden Takoyaki,435548798614343349,43,10,6,6
1720420143,22,Pufferfish,11795704275426017387,22,2,4,12
1720420143,22,Pufferfish,2476537197821848586,18,1,4,8
1720420143,8,Bass,316632315083653547,23,2,2,2
1720420143,84,Crab,10711632619858058884,34,2,2,14
1720420143,74,Mola Mola Fish,12151504754385076394,15,2,1,19
1720420143,24,Pufferfish,16904021636097357805,28,5,1,5
1720420143,5059,Great white shark,6971615660020578974,25,3,3,13
1720420143,40,Anglerfish,6625050493569371513,17,2,4,2
1720420143,35,Triple Tail,7719640269015279419,27,6,1,13
1720420143,31,Cod,1014236516747570568,17,2,4,1
1720420143,28,Anchovy,17461562733388826637,18,1,2,10
1720420143,9,Bass,7878961157241405260,30,5,1,8
1720420143,69,Grouper,18274118285064892021,19,5,4,5
1720420143,65,Piranha,12033880531001214152,15,5,2,5
1720420143,11,Sardine,12385365083388316980,19,5,4,10
1720420143,30,Herring,8427558607801129577,19,4,4,15
1720420143,22,Pufferfish,11971381866299918287,19,6,3,17
1720420143,96,Octopus,8267933916009633782,20,7,2,5,0
1720420143,89,Seahorse,3754604475203788658,21,2,2,20,0
1720420143,76,Mola Mola Fish,13674809807782185505,28,7,6,12,3
1720420143,47,Eel,4098102060359520378,17,5,4,1,0
1720420143,100,Jellyfish,17888754329551272090,31,5,1,14,0
1720420143,74,Mola Mola Fish,1559815327160592715,21,4,3,3,4
1720420143,31,Cod,16891234336796294175,20,1,3,19,0
1720420143,19,Trout,5794585344176190549,19,1,2,3,0
1720420143,28,Anchovy,6539565582673298555,17,5,2,16,0
1720420143,64,Piranha,12144604266678211533,22,5,4,17,0
1720420143,67,Grouper,8452738656799701348,13,6,2,16,0
1720420143,72,Angelfish,652095304452319472,32,4,2,4,0
1720420143,53,Bluegill,6742947481827974691,24,6,2,4,0
1720420143,15,Spotfish,13327757369976834376,33,7,2,17,19
1720420143,99,Jellyfish,11333826742267943211,22,5,4,5,0
1720420143,5013,Sakhalin sturgeon,16462883741297701278,37,10,6,20,18
1720420143,100,Jellyfish,4446991932825711425,32,4,2,8,2
1720420143,67,Grouper,16942659292322624577,16,2,3,13,0
1732312737,74,Mola Mola Fish,3469342640436329845,19,4,4,18,0
1732312994,52,Bluegill,10972271869173389715,14,2,1,6,0
1732313492,65,Piranha,12356818071230344038,17,5,1,19,0
1732313742,44,Clownfish,6634613498266567062,24,4,4,11,0
1732313933,61,Barracuda,14718356699109727779,24,5,2,8,4
1732314082,82,Starfish,15523847074632905501,23,4,3,9,0
1732314321,55,Spearfish,6679497602975332997,22,4,2,14,0
1732314720,68,Grouper,4414000549801004257,19,6,3,11,1
1732315003,3,Tilpia,12979067347603218089,15,5,1,6,0
1732315196,36,Triple Tail,8482963602042700141,24,6,3,20,11
1732315415,72,Angelfish,13196995488301519776,21,7,3,11,0
1732315863,2,Tilapia,9037166416077343252,23,6,4,4,0
1732316117,12,Sardine,4607825953297046577,26,4,3,2,0
1732316744,25,Catfish,3940246480800341170,21,1,3,8,0
1732317157,24,Pufferfish,9935489433287758912,23,6,1,9,6
1732317860,34,Triple Tail,18339211125735100203,13,6,2,4,0
1732318031,60,Green Salmon,16702635678013516989,30,6,3,10,0
