1720420143,5,Perch,7379827332283199676,22,2,4,11
1720420143,5029,{NULL}fish,13333984610546756907,100,0,0,0
1720420143,55,Spearfish,7541111735202386873,19,5,1,2
1720420143,19,Trout,13782415909704654936,17,1,3,6
1720420143,5067,Pop-eyed goldfish,14662708172812611548,13,4,4,14
1720420143,69,Grouper,12945374411215493140,17,1,1,19
1720420143,37,Snapper,7804479633075771527,19,3,2,8
1720420143,89,Seahorse,4684655110583574256,22,1,1,13
1720420143,4,Perch,11701516370477674776,14,5,2,3
1720420143,37,Snapper,9259083485975553743,22,3,3,9
1720420143,29,Herring,14043071950559422963,16,2,4,13
1720420143,55,Spearfish,18033082930125820272,18,6,2,8
1720420143,3,Tilpia,1147492261316019559,15,3,1,11
1720420143,4,Perch,13269435439402420811,18,2,2,1
1720420143,13,Sardine,2891988262688142369,20,6,3,16
1720420143,46,Eel,9673846774840003224,23,1,3,6
1720420143,5029,{NULL}fish,10205204966058660962,100,0,0,0
1720420143,87,Shrimp,4252174433916887821,17,5,2,21
1720420143,13,Sardine,105579613666922910,25,3,3,15
1720420143,63,Barracuda,18034661146510966877,23,3,3,7
1720420143,11,Sardine,11539958305190808747,20,4,3,8
1720420143,54,Redgill,13997388095742194351,24,5,2,10
1720420143,31,Cod,1246983953300782861,13,1,2,2
1720420143,32,Cod,8266495312743232223,16,2,2,17
1720420143,31,Cod,785540696705433423,23,6,1,18
1720420143,62,Barracuda,11377826040664217072,20,2,3,11
1720420143,7,Bass,10391405864563514978,22,2,1,18
1720420143,69,Grouper,8294469939618162134,15,1,1,3
1720420143,47,Eel,4981511055394762579,18,4,1,17
1720420143,90,Seahorse,6262493160557891659,23,6,4,10
1720420143,5059,Great white shark,2201606318519854128,25,5,2,8
1720420143,46,Eel,10338310945665244377,24,2,2,4
1720420143,25,Catfish,11257425111750212969,15,1,2,3
1720420143,19,Trout,12202636512213265887,19,5,2,15
1720420143,8,Bass,8028040433308658590,14,6,1,13
1720420143,26,Catfish,7634714549716796149,24,4,3,16
1720420143,82,Starfish,10536997678098916237,21,6,1,9
1720420143,62,Barracuda,13670802734778493150,13,4,3,5
1720420143,13,Sardine,3947550332281341372,16,6,4,4
1720420143,29,Herring,1836599333193593965,26,4,3,18
1720420143,16,Trout,15927010965929129621,18,2,1,11
1720420143,74,Mola Mola Fish,16635880921037505800,21,1,2,7
1720420143,39,Snapperfish,17953866136287927222,29,7,4,19
1720420143,65,Piranha,9067106136184653686,21,2,3,10
1720420143,33,Cod,7768609016311434755,27,7,4,6
1720420143,51,Damsel Fish,9807960787992490416,22,4,2,13
1720420143,31,Cod,1164806986892075722,21,3,3,18
1720420143,25,Catfish,10839656711522087297,18,4,4,1
1720420143,75,Mola Mola Fish,3882736023817571100,26,6,1,18
1720420143,89,Seahorse,12889464944759565196,18,4,1,8
1720420143,18,Trout,12917794758772400596,26,5,4,5
1720420143,17,Spot Fish,5216587877480573158,16,5,3,7
1720420143,48,Electric Eel,8367058712771516193,25,2,1,17
1720420143,30,Herring,6428714438565807671,15,1,3,16
1720420143,22,Pufferfish,18150671227949590655,26,6,2,17
1720420143,77,Turtle,13115139356072701721,17,1,3,6
1720420143,18,Trout,11720384733937995154,18,7,3,10
1720420143,31,Cod,4433745490060442936,19,3,1,13
1720420143,100,Jellyfish,10472149052302070571,21,5,3,17
1720420143,23,Pufferfish,5186246842118006471,21,4,2,13
1720420143,60,Green Salmon,5390094986987374174,28,3,2,3
1720420143,14,Sardine,1915229529829909788,15,1,3,7
1720420143,13,Sardine,10036216533894207469,20,5,4,2
1720420143,32,Cod,15563951236017381043,24,3,4,6
1720420143,77,Turtle,726438049386933940,23,1,3,2
1720420143,40,Anglerfish,14524864618007830048,13,3,3,1
1720420143,31,Cod,8957892486435741919,15,1,1,13
1720420143,20,Trout,3867483229308452488,20,2,4,10
1720420143,50,Damsel Fish,7164199729543090394,22,4,3,10
1720420143,10,Sardine,124777142648871947,21,6,4,9
1720420143,16,Trout,3708834665423665770,19,3,2,15
1720420143,14,Sardine,16221433381568651393,21,3,1,15
1720420143,48,Electric Eel,12365730506309620167,23,3,1,21
1720420143,11,Sardine,15331829088123937626,26,4,2,6
1720420143,4,Perch,16444687015697520526,19,3,4,13
1720420143,71,Angel Fish,3669990405038274424,14,1,1,4
1720420143,11,Sardine,10650406755900576156,19,4,1,20
1720420143,48,Electric Eel,5950559216966398251,21,2,1,5
1720420143,7,Bass,14833014573056861707,14,2,4,15
1720420143,34,Triple Tail,18066818213944147765,13,4,1,9
1720420143,62,Barracuda,8402464304203474150,22,4,3,4
1720420143,38,Snapper,11601073923955291848,14,2,2,11
1720420143,19,Trout,218151698667844535,25,6,4,11
1720420143,14,Sardine,9063091800956895605,18,3,1,19
1720420143,78,Turtle,16414960586165373250,26,6,2,9
1720420143,1,Tilapia,15615628625465667178,23,6,1,15
1720420143,1,Tilapia,3432968518540241547,15,4,3,9
1720420143,69,Grouper,6766503270573150167,14,2,4,13
1720420143,81,Starfish,4178546296084834965,17,5,3,11
1720420143,59,Salmon,1944139782346874548,22,4,4,12
1720420143,50,Damsel Fish,8125829220793117133,16,1,4,7
1720420143,43,Clownfish,9724212956982528380,14,3,2,2
1720420143,1,Tilapia,6998013471042530355,17,5,1,14
1720420143,72,Angelfish,7640167409430738904,23,6,1,5
1720420143,28,Anchovy,5758420329541310925,23,1,2,12
1720420143,63,Barracuda,5000758719423284504,23,6,4,21
1720420143,7,Bass,3734543714606595980,19,3,4,10
1720420143,34,Triple Tail,137803507579896969,15,3,1,16
1720420143,14,Sardine,16239434024141355060,24,4,3,9
1720420143,77,Turtle,2623543934752364603,25,5,3,11
1720420143,83,Crab,2784896666660018148,14,4,3,4,0
1720420143,99,Jellyfish,9094738976882240672,24,2,1,17,0
1720420143,5026,GamerPieJess fish,9096743916049668121,22,7,4,14,1
1720420143,83,Crab,2454650881290708693,14,1,2,10,0
1720420143,64,Piranha,11027139827616644773,14,1,2,20,0
1720420143,69,Grouper,10530712654186138442,18,2,4,4,0
1720420143,40,Anglerfish,15185207772661278876,19,4,1,12,0
1720420143,70,Angel Fish,5719255185805351768,24,4,3,3,2
1720420143,53,Bluegill,9309427096042439644,22,2,4,18,3
1720420143,25,Catfish,15738602344970313621,20,5,2,13,0
1720420143,3,Tilpia,17704804849829932413,18,2,1,4,0
1720420143,31,Cod,7195424366374166939,15,1,2,17,0
1720420143,99,Jellyfish,10804311150369897446,17,4,1,11,0
1720420143,22,Pufferfish,6050833450490918003,13,3,1,15,0
1720420143,89,Seahorse,18074344975751779219,12,5,1,2,0
1722575345,2,Tilapia,6762478537625932747,16,4,2,2,0
1722575632,32,Cod,1068879668784484654,22,4,3,14,0
1722575819,69,Grouper,476635192892517930,25,5,3,13,0
1722575940,37,Snapper,6467578280738178126,24,5,2,15,0
1722576279,67,Grouper,13999313524952494550,14,3,2,19,0
1722576399,23,Pufferfish,14200638797534878535,13,2,3,13,0
1722576519,86,Shrimp,17416009326352124306,23,5,3,4,5
1722576639,90,Seahorse,10729782577921752124,20,6,3,5,0
1722576759,51,Damsel Fish,13467236827781623278,24,6,3,16,5
1722576879,32,Cod,6169086552875176479,17,3,1,17,0
1722576999,23,Pufferfish,12252655029552925627,18,1,3,13,0
1722577119,29,Herring,3553233420435175336,22,1,3,2,0
1722577239,64,Piranha,10182711399489880268,14,1,3,10,0
1722577359,32,Cod,2666275814079820517,24,1,3,19,0
1722577480,48,Electric Eel,2030536695162737733,21,7,4,18,2
1722577608,62,Barracuda,8167402720355231556,15,2,4,10,0
1722577729,7,Bass,6268692228986288063,17,3,1,11,0
1722577850,28,Anchovy,3924961765438288415,21,4,3,1,0
1722577971,37,Snapper,1990388560068425548,26,6,3,10,2
1722578092,57,Spearfish,15259045269578068357,15,7,3,5,4
1722578213,24,Pufferfish,4954195899305061049,27,2,3,10,0
1722578334,13,Sardine,15486877402422640099,18,2,1,9,0
1722578455,34,Triple Tail,15202296600830239528,14,5,2,11,0
1722578576,59,Salmon,12692924697283807401,23,3,4,5,0
1722578697,75,Mola Mola Fish,14520698394995329763,23,2,4,9,0
1722578818,5027,Cutthroat Trout,14571207609894967124,24,6,2,11,0
1722578939,55,Spearfish,7483009727258285328,13,6,1,17,0
1722579060,49,Damsel Fish,4398258063805596870,21,1,4,7,0
1722579181,5,Perch,1692957512249409552,15,6,2,11,0
1722579302,14,Sardine,13638833530708289892,18,2,2,7,0
1722579423,63,Barracuda,17947480864006054041,22,3,1,17,0
1722579544,55,Spearfish,8128999440739000524,22,1,3,17,0
1722579665,31,Cod,12475125880506480742,15,4,3,10,0
1722579786,5049,Axolotl,5459321233050305976,27,9,2,19,0
1722579907,62,Barracuda,13532491057777159501,15,5,2,6,0
1722580028,1,Tilapia,12563424466583656506,15,6,1,1,0
1722580149,44,Clownfish,9644306217185091286,21,1,4,15,0
1722580270,26,Catfish,13246861010922465278,29,5,1,4,0
1722580391,67,Grouper,5379205299332296313,25,1,3,12,0
1722580513,59,Salmon,12172508552755297527,19,6,2,8,0
1722580633,35,Triple Tail,14490912115018987836,33,5,3,14,0
1722580754,17,Spot Fish,10833525133388266803,20,4,4,3,0
1722580875,99,Jellyfish,1748709611053469552,21,1,2,18,0
1722580996,90,Seahorse,5864220105730033288,29,4,1,21,0
1722581117,5,Perch,11441204203755419420,19,5,1,15,0
1722581238,44,Clownfish,11405284584656407995,22,1,3,17,0
1722581359,19,Trout,7301576185389364974,24,4,2,14,0
1722581480,26,Catfish,4383974583539567453,26,6,4,16,10
1722581601,24,Pufferfish,13660108545838311022,23,3,1,5,0
1722581722,65,Piranha,7286188908628500590,21,1,2,6,0
1722581844,34,Triple Tail,5516510444048138444,17,5,1,17,0
1722581965,3,Tilpia,3311551646645947285,20,5,3,18,0
1722582085,30,Herring,17761840641760081300,19,4,2,6,0
1722582206,62,Barracuda,8097378562985421884,20,5,2,20,1
1722582328,86,Shrimp,13169173743891813196,24,3,1,6,0
1722582448,34,Triple Tail,15468676835855572114,24,1,1,20,0
1722582570,5059,Great white shark,2079907455030437560,20,5,3,13,0
1722582691,13,Sardine,10741009082530580488,19,1,3,11,0
1722582812,90,Seahorse,1830059271627555879,24,6,4,17,13
1722582933,44,Clownfish,8676292910987753705,15,1,4,15,0
1722583054,89,Seahorse,2316362879797304905,17,6,1,11,0
1722583175,13,Sardine,13549771744109924568,19,3,2,2,0
1722583296,71,Angel Fish,5259045371519665657,20,2,4,12,0
1722583417,89,Seahorse,2621171657497737610,15,3,4,13,0
1722583538,50,Damsel Fish,9658655575705101063,16,2,4,12,0
1722583659,5059,Great white shark,9452689915624825776,29,3,4,10,0
1722583780,96,Octopus,14448491132871385399,26,7,3,6,0
1722583901,96,Octopus,11645604331269866804,25,10,4,14,10
1722584022,38,Snapper,4292729632759850779,22,4,2,2,0
1722584143,19,Trout,4617564539434340041,19,3,4,19,0
1722584264,54,Redgill,8606534177610659967,24,3,2,11,0
1722584385,55,Spearfish,15693779808010369132,20,5,2,8,0
1722584506,20,Trout,2844122332225220876,20,4,3,11,0
1722584627,19,Trout,13937087467490224157,17,4,3,5,0
1722584748,62,Barracuda,74895302241262192,19,6,2,1,0
1722584869,6,Perch,3132404968254022290,27,7,1,18,23
1722584990,74,Mola Mola Fish,494603133227872849,16,1,4,11,0
1722585111,5031,Boot,11631852610820510409,20,3,3,11,0
1722585232,83,Crab,8311634381958797471,22,2,1,8,0
1722585353,70,Angel Fish,15361651436456817846,20,1,1,7,0
1722585474,77,Turtle,3050123492842486904,22,1,1,5,0
1722585595,26,Catfish,6502491147295493591,27,4,4,10,0
1722585716,59,Salmon,15339502661246049393,20,4,2,10,0
1722585837,67,Grouper,4489208365789495139,18,6,3,10,0
1722585958,10,Sardine,9551076936407742621,19,5,3,15,0
1722662064,70,Angel Fish,12880483053128542882,21,3,3,6,0
1722662186,44,Clownfish,16522637801358093066,19,6,1,16,0
1722662307,53,Bluegill,15151451259738141538,18,4,3,14,0
1722662429,61,Barracuda,17917245460573721883,19,1,2,1,0
1722662550,55,Spearfish,7149979599798302505,14,1,3,15,0
1722662670,81,Starfish,799240683417846171,19,3,1,1,0
1722662792,70,Angel Fish,1914034340246298736,23,6,3,13,0
1722662913,74,Mola Mola Fish,9677053779726718234,14,2,3,1,0
1722663034,59,Salmon,12278290201620370994,20,5,2,18,0
1722663155,99,Jellyfish,15051855073442925698,25,6,3,20,18
1722663276,31,Cod,9363361902419656530,16,2,1,16,0
1722663397,64,Piranha,3060435625488176497,21,5,1,6,0
1722663518,59,Salmon,14486756910588406927,19,4,1,5,0
1722663639,38,Snapper,13502112151957783119,19,3,4,19,0
1722663760,22,Pufferfish,7553205151936884556,21,3,2,11,0
1722663881,5031,Boot,7647787077206720971,19,4,2,2,0
1722664002,59,Salmon,9700423142224000168,22,2,2,3,0
1722664123,53,Bluegill,5115247059512591476,16,5,4,7,0
1722664244,17,Spot Fish,5636587223951709276,24,2,2,4,0
1722664365,63,Barracuda,15497649208605411655,27,3,4,10,0
1722664486,38,Snapper,17175069918788258365,15,1,4,6,0
1722664607,67,Grouper,8197151704623017886,17,2,1,7,0
1722664728,84,Crab,15916218503035232602,22,4,2,10,0
1722664849,52,Bluegill,8337946029770590723,26,1,3,20,0
1722664970,31,Cod,1973616597934829698,22,6,3,20,0
1722665091,16,Trout,9695493572418507147,19,1,1,8,0
1722665212,13,Sardine,17515362352853486129,15,3,3,9,0
1722665333,32,Cod,8519030404838144349,21,6,4,14,6
1722665454,32,Cod,17460829828271725639,18,1,4,6,0
1722665575,17,Spot Fish,6019020478361114874,23,3,1,13,0
1722665696,29,Herring,1821407972267850072,19,4,3,19,0
1722665817,77,Turtle,7913487997752922790,16,3,2,1,0
1722665938,58,Salmon,251528285490243437,20,5,3,17,0
1722666059,49,Damsel Fish,8287547014237856605,17,6,4,16,4
1722666180,69,Grouper,5569141052993914449,14,6,3,4,0
1722666301,59,Salmon,16936048704196627696,13,1,1,16,0
1722666422,67,Grouper,5021853810625254882,22,1,4,1,0
1722666543,16,Trout,12622474594966053729,25,5,3,3,0
1722666664,28,Anchovy,1953933763532708749,13,1,3,11,0
1722666785,65,Piranha,4352856927755556486,18,6,1,2,0
1722666906,81,Starfish,9869487967684421135,20,6,4,19,6
1722667027,19,Trout,9205141136964323314,16,6,4,1,0
1722667148,22,Pufferfish,17458157864020737289,18,4,4,17,0
1722667269,5027,Cutthroat Trout,23778089199771802,19,7,3,7,0
1722667390,67,Grouper,17853776416175238772,21,6,1,12,0
1722667511,86,Shrimp,4873490658130215765,23,4,2,19,0
1722667632,34,Triple Tail,14940158240153471918,25,4,3,4,0
1722667753,28,Anchovy,14791436674331052564,20,3,4,1,0
1722667874,13,Sardine,17956389008660900705,17,3,4,10,0
1722667995,77,Turtle,15212972625818327999,19,1,4,6,0
1722668116,65,Piranha,12175863582318013817,24,1,2,3,0
1722668237,61,Barracuda,2406723729493296275,18,3,4,15,0
1722668358,5031,Boot,15682890157606585763,21,1,1,5,0
1722668479,11,Sardine,5690152537892527428,17,2,4,18,0
1722668600,32,Cod,2496862287978763989,18,1,1,7,0
1722668721,29,Herring,10156545544178220923,18,1,4,1,0
1722668842,1,Tilapia,9567738614806201473,16,1,2,18,0
1722668963,11,Sardine,14588215638200658011,15,2,1,19,0
1722669084,22,Pufferfish,16690277896729173371,24,5,4,1,0
1722669205,67,Grouper,4985875504133359937,18,3,1,10,0
1722669326,58,Salmon,2390606131789256288,18,6,3,9,0
1722669447,1,Tilapia,5315754300783456472,20,6,3,1,0
1722669568,14,Sardine,2555091556875089446,15,4,4,2,0
1722669689,99,Jellyfish,6754478044682774746,17,5,3,3,0
1722669810,24,Pufferfish,600785140027142108,24,2,3,5,0
1722669931,83,Crab,15802629543502105089,19,2,3,4,3
1722670052,93,Blue Lobster,17478720080141693900,16,2,2,18,0
1722670173,80,Starfish,9715539527163665875,19,1,4,8,0
1722670294,86,Shrimp,2409466680916729406,14,2,2,2,0
1722670415,5059,Great white shark,1894100916995917971,30,7,2,21,9
1722670536,47,Eel,1803927553636421512,19,2,2,20,0
1722670657,44,Clownfish,6894801865871276549,13,6,2,16,0
1722670778,13,Sardine,6366526047413071504,16,4,3,11,0
1722670899,83,Crab,1329007607862540079,21,5,3,9,4
1722671020,31,Cod,10755862133930760277,23,4,3,17,2
1722671141,44,Clownfish,12597899749375423196,21,4,4,20,5
1722671262,86,Shrimp,4335681958506732291,19,3,2,3,0
1722671383,94,Lobster,15652893927261279969,20,6,3,3,9
1722671504,77,Turtle,14366672062209696348,19,5,1,18,0
1722671625,64,Piranha,3475758466679931616,18,4,1,10,0
1722671746,58,Salmon,16382731501252550561,19,2,1,17,0
1722671867,16,Trout,6605077421571177768,20,3,3,17,3
1722671988,23,Pufferfish,14893609707076037366,15,5,3,17,2
1722672109,38,Snapper,286192345964225295,18,4,1,16,0
1722672230,31,Cod,1024592870572200561,18,6,1,4,0
1722672351,58,Salmon,6857946416398304953,15,6,3,20,11
1722672473,86,Shrimp,8109245346665600926,19,2,2,14,0
1722672594,59,Salmon,7547048486447599939,18,4,2,19,0
1722672714,14,Sardine,5509809749375520246,20,5,1,15,0
1722672835,17,Spot Fish,3349517760635274040,21,4,1,10,0
1722672957,99,Jellyfish,1908916425716257095,18,4,2,7,0
1722673078,11,Sardine,11704457717835682553,15,6,4,11,5
1722673199,64,Piranha,15276335448627192622,21,5,2,2,0
1722673320,58,Salmon,16347249766647185452,15,4,2,17,0
1722673441,49,Damsel Fish,18108849190870322433,24,1,1,19,0
1722673562,43,Clownfish,2154299554619820067,23,6,2,5,0
1722673683,62,Barracuda,2694072369958056085,18,3,4,2,0
1722673804,2,Tilapia,4735557991735608488,21,6,1,14,7
1722673925,92,Lobster,1505100747704293242,16,5,2,10,0
1722674046,49,Damsel Fish,1985687347830221668,15,5,1,17,0
1722674167,76,Mola Mola Fish,9634091919859859655,29,6,4,14,11
1722674288,13,Sardine,2737249634834227068,18,2,2,5,0
1722674409,10,Sardine,18100134918733653792,13,2,3,11,0
1722674530,16,Trout,6361997628257537829,18,5,1,12,0
1722674651,37,Snapper,7128817175222903143,20,3,4,7,0
1722674772,2,Tilapia,13275300588187288921,22,4,3,7,0
1722674893,45,Clownfish,872736922663145856,24,6,4,19,8
1722675014,29,Herring,17298459111354218671,16,4,2,13,0
1722675135,29,Herring,7225164889115033071,17,1,1,2,0
1722675256,40,Anglerfish,10024172226125791044,18,5,2,13,0
1722675377,77,Turtle,16233020389145363989,24,6,4,6,4
1722675498,70,Angel Fish,6836894959321451443,16,4,4,1,0
1722675619,54,Redgill,14561217318949081188,24,6,2,10,9
1722675740,23,Pufferfish,17091458523216537391,24,3,3,15,0
1722675861,62,Barracuda,829427607890942027,15,3,4,16,0
1722675982,58,Salmon,17264410059062484692,17,4,2,9,0
1722676103,32,Cod,3843358373025014553,16,5,4,15,1
1722676224,37,Snapper,4124543503583799181,19,5,2,18,0
1722676345,61,Barracuda,14012088042193240354,21,1,3,12,1
1722676466,70,Angel Fish,2630956206181586467,18,1,4,3,0
1722676587,90,Seahorse,14295691698233617575,26,5,4,17,16
1722676708,8,Bass,12536185902732929403,21,2,3,18,0
1722676829,46,Eel,14440742444544212513,25,2,2,14,0
1722762992,59,Salmon,12636803700842400731,16,6,2,19,3
1722763115,64,Piranha,18420798135183057279,19,6,4,15,11
1722763236,46,Eel,18410914104189426457,20,3,1,7,0
1722763357,3,Tilpia,641594363683551219,23,1,4,7,0
1722763478,62,Barracuda,7563494386127097666,21,1,4,16,0
1722763599,61,Barracuda,9525212676356067879,18,4,2,11,1
1722763720,13,Sardine,16614459809954716162,13,4,3,8,0
1722763841,6,Perch,14789253887074048205,18,5,4,18,0
1722763962,2,Tilapia,5294736715741809116,21,3,2,19,0
1722764083,15,Spotfish,15195401667098125022,28,4,4,11,0
1722764204,2,Tilapia,14853492775801250628,18,4,2,12,0
1722764325,49,Damsel Fish,175822796921256195,18,6,4,17,4
1722764446,99,Jellyfish,12273274886279948416,19,4,1,1,1
1722764567,80,Starfish,8296331564581970327,19,5,1,9,0
1722764688,47,Eel,4728430536875757241,19,4,4,1,1
1722764809,47,Eel,15502223294805504493,14,6,1,16,0
1722764930,16,Trout,4896932710491865966,19,2,4,16,0
1722765051,29,Herring,2435449398302969725,24,6,4,15,6
1722765172,49,Damsel Fish,9538571174648711276,22,5,4,3,0
1722765293,44,Clownfish,379892037941293049,15,6,3,6,0
1722765414,40,Anglerfish,9198166319355394144,24,5,4,7,0
1722765535,38,Snapper,10905449337263155749,22,6,2,19,0
1722765656,11,Sardine,14690431174279222059,23,5,4,11,0
1722765777,30,Herring,4379598724336430860,20,2,3,1,0
1722765898,74,Mola Mola Fish,12497461641148686183,23,6,4,12,15
1722766019,5031,Boot,7309226596512349149,18,2,2,4,0
1722766140,25,Catfish,904890497323254395,23,4,1,15,0
1722766261,65,Piranha,2305166406123436343,17,6,3,15,0
1722766382,83,Crab,2730978426791586739,24,5,1,15,0
1722766503,99,Jellyfish,18390677429648338707,18,4,1,5,0
1722766624,19,Trout,3397372769454720355,25,5,3,9,7
1722766745,49,Damsel Fish,5506449718128133386,14,2,1,6,0
1722766866,16,Trout,1199349362690633427,12,5,2,16,0
1722766987,32,Cod,7924426027022075455,16,3,4,7,0
1722767108,31,Cod,18128900317737894635,23,3,3,6,0
1722767229,16,Trout,15058216236456376738,19,2,1,10,0
1722767350,28,Anchovy,8527104118290765725,24,6,2,20,3
1722767471,83,Crab,1420493098954036978,23,1,3,2,0
1722767592,59,Salmon,11830161667582818221,17,6,4,12,3
1722767713,47,Eel,6616038373087567887,16,3,4,18,1
1722767834,26,Catfish,7603027182965715911,29,6,1,9,6
1722767955,2,Tilapia,3656466706433749471,22,5,1,19,0
1722768076,32,Cod,5220228370369094281,15,5,1,5,0
1722768197,55,Spearfish,6884773657334747749,21,5,3,20,0
1722768318,7,Bass,7507330673724130738,17,4,4,9,0
1722768439,17,Spot Fish,6713106012365472873,20,1,2,11,0
1722768560,65,Piranha,2416222656101979978,21,2,1,12,0
1722768681,26,Catfish,5271583516395197829,19,3,3,21,0
1722768802,67,Grouper,575135742238762217,18,5,1,3,0
1722768923,47,Eel,12944342240590901553,20,4,1,3,0
1722769044,5031,Boot,2809850985420801655,17,3,1,14,0
1722769165,38,Snapper,13069354723941309794,14,3,1,10,0
1722769286,41,Anglerfish,6605867576134734952,30,6,1,19,6
1722769407,86,Shrimp,18099404806096481370,16,5,2,6,0
1722769528,31,Cod,4859085210907524865,18,3,1,12,0
1722769649,64,Piranha,10780605799746596949,19,2,3,3,0
1722769770,34,Triple Tail,15731850338178845768,17,1,3,17,0
1722769891,14,Sardine,10083852893355892475,18,4,2,18,0
1722770012,61,Barracuda,18158955271503923434,21,3,4,14,0
1722770133,5031,Boot,14067491075425657091,18,1,3,11,0
1722770254,23,Pufferfish,5453247725426537329,19,3,3,8,0
1722770375,71,Angel Fish,1695967201328316150,16,2,3,15,0
1722770496,13,Sardine,6261933161606828557,18,5,3,20,3
1722770617,17,Spot Fish,12359805799300671796,21,3,1,1,0
1722770738,20,Trout,2992075143379820109,20,7,1,10,7
1722770859,61,Barracuda,16478957554817630211,17,2,1,20,0
1722770980,13,Sardine,10517287350201740362,26,5,2,6,1
1722771101,31,Cod,6709891762098600026,15,4,4,6,0
1722771222,16,Trout,10066817534085328325,26,2,4,10,0
1722771343,11,Sardine,13894862998582268149,19,1,1,6,0
1722771464,37,Snapper,559896806585718425,16,3,3,6,0
1722771585,48,Electric Eel,14779681113029883111,31,6,4,10,13
1722771706,31,Cod,10436048860599152524,18,5,3,6,0
1722771827,82,Starfish,16356916002182853112,25,4,3,8,0
1722771948,3,Tilpia,8450772131638339142,21,5,3,20,0
1722772069,8,Bass,5749973205728020738,15,5,1,15,0
1722772190,13,Sardine,4033028920767697035,12,6,2,8,0
1722772311,56,Spearfish,14610870594944460885,27,3,2,3,0
1722772432,71,Angel Fish,5313294490268404784,22,4,4,10,0
1722772553,5,Perch,10265365336831436896,24,5,2,19,0
1722772674,27,Catfish,2583689031046903929,24,4,1,14,0
1722772795,20,Trout,11897047495366438171,26,7,4,17,7
1722772916,2,Tilapia,10391703026822590854,19,5,1,12,0
1722773037,18,Trout,6889339776636003682,26,3,3,17,0
1722773158,48,Electric Eel,4643529436922226046,15,6,2,17,0
1722773279,19,Trout,4378101890900629175,22,4,4,20,0
1722773400,57,Spearfish,13184459345918596034,34,5,3,3,9
1722773521,74,Mola Mola Fish,17686677919330017859,19,4,3,4,0
1722773642,4,Perch,975157400900740159,17,1,4,12,0
1722773763,46,Eel,6278846539420994168,25,1,4,2,0
1722773884,40,Anglerfish,15465851045490100130,22,1,4,19,0
1722774005,73,Rainbow Trout,16945224567919135834,33,5,6,23,11
1722774126,2,Tilapia,5007500943267944241,18,5,3,13,0
1722774247,5031,Boot,16572731561715356687,20,6,1,19,0
1722774368,55,Spearfish,1800461025020121545,20,1,2,18,0
1722774489,3,Tilpia,13442600648936719157,18,5,1,14,0
1722774610,77,Turtle,5153329346677037759,26,6,3,13,1
1722774731,63,Barracuda,11864809870211068180,21,5,1,11,0
1722774852,79,Turtle,9536400199316736567,30,5,5,4,15
1722774973,11,Sardine,2537020285156656421,24,6,1,13,0
1722775094,22,Pufferfish,14632210139722208954,26,5,1,2,0
1722775215,54,Redgill,17677455695136997138,22,7,4,2,0
1722775336,47,Eel,1054803638744950998,20,1,3,5,0
1722775457,69,Grouper,2235259459798667402,18,1,1,12,0
1722775578,58,Salmon,3430232361276819848,21,4,3,13,3
1722775699,52,Bluegill,12384902147781546658,25,1,2,6,0
1722775820,11,Sardine,17099678408965431383,22,4,3,17,7
1722775941,19,Trout,15631098302309451893,21,4,2,7,0
1722776062,67,Grouper,13412592138769777282,15,6,1,4,0
1722776183,5031,Boot,7154033130604624700,23,6,4,14,0
1722776304,58,Salmon,18076824741254684332,18,2,1,11,0
1722776425,59,Salmon,4246204077068219714,24,2,1,10,0
1722776546,50,Damsel Fish,15992620719722712497,18,2,3,3,0
1722776667,99,Jellyfish,7977220976197401731,26,2,1,7,0
1722776788,20,Trout,3935853309014058756,19,7,4,19,11
1722776909,61,Barracuda,15150438391372211117,14,5,3,14,0
1722777030,83,Crab,11426701602221311090,24,3,2,6,0
1722777151,13,Sardine,3057237158166793431,15,5,4,11,0
1722777272,58,Salmon,2625548922404845510,21,4,2,12,0
1722777393,99,Jellyfish,1700715122050827651,20,6,4,1,0
1722777514,37,Snapper,1699412681936926267,19,5,1,17,0
1722777635,22,Pufferfish,4929677584585896871,24,2,2,7,0
1722777756,32,Cod,1346659263401082276,24,5,1,16,3
1722777877,16,Trout,13265208806633397801,23,6,1,15,0
1722777998,17,Spot Fish,3951558980664021276,20,6,3,9,4
1722778119,89,Seahorse,5373968694697913373,24,2,4,14,0
1722778240,62,Barracuda,14647819661837385953,17,3,4,7,0
1722778361,37,Snapper,8424309154691391637,16,5,4,1,0
1722778482,17,Spot Fish,7185102439067710382,12,1,1,10,0
1722778603,47,Eel,5730289414174229968,19,1,1,18,0
1722778724,80,Starfish,15900171919006127931,20,5,1,17,2
1722778845,5031,Boot,1531557854041797486,17,4,3,8,0
1723276752,5,Perch,18386754860459679943,12,4,4,2,0
1723276890,13,Sardine,1384878245721241265,20,2,1,18,0
1723279372,69,Grouper,3891618184640723960,26,1,2,15,0
1723279507,26,Catfish,5795023309450023647,20,4,3,14,3
1723280350,13,Sardine,9547482686644122820,21,1,4,13,0
1723280475,14,Sardine,2612712343722670937,21,2,4,1,0
1723280895,99,Jellyfish,16518786049560736145,16,2,3,11,0
1723281019,46,Eel,13441912960534349344,23,5,2,3,0
1723281140,99,Jellyfish,17811467360635670540,20,5,4,12,11
1723281261,52,Bluegill,15154749088600969291,19,3,1,14,0
1723281382,72,Angelfish,5471347438170922323,31,2,3,10,0
1723281503,1,Tilapia,17195163458135766370,16,4,1,12,0
1723281624,92,Lobster,14185901193996798111,21,5,3,8,4
1723281745,81,Starfish,7235177432195138432,15,5,2,6,0
1723281866,70,Angel Fish,324534572253390862,20,1,2,6,0
1723281987,61,Barracuda,10445335567091121370,18,6,3,17,4
1723282108,53,Bluegill,17126823320721970771,21,2,2,5,0
1723282229,3,Tilpia,17243345777973600593,19,3,2,18,0
1723282350,100,Jellyfish,5116854599413246502,17,7,2,12,0
1723282471,29,Herring,14306995176276753351,21,3,4,11,0
1723282592,92,Lobster,4713768232769021463,18,6,4,14,3
1723282713,38,Snapper,9582798263972967243,22,6,3,7,5
1723282834,23,Pufferfish,7933181614293899148,24,4,3,19,0
1723282955,11,Sardine,4441717939322171462,12,3,3,6,0
1723283076,91,Golden Seahorse,277382541510085359,25,3,4,13,5
1723283197,70,Angel Fish,3403827562994027421,15,2,2,10,0
1723283318,32,Cod,1097148947313787234,17,4,2,11,0
1723283439,69,Grouper,13922531116508449091,22,5,4,5,1
1723283560,17,Spot Fish,6486341313488673552,22,6,2,20,5
1723283681,81,Starfish,16760762158172659756,16,1,4,6,0
1723283802,61,Barracuda,6105773085410541811,18,4,3,3,0
1723283923,14,Sardine,9694707904558617091,20,5,3,11,0
1723284044,70,Angel Fish,4059519829193931515,21,4,3,12,0
1723284165,46,Eel,7997486297207935663,19,4,2,15,0
1723284286,64,Piranha,13794411799481913815,25,4,4,8,0
1723284407,31,Cod,5121054355508384301,17,5,1,18,0
1723284528,37,Snapper,15034265266303338737,18,4,3,9,1
1723284649,5031,Boot,7905383811876196831,20,2,1,19,0
1723284770,10,Sardine,4579865080939858023,18,4,3,8,0
1723284891,3,Tilpia,17461928574025708099,25,2,1,17,0
1723285012,29,Herring,13898201738882772486,23,4,2,17,6
1723285133,77,Turtle,14068676203647696707,16,1,3,11,0
1723285254,44,Clownfish,16351779217639571552,16,3,4,7,0
1723285375,46,Eel,12061009304386401379,16,2,4,3,0
1723285496,29,Herring,1717549833128085399,17,1,4,2,0
1723285617,62,Barracuda,15768957851044481957,23,6,1,6,0
1723285738,38,Snapper,628814912583615054,20,3,4,15,0
1723285859,83,Crab,7816066039759902622,20,6,3,9,2
1723285980,29,Herring,5982066241107163202,26,4,4,20,2
1723286101,72,Angelfish,16533420692119330591,26,3,4,8,1
1723286222,62,Barracuda,15037716091948663260,19,6,3,15,0
1723286343,22,Pufferfish,18061220044215967475,20,2,4,9,0
1723286464,7,Bass,972470212681153157,24,4,3,8,0
1723286585,14,Sardine,4130778170041608444,15,6,4,18,1
1723286706,31,Cod,1337316541678338935,26,5,3,3,3
1723286827,17,Spot Fish,342707155379787173,20,1,1,18,0
1723286948,29,Herring,3057869468272370309,18,1,1,13,0
1723287069,16,Trout,12132153926778170742,21,2,2,8,0
1723287190,61,Barracuda,10592542952871535607,17,1,4,19,0
