1720420143,32,Cod,8705516376060658602,18,6,4,14
1720420143,11,Sardine,8018236999296508182,19,6,4,2
1720420143,53,Bluegill,2683316475913478663,22,6,3,16
1720420143,7,Bass,3384105332466182138,25,6,4,15
1720420143,13,Sardine,3456973688498408670,16,4,2,5
1720420143,1,Tilapia,3391518036685927070,21,6,3,8,0
1720420143,23,Pufferfish,15147495308254011229,23,6,2,17,0
1720420143,7,Bass,14033312783417748541,25,6,4,14,0
1720420143,59,Salmon,8249659958013794805,22,2,4,5,0
1720420143,61,Barracuda,12426823136045388403,20,5,1,12,1
1720420143,7,Bass,983700031889535894,24,4,2,10,1
1720420143,99,Jellyfish,5959625913800012786,23,3,2,19,0
1720420143,89,Seahorse,3982330512601678171,18,6,4,16,4
1720420143,33,Cod,14431703097140104131,20,5,4,9,0
1720420143,65,Piranha,1822025968885082625,21,5,3,13,0
1720420143,22,Pufferfish,18399823750997181509,25,1,1,14,0
1720420143,43,Clownfish,11038014915024031157,17,3,2,1,0
1720420143,25,Catfish,3417612047003954950,21,5,2,1,0
1720420143,61,Barracuda,209855408842187907,16,3,1,5,0
1723377461,49,Damsel Fish,16875712791310791508,20,4,2,20,3
1723377773,38,Snapper,10134332435045057023,19,3,3,19,2
1723377905,67,Grouper,18041850663449268981,22,1,1,7,0
1723378024,24,Pufferfish,5318188533688003168,29,5,4,10,9
1723378164,4,Perch,4796328120801178437,17,2,1,15,0
1723378332,16,Trout,7918386527649689019,20,5,3,16,0
1723378464,61,Barracuda,5213447520798107924,15,6,3,18,3
1723378586,13,Sardine,1004354233746949848,18,1,2,17,0
1723378739,58,Salmon,10352931397053954940,26,3,2,15,0
1723378883,62,Barracuda,14753947532599756087,14,5,4,10,0
1723379006,38,Snapper,6764378776568506695,20,3,4,7,0
1723379140,2,Tilapia,9591912544661569223,18,2,2,14,0
1723379285,78,Turtle,15031918249829385953,33,2,3,15,0
1723379407,5031,Boot,13108757787361688643,14,5,2,9,0
1723379551,7,Bass,3284242988660135945,25,5,2,19,1
1723379684,22,Pufferfish,2631306485735805748,19,3,3,20,1
1723379868,13,Sardine,17210255954281004023,14,4,2,5,0
1723380005,49,Damsel Fish,17428953493763518222,16,3,4,1,0
1723380127,1,Tilapia,4043736743430750628,19,3,1,13,0
