1720420143,89,Seahorse,15344108764644191329,19,3,3,8
1723273046,47,Eel,136626587603981770,20,2,3,6,0
1723273280,15,Spotfish,5831073484355540096,20,3,3,5,0
1723273432,74,Mola Mola Fish,8366616985511995137,26,4,1,16,2
1723274243,14,Sardine,7170167947357946310,15,6,3,7,0
1723274520,22,Pufferfish,14760719700721402579,17,2,2,15,0
1723274641,67,Grouper,14733158894597278686,18,1,3,7,0
1723275225,74,Mola Mola Fish,9802541568130805102,23,6,3,11,0
1723275529,47,Eel,11746188826544181253,26,6,1,2,0
1723276282,10,Sardine,12851059334979788561,26,2,3,1,0
1723276437,48,Electric Eel,4425594526352341950,21,2,3,5,0
1723276560,100,Jellyfish,14724135645782936224,27,3,1,7,1
1723276685,29,Herring,12800474995659102824,16,1,3,2,0
1723276989,5,Perch,15087547933855450641,17,6,3,12,0
1723277115,55,Spearfish,8078160860292244283,21,5,1,16,0
1723277409,53,Bluegill,285482468002664355,20,3,2,5,0
1723277660,25,Catfish,12810252754286965289,15,6,2,6,0
1723277841,89,Seahorse,1964568075925590327,20,5,4,9,5
1723278023,37,Snapper,1316375589173278581,17,3,3,12,0
1723278163,2,Tilapia,4591138377037171260,26,1,3,12,1
1723278348,21,Trout,12530801682319342091,30,5,1,8,8
1723279142,81,Starfish,6215034473169764000,20,1,2,7,0
1723279296,13,Sardine,3481122776221677589,22,1,2,10,0
1723279486,2,Tilapia,9606057996103691345,26,3,3,12,1
1723279731,5059,Great white shark,14728115347269393796,15,7,1,16,0
1723279858,82,Starfish,3762837770941765016,20,6,1,5,0
1723280087,3,Tilpia,2003283257836045791,20,3,2,2,0
1723280217,16,Trout,16078256382042857483,21,1,1,3,0
1723280407,63,Barracuda,18214117212126283708,25,3,2,17,5
1723280616,87,Shrimp,14902008496440673229,19,2,2,7,0
1723280776,30,Herring,12177577123026699782,16,2,3,9,0
1723361307,46,Eel,14272794287847079822,16,6,2,16,7
1723361553,56,Spearfish,8578405049035479602,27,6,3,17,6
1723362184,35,Triple Tail,3414109042369349236,25,5,2,15,0
1723362629,40,Anglerfish,11628301168829055447,23,1,2,8,0
1723363984,29,Herring,12995865399398031983,21,4,3,4,0
1723364289,3,Tilpia,10406614280889417587,22,1,3,14,0
1723364830,5,Perch,4962016050556617049,25,3,1,4,0
1723365527,80,Starfish,11695394386539931466,19,5,3,12,0
1723366187,7,Bass,15704307056171150195,15,3,4,14,0
1723366598,44,Clownfish,9196371656084652824,15,6,4,19,6
1723366743,49,Damsel Fish,8236657546420977302,17,6,4,16,0
1723367388,5059,Great white shark,8800125439665462876,19,4,2,14,0
1723367538,58,Salmon,7448453539450452001,21,6,4,15,14
1723471926,57,Spearfish,14358292380303414518,24,7,1,12,15
1723472241,30,Herring,260882754085961629,22,4,4,2,0
1723472411,1,Tilapia,1599002988546958409,19,2,2,18,0
1723472723,13,Sardine,8232733213018007927,14,2,1,16,0
1723473207,67,Grouper,10235525497074126357,21,1,2,20,0
1723473443,80,Starfish,4314390440294828384,17,2,3,8,0
1723473592,59,Salmon,1805746973729070682,23,3,1,7,0
1723473748,89,Seahorse,15262846431366197384,17,3,1,3,0
1723473978,5,Perch,855756961785612001,19,2,1,1,0
1723474193,5031,Boot,16850634575615118051,18,6,2,16,1
1723474497,25,Catfish,11160939590942631917,26,5,3,18,2
1723474961,29,Herring,6415830416514012896,20,4,3,6,0
1723475166,65,Piranha,6572909870449514145,22,3,4,14,0
1723478110,11,Sardine,4388328599398649431,17,6,2,11,2
1723478506,55,Spearfish,6914409479764347132,19,5,3,3,0
1723478726,94,Lobster,1522447847196938376,16,2,2,21,0
1723479491,80,Starfish,11244134455727520219,15,6,3,8,0
