1720420143,20,Trout,10585520862711314521,29,6,4,5
1720420143,43,Clownfish,362253874643777047,22,2,4,15
1720420143,10,Sardine,146217226564905241,17,1,3,13
1720420143,19,Trout,4397560794124183357,13,4,2,14
1720420143,72,Angelfish,6066041856313481684,28,2,1,19
1720420143,14,Sardine,3748482824103080917,20,4,1,19
1720420143,34,Triple Tail,6105631693612560101,18,5,3,11
1720420143,8,Bass,3990733610763802749,16,5,3,4
1720420143,32,Cod,16500819905134123797,23,5,2,20
1720420143,77,Turtle,13475957115665337421,14,6,3,10
