1720420143,49,Damsel Fish,14003351581758938780,21,2,2,16
1720420143,60,Green Salmon,11272888086423922616,24,6,1,12
1720420143,13,Sardine,6340223421269695578,15,6,1,12
1720420143,21,Trout,4719566375808903862,22,2,2,4
1720420143,64,Piranha,2093495485248464364,18,1,2,2,0
1720420143,100,Jellyfish,2003485708414917882,23,5,3,10,0
1720420143,83,Crab,15988588426944230217,18,4,1,1,0
1720420143,59,Salmon,3481737623263336811,16,3,4,7,0
1720420143,5,Perch,447170819428922288,16,3,4,11,0
1720420143,16,Trout,823031749167290071,19,2,1,16
1720420143,66,Piranha,5882448378218790582,28,5,4,10
1720420143,53,Bluegill,13629660802594571334,20,3,2,17
1720420143,29,Herring,10974297004152563938,26,2,1,3
