1720420143,1,Tilapia,8019487497622339002,18,3,1,4
1745040133,77,Turtle,12288397198498929121,16,3,3,9
1745040271,71,Angel Fish,9367495537052528001,21,2,1,11
1745040461,13,Sardine,418048747455940869,20,6,4,11
1745040582,16,Trout,293009793259902722,22,5,1,20
1745040799,40,Anglerfish,6848199476735589530,16,4,2,19
1745040939,31,Cod,14996781050223741738,12,5,3,4
1745041740,83,Crab,2731966922764972886,22,4,1,14
1745041965,22,Pufferfish,12723697827526579760,17,6,4,1
1745042662,47,Eel,8235660127243971232,16,6,3,11
1745042892,104,Boot,13236591607445580718,20,4,1,20
1745043480,5,Perch,5854848266602502541,24,5,2,13
1745044258,68,Grouper,3619659382717632766,21,4,1,16
1745044380,81,Starfish,6622597475182702222,19,2,2,14
1745044635,87,Shrimp,14659121805294008494,26,5,4,12
1745044782,64,Piranha,15442102493961458628,19,2,2,20
1745044953,28,Anchovy,8494504960514014607,23,3,3,4
1745045231,74,Mola Mola Fish,7424145005073164878,19,4,3,1
1745045359,61,Barracuda,2849188915611883331,23,6,4,9
1745046009,59,Salmon,7097021430575946031,18,4,4,10
1745046214,10,Sardine,16054008571499440836,22,1,2,5
1745046419,58,Salmon,3278622723572894272,20,5,3,17
1745046575,23,Pufferfish,14836822110621209513,15,3,2,9
1745047034,16,Trout,5267433842484960465,15,1,3,13
