1720420143,44,Clownfish,754353265884648793,14,3,3,10
1720420143,1,Tilapia,4297855076569635978,25,3,3,5
1720420143,71,Angel Fish,15288067626710473325,20,2,4,13
1720420143,23,Pufferfish,8693628510752643273,13,3,2,20
1720420143,28,Anchovy,433670476595417794,21,4,1,2
1720420143,62,Barracuda,2905022055631316535,21,5,3,10
1720420143,23,Pufferfish,8310634792443656268,22,3,3,15
1720420143,7,Bass,9730052981776456402,16,5,1,12
1720420143,13,Sardine,891667053371457360,18,1,1,17
1720420143,23,Pufferfish,2970876806301236997,14,5,4,16
1720420143,24,Pufferfish,12006871272697346225,21,3,2,2
1720420143,32,Cod,9312425113841335545,19,2,4,11
1720420143,34,Triple Tail,8873285092506790992,16,5,3,2
1720420143,11,Sardine,3320611832693473667,25,5,3,17
1720420143,38,Snapper,12986892818035043368,21,1,2,18
1720420143,60,Green Salmon,8002161011827841295,22,5,1,7
1720420143,14,Sardine,9474853077084498260,21,5,1,2
1720420143,50,Damsel Fish,7085708584759464099,13,4,3,7
1720420143,50,Damsel Fish,12814993448734928980,21,2,3,17
1720420143,28,Anchovy,5680137939416490865,15,2,3,20
1720420143,24,Pufferfish,4572396451987494111,20,5,3,15
1720420143,71,Angel Fish,4094376719817500200,20,1,3,1
1720420143,53,Bluegill,4875332562871061830,20,5,2,12
1720420143,76,Mola Mola Fish,364625173918797924,32,8,4,16
1720420143,25,Catfish,5879345108142213325,23,1,3,1
1720420143,34,Triple Tail,16249750397511664717,18,1,1,17
1720420143,34,Triple Tail,2397674997387978223,18,4,1,8
1720420143,47,Eel,2285690674188604227,20,2,3,9
1720420143,77,Turtle,10171945554647853299,22,5,1,10
1720420143,51,Damsel Fish,1752433234253786966,27,5,4,21
1720420143,11,Sardine,9123312327807489524,18,2,1,10
1720420143,23,Pufferfish,16412108804153527391,17,5,2,19
1720420143,16,Trout,2447985256054952369,18,3,2,15
1720420143,30,Herring,18411313747479280796,20,6,2,7
1720420143,79,Turtle,11292137343050299623,26,4,6,22
1720420143,44,Clownfish,13064554390067617776,23,4,2,9
1720420143,57,Spearfish,2624696277072540380,27,2,2,7
1720420143,32,Cod,13393693958325385648,12,1,3,1
1720420143,7,Bass,10053478169288355756,14,4,2,10
1720420143,100,Jellyfish,14201279991001251028,32,3,2,15
1720420143,2,Tilapia,2331070203102243528,15,1,1,8
1720420143,16,Trout,17494205270729225989,18,6,1,4
1720420143,14,Sardine,17323583246116569230,19,5,4,17
1720420143,32,Cod,15747169602681876677,23,1,1,15
1720420143,16,Trout,1353163104421582051,16,4,1,19
1720420143,44,Clownfish,12566856178943216845,19,2,1,12
1720420143,1,Tilapia,11639191949598456104,16,6,1,6
1720420143,50,Damsel Fish,9594749846003280812,22,4,4,6
1720420143,22,Pufferfish,14524627369126310950,14,2,3,10
1720420143,48,Electric Eel,8633957644561965402,21,6,3,4
1720420143,44,Clownfish,14348308141991550683,19,3,3,9
1720420143,41,Anglerfish,8584311784903193490,28,6,4,14
1720420143,8,Bass,1945823387213368213,17,4,3,1
1720420143,7,Bass,16716196540824432359,18,6,1,4
1720420143,69,Grouper,5256592653905081107,19,5,3,5
1720420143,62,Barracuda,4563501557069402098,14,1,4,14
1720420143,28,Anchovy,4671267024911005565,20,1,3,1
1720420143,41,Anglerfish,9401705235536813885,29,2,4,7
1720420143,74,Mola Mola Fish,6896976180238981080,19,3,4,13
1720420143,41,Anglerfish,1198924282347562442,17,5,3,7
