1720420143,32,Cod,10607594554381555655,22,5,4,11
1720420143,40,Anglerfish,5215262889788840974,21,3,2,12
1720420143,20,Trout,1339553421884863402,28,5,1,20
1720420143,37,Snapper,12124131497401368947,17,5,3,1
1720420143,22,Pufferfish,905191464631925215,19,5,2,2
1720420143,25,Catfish,13312989625746660110,15,4,3,16
1720420143,11,Sardine,18146809017798401884,20,2,3,2
1720420143,47,Eel,12432369846064837945,16,2,2,18
1720420143,81,Starfish,7210673908410505759,21,5,3,19
1720420143,59,Salmon,6246602506913906710,22,3,3,12
1720420143,53,Bluegill,3865402238861336611,15,2,3,17
1720420143,28,Anchovy,8583335400388676974,18,4,1,9
1720420143,90,Seahorse,2243823675670226262,26,7,2,6
1720420143,23,Pufferfish,8740505019653599697,19,1,4,16
1720420143,38,Snapper,8400377767672603087,16,5,1,2
1720420143,81,Starfish,4711122400843896292,15,4,2,1,0
1720420143,2,Tilapia,14802725968507730810,18,2,4,1,0
1720420143,48,Electric Eel,11560386955008503666,22,6,1,19,0
1720420143,99,Jellyfish,10055287738249954740,19,4,4,17,0
1720420143,16,Trout,16314961871822071349,24,3,2,16,0
1720420143,84,Crab,10362405734810534047,22,3,4,3,0
1720420143,53,Bluegill,14760342116288267465,17,5,3,18,5
1720420143,92,Lobster,4543182470136241381,18,6,4,9,0
1723275006,5029,{NULL}fish,9063448438051217205,100,0,0,0,0
