1720420143,72,Angelfish,17889755485811200190,26,4,3,21
1720420143,5029,{NULL}fish,13817052239028019525,100,0,0,0
1720420143,14,Sardine,4763478813390556110,22,1,1,1
1720420143,7,Bass,8854041122803309991,21,3,4,20
1720420143,14,Sardine,11279842988479089210,19,5,1,11
1720420143,16,Trout,10074409726831585449,24,6,2,2
1720420143,3,Tilpia,4228740157963609364,17,1,4,16
1720420143,71,Angel Fish,2426263554042692615,18,2,4,4
1720420143,78,Turtle,15121373081008106148,26,5,4,8
1720420143,13,Sardine,1972537047875951688,20,2,2,8
1720420143,10,Sardine,2144655493134811022,19,2,2,2
1720420143,29,Herring,11464206579074920619,12,5,1,8
1720420143,4,Perch,8232395064358661243,21,2,3,10
1720420143,47,Eel,2409334432462746231,17,6,2,1
1720420143,27,Catfish,5932964363035798362,20,3,2,8
1720420143,45,Clownfish,12008565169293494416,32,6,3,21
1720420143,72,Angelfish,3648251645813792882,29,7,2,20
1720420143,11,Sardine,7022381046971917862,16,4,1,13
1720420143,15,Spotfish,10966550359352652174,21,4,1,17
1720420143,17,Spot Fish,15255735364520581882,14,3,2,14
1720420143,59,Salmon,11248590817968820033,24,3,3,19
1720420143,17,Spot Fish,15527173866066602439,19,3,2,3
1720420143,78,Turtle,1342656541541578449,33,6,1,13
1720420143,32,Cod,10356413917526255603,15,3,2,16
1720420143,28,Anchovy,17019950751757047554,18,1,3,17
1720420143,71,Angel Fish,11850052215935770208,18,1,3,4
1720420143,8,Bass,8133446189117666331,20,3,4,10
1720420143,16,Trout,220752674815913563,18,5,2,11
1720420143,15,Spotfish,3917528101917977383,21,6,2,8
1720420143,28,Anchovy,6938886370247586888,19,4,2,12
1720420143,16,Trout,18366696372881706985,17,3,3,12
1720420143,38,Snapper,14746749009912816024,19,1,3,3
1720420143,51,Damsel Fish,1794012993103320368,26,5,3,3
1720420143,57,Spearfish,13503450283719266050,24,6,1,4
1720420143,28,Anchovy,7522303783329356585,25,5,4,4
1720420143,32,Cod,1599642976006736824,24,2,3,14
1720420143,5067,Pop-eyed goldfish,1323212054289576617,28,6,3,13
1720420143,17,Spot Fish,3002131073859524275,15,4,2,15
1720420143,37,Snapper,13504311232674023962,22,4,2,18
1720420143,40,Anglerfish,8211871983033094244,17,6,3,12
1720420143,53,Bluegill,9916202132479930628,17,5,2,14
1720420143,50,Damsel Fish,17294570250450514582,16,5,1,18
1720420143,4,Perch,1388711661175687491,22,1,3,3
1720420143,53,Bluegill,7712873598951650606,22,6,4,9
1720420143,16,Trout,16163405893825618104,24,1,3,1
1720420143,4,Perch,16840908110621836915,26,2,3,15
1720420143,38,Snapper,18127037295895507800,18,1,4,18
1720420143,69,Grouper,11520414952788455506,23,2,3,4
1720420143,3,Tilpia,8971808000898575671,19,4,4,13
1720420143,7,Bass,14319310103423776636,21,4,2,14
1720420143,32,Cod,4949479632153197104,19,5,4,20
1720420143,5,Perch,1357576882539675279,22,4,2,2
1720420143,55,Spearfish,5843652883963197109,18,2,1,7
1720420143,81,Starfish,18082100747692569221,13,3,4,19
1720420143,40,Anglerfish,15186532585590534639,16,1,1,10
1720420143,69,Grouper,14913357088599298441,21,3,2,20
1720420143,15,Spotfish,5713772421674764982,15,4,4,21
1720420143,17,Spot Fish,2094291990732323429,18,1,2,14
1720420143,38,Snapper,4338289507819545972,23,1,1,12
1720420143,25,Catfish,6566066748466629464,21,2,3,1
1720420143,21,Trout,5356434467800373413,22,7,4,13
1720420143,31,Cod,8994714022783977181,19,4,4,8
1720420143,40,Anglerfish,15036126083854557944,18,2,2,10
1720420143,10,Sardine,17963286147664735568,22,5,2,1
1720420143,68,Grouper,16592362858561862794,27,6,2,10
1720420143,74,Mola Mola Fish,15787644811708755339,17,4,3,15
1720420143,74,Mola Mola Fish,18415620782105217606,18,4,3,20
1720420143,17,Spot Fish,16930191537022896646,16,1,1,7
1720420143,22,Pufferfish,11183987649167983804,15,2,1,5
1720420143,69,Grouper,13858833058085765675,19,3,2,14
1720420143,22,Pufferfish,1419475292079304646,23,4,1,12
1720420143,34,Triple Tail,15586558514638292981,12,2,1,17
1720420143,44,Clownfish,5305308935363992494,25,4,3,17
1720420143,79,Turtle,12112770786398510540,34,6,1,21
1720420143,62,Barracuda,9087364328076365258,16,4,1,15
1720420143,51,Damsel Fish,10498699233411989488,26,7,1,13
1720420143,21,Trout,8544172480896959856,28,2,4,10,0
1720420143,47,Eel,9528022972168188870,21,2,4,11,0
1720420143,77,Turtle,16074324927891630195,19,6,3,10,3
1720420143,5013,Sakhalin sturgeon,8266018914233892792,25,11,6,16,19
1720420143,12,Sardine,17594167244511167297,17,5,2,16,0
1720420143,62,Barracuda,2537998757816370440,23,1,4,14,0
1720420143,32,Cod,5497311273303677192,16,6,3,10,0
1720420143,47,Eel,16839129520285698630,19,1,3,13,0
1720420143,70,Angel Fish,913666378776325056,21,5,2,13,0
1720420143,65,Piranha,5950455658229590887,19,4,3,12,0
1720420143,22,Pufferfish,18118275744578136584,16,3,1,19,0
1720420143,64,Piranha,13536710282227521912,18,3,2,16,0
1720420143,83,Crab,268458633012945639,18,3,4,14,0
1720420143,53,Bluegill,14335771929658981539,19,4,3,17,0
1720420143,5059,Great white shark,3907448910625590818,25,4,1,5,0
1720420143,11,Sardine,1718480139947035305,21,4,4,12,0
