1720420143,37,Snapper,18333207421753546387,13,1,1,12
1720420143,23,Pufferfish,16809367474585060779,17,6,4,11
1720420143,11,Sardine,7763547599941450139,17,6,1,9
1720420143,46,Eel,9061935816106389914,22,2,4,1
1720420143,81,Starfish,16633539075609685665,25,4,4,19
1720420143,62,Barracuda,15372543827898717739,17,1,3,19
1720420143,30,Herring,12348336937219281816,19,3,3,8
1720420143,28,Anchovy,16170251188322849602,19,3,1,7
1720420143,59,Salmon,360961416946976462,19,3,1,6
1720420143,37,Snapper,7170361757807082205,18,6,1,13
1720420143,16,Trout,5935567587590283781,25,4,2,16
1720420143,3,Tilpia,11996888562193646543,23,5,4,11
1720420143,1,Tilapia,8399688953857692721,21,3,2,1
1720420143,37,Snapper,14265202452989011673,15,4,1,18
1720420143,30,Herring,17559670109301958304,16,1,2,18
1720420143,28,Anchovy,14142195505022756469,12,4,1,5
1720420143,32,Cod,5822986566125104032,23,1,1,1
1720420143,32,Cod,10628670770579954795,14,6,4,17
1720420143,23,Pufferfish,16335572476501776126,24,3,4,2
1720420143,104,Boot,17605419395967159141,18,5,4,19,1
1720420143,83,Crab,12272780656529919611,20,1,4,20,0
1720420143,10,Sardine,17081387129473573823,20,1,4,7,0
1720420143,13,Sardine,17760666052872828891,16,6,4,14,5
1720420143,64,Piranha,11568030659588338120,20,5,4,13,1
1720420143,31,Cod,6623884851279127320,14,6,2,16,0
1720420143,30,Herring,10366055591397091383,20,5,2,7,0
1720420143,59,Salmon,8113496749132560603,20,1,3,20,0
1720420143,10,Sardine,7982220587626744361,17,1,2,13,0
1720420143,89,Seahorse,12009372667470602874,19,5,1,4,0
1720420143,83,Crab,4976051776324058070,20,2,3,6,0
1720420143,64,Piranha,2378829644848583662,17,5,1,1,0
1720420143,65,Piranha,10454598479235436573,25,4,1,1,0
