1720420143,81,Starfish,1640191994881835101,23,5,4,14
1720420143,19,Trout,2224952703312624898,18,5,2,15
1720420143,5,Perch,16274246522622418953,12,6,2,4
1720420143,37,Snapper,8090607711874717049,21,1,2,18
1720420143,95,Octopus,4444217758812021034,25,7,3,11
1720420143,30,Herring,4679371870747333018,26,1,1,1
1720420143,50,Damsel Fish,2964618930658618620,19,2,4,7
1720420143,37,Snapper,9677664389102489027,20,5,2,1
1720420143,25,Catfish,5309676596224434932,15,4,2,19
1720420143,84,Crab,12461574410914294352,30,4,3,3
1720420143,7,Bass,2950191430653938212,21,2,4,2
1720420143,34,Triple Tail,9776063660807939406,21,5,4,17
1720420143,18,Trout,16916763946843780421,24,6,3,4
1720420143,76,Mola Mola Fish,7382724900388548682,25,9,4,20
1720420143,39,Snapperfish,6409566907961946230,27,7,2,6
1720420143,81,Starfish,18106860397425153722,22,3,2,15
1720420143,5,Perch,15113490847847668364,13,1,2,13
1720420143,50,Damsel Fish,5631777337492756144,15,6,3,2
1720420143,55,Spearfish,3544076695016725913,19,6,1,8
1720420143,69,Grouper,5277081739624466075,13,1,1,2
1720420143,50,Damsel Fish,16012344906746758505,14,3,4,12
1720420143,74,Mola Mola Fish,15198553568923465015,19,2,2,6
1720420143,59,Salmon,16313498451360860572,19,1,4,12
1720420143,105,GamerPieJess fish,4255740308985290484,26,3,2,6
1720420143,56,Spearfish,713972693812745759,16,4,2,21
1720420143,79,Turtle,5833617827331858109,18,5,1,9
1720420143,44,Clownfish,8398024920619356422,21,4,3,18
1720420143,1,Tilapia,17076260132551081771,23,1,2,12
1720420143,104,Boot,3699064018275982041,26,2,3,13
1720420143,59,Salmon,17134074856575826404,12,6,3,14
1720420143,75,Mola Mola Fish,2453156680918754059,20,3,2,5
1720420143,7,Bass,2388609289494504830,20,5,2,5,0
1720420143,91,Golden Seahorse,13918310883595462429,21,10,5,8,5
