1734657586,31,Cod,9298654529698464995,14,4,2,1,0
1734665906,22,Pufferfish,8717530009654065109,12,4,4,6,0
1734666028,8,Bass,14881026420991646853,20,5,4,7,0
1734666211,92,Lobster,5014244194869734049,17,3,4,15,0
1734666332,11,Sardine,6592405715363734111,16,2,1,10,0
1734666521,99,Jellyfish,217727146116949230,16,1,1,5,0
1734666931,59,Salmon,15339249306405474783,17,3,4,1,0
1734667060,7,Bass,12124006757810110693,13,2,1,20,0
1734667511,83,Crab,8027728481349267571,14,6,2,3,1
1734667636,23,Pufferfish,15032233999581316324,16,6,2,7,0
1734668326,104,Boot,11315148119515292434,17,2,1,19,0
1734668829,65,Piranha,4907624029962244361,14,1,1,8,0
1734668982,47,Eel,10379135502120305877,23,6,1,19,0
1734669315,14,Sardine,12469836829260097110,19,4,1,10,0
1734669509,71,Angel Fish,7145872258148637021,21,3,1,10,0
1734669816,1,Tilapia,6399637033263992663,22,5,4,13,0
1734670243,5067,Pop-eyed goldfish,11341616408318730906,26,3,2,4,0
1734670613,99,Jellyfish,6444909751211688677,20,4,4,16,0
1734670842,50,Damsel Fish,4580722068569825120,22,4,3,10,1
1734671921,16,Trout,5361694713479029523,26,5,2,14,0
1734672046,49,Damsel Fish,14643483021594449590,18,5,2,5,0
1734672166,3,Tilpia,2878020278707185058,14,1,3,9,0
1734675337,47,Eel,7076994564301587327,17,2,2,5,0
