1720420143,7,Bass,6354795571311171911,17,5,3,11
1720420143,53,Bluegill,7086627040571323046,23,6,4,2
1720420143,5067,Pop-eyed goldfish,5855033661916754479,19,5,2,2
1720420143,8,Bass,2875971663530686075,15,3,2,5
1720420143,1,Tilapia,5911411404221607220,20,5,2,4
1720420143,37,Snapper,2639136598211841842,19,5,3,2
1720420143,5010,Blahaj,6513702292429951846,35,7,6,19
1720420143,19,Trout,6461305985613064917,14,3,3,14
1720420143,25,Catfish,14749321284576179991,21,2,3,5
1720420143,53,Bluegill,4545103142818144682,18,4,3,4
1720420143,22,Pufferfish,9078997559463770061,22,1,3,12
1720420143,45,Clownfish,12927287151903317763,33,6,2,5
1720420143,22,Pufferfish,880114966801086270,16,6,4,11
1720420143,53,Bluegill,16045735237631182776,18,6,2,14
1720420143,12,Sardine,15093640168022545549,17,7,3,6
1720420143,40,Anglerfish,17048815599431611454,20,1,2,11
1720420143,23,Pufferfish,13177771340766405992,16,2,2,19
1720420143,39,Snapperfish,7249367342806479256,31,7,3,19
1720420143,29,Herring,6428565363293597150,20,5,1,15
1720420143,100,Jellyfish,5350804852670406493,30,6,3,2
1720420143,5059,Great white shark,7467851817352291442,19,6,2,18
1720420143,24,Pufferfish,1886478676052704455,20,4,3,13
1720420143,69,Grouper,14203851249131555390,18,4,1,10
1720420143,103,{NULL}fish,10809290009183689173,100,0,0,0
1720420143,71,Angel Fish,10813670680971898542,17,1,1,11
1720420143,1,Tilapia,6436500313120955788,14,2,1,9
1720420143,44,Clownfish,11499065926268153068,25,1,1,11
