17,Spot Fish,8683817520726128998,19,1,3,10
38,Snapper,14900045292969270412,18,6,3,15
13,Sardine,6834352854348848456,24,6,2,3
59,Salmon,14208906188684403430,16,1,3,7
90,Seahorse,3886723673659758863,31,3,2,3
17,Spot Fish,864569813095388885,20,3,2,10
1,Tilapia,8287046200756791045,15,6,3,3
23,Pufferfish,2068501655868549865,14,2,4,18
28,Anchovy,12985486932435993368,17,1,3,12
4,Perch,11359784617678084934,14,3,2,13
11,Sardine,4108306455697497272,17,3,1,17
51,Damsel Fish,9360508181481247558,24,4,1,15
5031,Boot,7476552361866898913,18,1,4,5
89,Seahorse,4731912700876504922,23,4,3,4
1,Tilapia,18277458908145406658,14,3,4,16
47,Eel,15160814031357035255,16,3,3,11
17,Spot Fish,17181578156307077298,17,4,1,20
13,Sardine,593941103204752092,16,1,3,15
23,Pufferfish,2811975712083396735,15,2,4,18
23,Pufferfish,17766577512638229368,18,6,3,10
13,Sardine,8986109460346952871,22,5,2,7
38,Snapper,17726265871135600842,26,1,1,11
65,Piranha,15721828825301250736,22,4,4,10
77,Turtle,17265210421958759999,14,4,3,16
5,Perch,226659046935799401,20,2,2,20
7,Bass,17257209064080511833,23,2,4,1
25,Catfish,14649506287947177219,19,2,4,20
14,Sardine,8840566875792699369,23,1,1,5
3,Tilpia,14570594465909895475,23,4,2,19
28,Anchovy,339139416974205000,20,5,3,5
37,Snapper,943342982173544427,15,6,4,2
13,Sardine,4038914180123602561,23,3,2,14
37,Snapper,5050259485498897139,20,2,4,6
4,Perch,9645368594184716324,19,1,4,11
5028,404 Fish,12140138439455367301,22,2,4,17
11,Sardine,16168752786413255287,15,1,3,11
69,Grouper,5640332442011275684,17,6,4,20
19,Trout,15801314873828441214,20,1,2,4,0
38,Snapper,460211640806374233,22,4,3,6,0
28,Anchovy,1336905029901915786,18,5,3,9,0
65,Piranha,4157392273139614305,15,5,3,19,0
1,Tilapia,9701513756556564389,22,2,1,16,0
61,Barracuda,17334037096676953684,14,2,3,7,0
89,Seahorse,6762010002436518117,23,3,4,15,0
86,Shrimp,13589017130778367014,26,1,4,17,0
70,Angel Fish,13614640351082853198,22,1,4,16,0
38,Snapper,5470383435068050096,21,6,4,7,5
83,Crab,3920690656361401174,22,2,1,1,0
52,Bluegill,12629735324689270972,24,4,4,15,5
81,Starfish,613403108440154602,21,4,1,17,0
59,Salmon,6805190710504647249,15,6,3,8,0
29,Herring,2944542516912515586,20,4,2,8,0
52,Bluegill,13186189981987101928,19,3,1,17,0
17,Spot Fish,7591273048239829003,19,1,1,5,0
4,Perch,6164929836453365131,17,5,2,20,0
55,Spearfish,352972573287972958,15,1,4,1,0
23,Pufferfish,9470093514183574602,16,4,2,10,0
40,Anglerfish,8551819385778007006,18,1,1,19,0
25,Catfish,13296607887872809884,18,4,2,9,1
17,Spot Fish,13085743308810222403,25,1,3,2,0
17,Spot Fish,10634583352716006334,14,3,2,5,0
16,Trout,8466770049620664284,19,3,2,8,0
13,Sardine,8402082144921107853,18,1,2,14,0
37,Snapper,296970103803727179,16,4,4,13,0
49,Damsel Fish,9540955072295844067,19,3,2,7,0
25,Catfish,2701138009419347544,19,1,2,20,0
47,Eel,2417673770398760590,19,3,3,19,0
19,Trout,1336881004372565660,15,3,3,15,0
52,Bluegill,7422966427368810076,22,1,1,6,0
29,Herring,17954865175791082904,22,5,2,8,0
2,Tilapia,5003394042626881970,21,3,1,15,0
51,Damsel Fish,7958048346322636418,22,7,2,6,0
34,Triple Tail,5337143284548056837,16,2,3,5,0
60,Green Salmon,4957283444618727327,28,7,1,5,2
81,Starfish,14280286041681624995,19,1,1,7,0
47,Eel,14138920081271358432,18,5,4,3,1
36,Triple Tail,8996845955068489216,22,2,1,3,0
6,Perch,17556594934663010739,30,3,2,8,0
19,Trout,6059177570619080510,24,5,3,6,0
75,Mola Mola Fish,13754197370445856799,29,3,4,11,0
23,Pufferfish,17048910068134917302,19,1,4,18,0
50,Damsel Fish,17572431350339744146,23,3,1,20
4,Perch,3358890726632456161,19,1,3,15,0
61,Barracuda,11535667861490854011,23,2,1,5,0
46,Eel,18282860193279923093,13,4,2,15,0
86,Shrimp,17821386806554709285,16,6,1,5,0
81,Starfish,1082215482653761879,16,5,1,10,0
5067,Pop-eyed goldfish,8524842059574089778,22,4,2,13,0
8,Bass,9913859890977039450,20,6,2,10,0
52,Bluegill,5865045799478337877,22,3,2,12,0
42,Anglerfish,13029241200591331917,23,3,1,4,0
59,Salmon,9943363354564344819,19,4,4,17,0
29,Herring,7757835860457892828,22,1,2,19,0
70,Angel Fish,12051994424697854217,18,4,3,3,0
