1722575962,29,Herring,538214263288113345,26,5,2,13,0
1722576176,10,Sardine,12283882555102051501,25,3,3,3,0
1722576452,3,Tilpia,11927875396226612929,16,2,2,3,0
1722577519,72,Angelfish,1419778621453560734,29,5,4,2,2
1722577749,81,Starfish,11363352431267916184,20,5,2,13,0
1722577997,49,Damsel Fish,7688660828364374699,17,6,2,5,0
1722578256,19,Trout,5674439532327914871,15,6,1,3,0
1722579165,83,Crab,10953678523880377080,25,4,4,20,11
1722579605,34,Triple Tail,275998903013796165,21,2,4,4,0
1722579747,88,Shrimp King,7976826038539994943,36,11,6,7,32
1722581507,57,Spearfish,3460620084811779102,34,4,4,4,0
1722581874,36,Triple Tail,11379569491117476309,27,7,2,4,0
1722582237,60,Green Salmon,8862759114650722658,27,5,2,19,8
1722583228,47,Eel,9192255464970627548,21,5,2,8,0
1722770052,61,Barracuda,2964469602933085802,20,2,3,9,0
