1720420143,7,Bass,8136304733404971526,20,1,4,2
1720420143,13,Sardine,13154976982957339360,19,4,2,17
1720420143,81,Starfish,12144368007635362293,23,3,3,8
1720420143,4,Perch,8894652112661236623,21,4,4,3
1720420143,44,Clownfish,15632188860656614806,15,1,3,14
1720420143,1,Tilapia,46700319194351113,13,4,1,10
1720420143,11,Sardine,6753497204640911111,24,6,4,16
1720420143,32,Cod,1460469580649332652,25,3,3,3
1720420143,44,Clownfish,11629642169065297205,18,5,3,13
1720420143,29,Herring,2250042298765298690,17,1,1,10
1720420143,77,Turtle,12451044971037166856,25,3,3,1
1720420143,57,Spearfish,13961364195549477497,16,7,4,8
1720420143,34,Triple Tail,13501077436798268822,15,5,1,20
1720420143,13,Sardine,15439450113145873099,13,2,4,10
1720420143,32,Cod,9429463207086120689,19,6,2,11
1720420143,62,Barracuda,4057189936181057674,20,6,1,13
1720420143,40,Anglerfish,9859563927850256876,14,1,3,4
1720420143,28,Anchovy,14080079723760478055,19,5,2,19
1720420143,13,Sardine,2908816375350638025,20,1,4,8
1720420143,100,Jellyfish,13529913449620810448,21,6,4,18
1720420143,37,Snapper,7449854674403143656,18,6,2,1
1720420143,23,Pufferfish,12802471449815409635,22,1,4,3
1720420143,59,Salmon,5058452241665820081,26,2,1,4,1
1720420143,11,Sardine,17368099714470103985,22,4,2,4,0
1720420143,61,Barracuda,10265747059910219879,16,6,4,18,3
1720420143,77,Turtle,17693105624856198408,20,4,3,1
