1720420143,37,Snapper,15809745248654823560,21,3,3,10
1720420143,22,Pufferfish,17837454805289374951,23,3,4,19
1720420143,44,Clownfish,5124421560840025790,17,1,1,20
1720420143,65,Piranha,14874945259839045602,18,1,1,5
1720420143,89,Seahorse,6443583518987293302,17,5,3,18
1720420143,19,Trout,9689350182238901509,18,6,4,4
1720420143,59,Salmon,14456507366754971828,23,1,2,4
1720420143,63,Barracuda,10945771016826728715,27,4,2,14
1720420143,76,Mola Mola Fish,6721545984838186126,31,9,5,13
1720420143,89,Seahorse,7265171388607896141,21,5,3,17
1720420143,8,Bass,5019629828000355915,22,6,2,5
1720420143,40,Anglerfish,3756378084705832330,17,3,3,8
1720420143,40,Anglerfish,10795319710796704434,19,3,4,7
1720420143,38,Snapper,18276349047430885491,19,1,2,1
1720420143,71,Angel Fish,8420721064444874188,22,5,3,17
1720420143,62,Barracuda,9293368078599904091,24,6,1,5
1720420143,93,Blue Lobster,675431237223624484,22,5,2,9
1720420143,46,Eel,3434237216464358980,12,3,3,2
1720420143,22,Pufferfish,6983185647994709723,16,3,1,6
1720420143,82,Starfish,824697391227299340,30,6,4,18
1720420143,11,Sardine,2894134261331773009,16,2,1,13
1720420143,50,Damsel Fish,5276974240734329720,18,2,4,5
1720420143,105,GamerPieJess fish,6356994379156430946,27,6,2,8
1720420143,45,Clownfish,494943949867481057,25,5,1,4
1720420143,101,Red Handfish,15441432755139048050,37,4,6,9
1720420143,53,Bluegill,17375355518041479059,21,5,3,5
1720420143,5,Perch,16199393137419292516,20,2,4,5
1720420143,39,Snapperfish,3897184827240287584,18,4,2,9
1720420143,108,Great white shark,1881561596092451251,25,4,2,15
1720420143,55,Spearfish,13637744808387445465,14,1,2,3
1720420143,10,Sardine,16474203223030691725,19,3,2,14
1720420143,81,Starfish,6979594450401982532,21,6,3,17
1720420143,25,Catfish,12753689281338059988,15,3,3,2
1720420143,47,Eel,11388083073729496595,24,2,1,10
1720420143,3,Tilpia,1896074385049695000,18,3,1,3
1720420143,106,Sakhalin sturgeon,12806586437067867002,34,9,6,13
1720420143,74,Mola Mola Fish,14243015973345890518,17,3,2,15
1720420143,10,Sardine,6214065663323009477,22,5,1,8
1720420143,1,Tilapia,10798080494418885416,22,1,1,9
1720420143,7,Bass,15085616678653709679,15,3,2,14
1720420143,14,Sardine,7675518029698643842,22,4,3,14
1720420143,105,GamerPieJess fish,7198270027998199605,28,3,1,10
1720420143,16,Trout,12746092496008976955,15,3,2,20
1720420143,45,Clownfish,11072598693563974903,25,4,4,12
1720420143,77,Turtle,12202556708924875878,17,2,1,8
1720420143,17,Spot Fish,13541909046023371529,20,2,4,20,0
1720420143,43,Clownfish,16668898130064380898,19,1,2,3,0
1720420143,54,Redgill,3370031206038558654,16,2,4,14,0
1720420143,14,Sardine,2730050734113234877,20,1,1,12,0
1720420143,40,Anglerfish,8753381766163198694,16,4,4,5,0
1720420143,82,Starfish,1624888706031986219,22,7,3,20,2
1720420143,10,Sardine,3065370369125059930,26,3,3,20,0
1720420143,43,Clownfish,16699208393273251201,18,5,3,10,0
1720420143,25,Catfish,3470044149071463782,18,4,1,5,0
1720420143,61,Barracuda,9651542734756907907,17,2,2,1,0
1720420143,2,Tilapia,4580755305746042925,16,4,3,8,0
1720420143,53,Bluegill,8172445530152685852,15,3,3,13,0
1720420143,55,Spearfish,13135748989683764393,22,5,1,15,0
1720420143,22,Pufferfish,1514061116464494373,18,5,2,8,0
1720420143,28,Anchovy,16985869224783718852,20,4,2,10,1
1720420143,2,Tilapia,1078925041172901288,20,6,1,6,0
1720420143,43,Clownfish,2305188544090324716,13,2,4,16,0
1720420143,91,Golden Seahorse,1364202684982981413,30,10,2,4,6
1720420143,97,Golden Takoyaki,7423899332828717666,30,7,6,6,12
1720420143,72,Angelfish,8567266537392462266,26,6,1,19,0
1720420143,104,Boot,6902439469568397316,19,4,1,7,0
1720420143,60,Green Salmon,15434136057059132632,29,6,1,12,6
1720420143,39,Snapperfish,16952524536681083264,30,6,4,16,15
1720420143,50,Damsel Fish,8245061551898217227,17,4,4,17,0
1720420143,55,Spearfish,16110966409457556383,24,1,2,8,0
1720420143,10,Sardine,7948569082726999934,25,2,4,3,0
1720420143,58,Salmon,5251748132461272252,20,4,4,5,0
1720420143,93,Blue Lobster,17483471949844706742,15,3,2,18,1
1720420143,86,Shrimp,5486618562090874747,25,5,1,14,0
1720420143,72,Angelfish,9855078915809492233,25,4,2,13,1
1720420143,14,Sardine,1284413327277209175,19,1,2,17,0
1720420143,53,Bluegill,2182865947162667175,21,4,1,1,3
1720420143,46,Eel,216848037477174114,17,5,2,14,3
1720420143,53,Bluegill,4203671547919164895,20,4,2,10,5
1720420143,8,Bass,11660375796334069470,23,6,2,9,2
1720420143,20,Trout,8537206899847131901,24,4,1,16,0
1720420143,96,Octopus,12504212844874435589,24,8,2,18,0
1720420143,35,Triple Tail,6444604363514502975,24,7,1,9,0
1720420143,84,Crab,15961628018677215975,17,7,4,14,0
1720420143,67,Grouper,17363746722473518653,22,3,1,17,0
1720420143,69,Grouper,3662689374672449438,19,4,3,13,0
1720420143,50,Damsel Fish,17286988621662103251,22,6,3,2,8
1720420143,3,Tilpia,664836770411968495,18,1,3,5,0
1720420143,53,Bluegill,3176321582132764855,18,6,2,4,2
1720420143,4,Perch,1702079993190533004,23,1,3,14,0
