11,Sardine,15943585683041068917,21,4,4,19
28,Anchovy,13520805763495285004,22,1,4,15
5,Perch,7323045230159286125,18,2,1,9
37,Snapper,14637186114770572773,18,3,2,16
11,Sardine,11021081171325980078,18,5,2,18
11,Sardine,8767997265223849761,15,5,4,16
65,Piranha,5015241410099550252,15,1,4,16
14,Sardine,362186685679659560,16,1,1,18
47,Eel,17857215611699647556,16,4,2,20
1,Tilapia,1551762199129949527,24,4,3,13
37,Snapper,14791770621184858316,25,4,2,1
31,Cod,16943393341487273151,16,5,3,10
81,Starfish,16964338205313903270,15,5,3,14
37,Snapper,8191771239784876755,20,6,3,20
71,Angel Fish,2272087530005504491,23,5,4,6
50,Damsel Fish,7095894542582745906,14,2,1,5
22,Pufferfish,4202610047054118948,16,1,4,18,0
28,Anchovy,5397847279789439225,24,1,1,1,0
65,Piranha,3653324766504577615,19,6,4,13,0
19,Trout,5417455383941288994,15,2,1,17,0
31,Cod,3680227068775174018,20,3,3,5,0
43,Clownfish,15861392011020358228,20,6,3,17,0
68,Grouper,14906678700162880487,20,5,3,3,0
28,Anchovy,4388806034028880331,13,3,4,3,0
72,Angelfish,89939878893730795,17,5,4,9,0
69,Grouper,7453950282320839024,16,2,2,18,0
