1720420143,30,Herring,11111600552663605847,20,2,2,18
1720420143,65,Piranha,14190269189580282730,16,1,1,5
1720420143,74,Mola Mola Fish,4876419098217909491,21,5,3,2
1720420143,4,Perch,132763936963417521,14,5,4,7
1720420143,5,Perch,8028060493213411838,13,6,4,18,5
1720420143,68,Grouper,10537618924571526562,25,5,1,4,0
1720420143,84,Crab,4912490228300408110,19,2,3,19,0
1720420143,82,Starfish,16718783512172919175,26,3,3,5,0
1720420143,81,Starfish,7043902175224124403,24,1,3,9,0
1720420143,10,Sardine,5776505111740292812,23,5,4,8,0
