47,Eel,7371630894999010328,18,6,2,16
11,Sardine,9264102079171778587,18,2,3,20
34,Triple Tail,3792199202836194922,22,2,4,8
23,Pufferfish,2883993782690347594,15,1,2,9
1,Tilapia,6718477584177422625,17,6,1,3
22,Pufferfish,4353229861566857037,20,4,4,14,0
77,Turtle,9473239524941769149,16,2,2,4,0
1,Tilapia,6301246817646046418,18,4,1,2
16,Trout,10067626599955569103,18,3,1,13
71,Angel Fish,10568355734977829612,17,5,4,10
89,Seahorse,6408504760942562272,20,1,1,7
77,Turtle,2479081660803868592,20,3,1,4
16,Trout,5557037502565523368,20,5,3,11
22,Pufferfish,8954839527590050287,16,2,3,9
43,Clownfish,11304093116919085953,20,6,1,20
71,Angel Fish,2136423819482695849,19,2,4,19
5026,GamerPieJess fish,3379379211247399546,30,6,3,19
22,Pufferfish,6518697986591583294,22,6,4,1
13,Sardine,8530382396182582466,18,2,4,11
16,Trout,14944680460548081120,19,2,3,13
50,Damsel Fish,16379541470658964913,19,4,2,4
4,Perch,9753201265021271945,20,1,2,13
44,Clownfish,3736055464164013627,16,2,4,10
87,Shrimp,9076866378044028890,26,3,4,2
5026,GamerPieJess fish,12280788578653942278,20,7,4,14
30,Herring,1247113059492633325,17,4,2,6
28,Anchovy,13618854034691085968,19,4,3,11
51,Damsel Fish,1710989866298068515,22,5,1,12
38,Snapper,15444431207080174176,21,3,1,20
100,Jellyfish,18081161076117073105,23,2,2,18
74,Mola Mola Fish,17211303914500610024,21,5,4,14
4,Perch,16130185827323060328,17,2,3,6
74,Mola Mola Fish,11646565727420161537,20,5,3,15
16,Trout,14880025280596645814,21,3,1,6
89,Seahorse,15766187080963949748,23,4,2,1
62,Barracuda,13504227808323577107,12,6,3,18
11,Sardine,12970579087920376583,19,5,4,13
60,Green Salmon,3679783126780843283,22,2,1,7
23,Pufferfish,18398140961566767005,15,4,4,20
31,Cod,11272453392411863472,23,6,3,17
14,Sardine,4693798748041523879,13,1,1,13
7,Bass,15538057762612991420,15,4,2,14
37,Snapper,12591721434534204258,19,5,3,14
43,Clownfish,4121089926847217305,18,2,4,16
40,Anglerfish,13824992842940217387,23,3,4,6
38,Snapper,7154258394304944625,18,2,1,1
7,Bass,2108191919114112913,24,1,1,4
39,Snapperfish,5000405998194380407,19,7,1,8
28,Anchovy,9560064557497012337,18,3,3,4
39,Snapperfish,3735512234357876646,31,5,4,4
19,Trout,11505811346433502454,16,3,1,6
41,Anglerfish,9098608468073494663,28,4,1,15
68,Grouper,15626008518441342464,26,7,1,11
15,Spotfish,8759553116638695675,23,4,1,8
29,Herring,8982606076763317859,14,2,3,20
47,Eel,6239292399863285319,21,5,4,18
33,Cod,4663472365749826609,27,2,2,2
10,Sardine,15669451905081075783,24,2,4,8
37,Snapper,12206034542332408316,21,6,4,2
53,Bluegill,9761065156451985197,18,5,3,8
57,Spearfish,13834376132933609373,25,4,4,4
28,Anchovy,7594894507060063730,21,2,2,2
71,Angel Fish,12101028845452390577,14,2,2,13
44,Clownfish,9998204290180199147,23,3,2,11
22,Pufferfish,15002410336382070913,19,6,3,20
89,Seahorse,3970583646644686267,14,6,4,2
5,Perch,15707810793120136957,17,5,3,14
62,Barracuda,17876512356161326650,22,4,2,4
5,Perch,18353964411265820951,14,2,3,14
10,Sardine,2613448456099680577,19,4,4,13
17,Spot Fish,6376769504133563436,16,2,2,11
48,Electric Eel,17044303389430742814,17,3,3,10
46,Eel,2578742456102335519,20,6,2,3
21,Trout,8813091897031842965,28,5,2,3
5031,Boot,9099725366277195115,23,6,3,9
25,Catfish,1865318321264793732,20,5,3,18
63,Barracuda,7402893073038454264,28,3,4,8
1,Tilapia,8535553956460136672,21,6,4,19
40,Anglerfish,4439508582198189173,19,6,1,12
40,Anglerfish,7249044806153700153,21,5,2,7
31,Cod,9041829366481954597,19,5,2,20
32,Cod,10833477616885664476,24,4,1,18
11,Sardine,11599118448207515192,25,2,4,11
62,Barracuda,2740130846908729452,21,4,4,6
94,Lobster,778395588929399553,15,2,1,16
38,Snapper,398721879139388260,14,4,2,14
25,Catfish,11595865654331494708,22,3,1,9
5,Perch,16171805784350868989,19,3,4,18
77,Turtle,6645181013790150316,23,1,3,9
5059,Great white shark,797298210871390074,23,6,4,11
43,Clownfish,8346448823122895793,20,1,2,17
34,Triple Tail,11897360026913835131,20,6,4,6
40,Anglerfish,4994740776199560212,17,4,1,18
62,Barracuda,12076922677843311499,22,1,4,3
14,Sardine,9270711875021656904,20,3,1,10
59,Salmon,8775326239313792695,22,3,1,8
30,Herring,12250865345866751295,13,5,1,11
59,Salmon,7633202980307603570,13,3,2,12
8,Bass,18121341644566619264,21,4,1,20
76,Mola Mola Fish,13035735894569638957,20,8,2,5
62,Barracuda,2590760734575260112,22,4,4,12
14,Sardine,11292229569605642877,23,4,1,4
84,Crab,9939994788237507542,19,6,4,4
39,Snapperfish,3648020870947549139,23,3,1,18
77,Turtle,2954343649080165001,18,3,4,12
36,Triple Tail,10506422603270511303,24,4,3,18
5027,Cutthroat Trout,16786140103255456277,23,3,1,9
47,Eel,5686674646842474003,16,4,4,7
7,Bass,17064303650051878101,25,1,3,1
19,Trout,4960524774821782351,25,3,4,1
74,Mola Mola Fish,11572528285609631580,19,3,2,14
1,Tilapia,15495459075011535916,19,4,1,13
38,Snapper,269362336939046240,17,2,4,13
44,Clownfish,4894992337577168744,20,5,2,13
37,Snapper,16571600253088268642,16,1,1,1
32,Cod,3448994105709484966,17,1,2,2
71,Angel Fish,8765309285943884953,22,3,3,20
8,Bass,4730187301886709936,24,2,4,15
50,Damsel Fish,16944068428739143773,20,1,2,10
69,Grouper,9234743397213365548,20,5,4,5
5059,Great white shark,16376909873432186716,20,5,1,20
50,Damsel Fish,3878919053847818615,17,5,2,18
34,Triple Tail,383037859143476791,12,2,2,5
46,Eel,3724971710252149451,14,6,3,1
14,Sardine,6336099884814481942,25,3,2,1
7,Bass,8614684164061033233,15,2,1,9
7,Bass,15216148568717280345,19,6,3,10
25,Catfish,14717983112292255152,22,3,4,3
13,Sardine,4086018976578715340,24,4,3,16
35,Triple Tail,12542478386301240728,30,2,4,12
47,Eel,1058479798740248940,18,5,4,15
46,Eel,10172460731904647831,18,4,2,10
30,Herring,14994149456239512409,19,1,2,14
53,Bluegill,2265221894047033544,21,4,1,16
37,Snapper,6079622802550123931,19,3,1,9
69,Grouper,11320469852611662539,17,5,1,13
3,Tilpia,17100522230347494644,15,1,2,16
48,Electric Eel,6196742935508008638,29,5,2,12
53,Bluegill,6554370315376047849,22,4,2,12
50,Damsel Fish,11309777048819265708,21,6,1,14
32,Cod,2217964442557976100,21,3,4,5
81,Starfish,2103679110590114276,20,5,1,18
81,Starfish,5227261178453989587,24,6,4,4
95,Octopus,3154410142580176023,25,4,3,11
8,Bass,891747573390614160,17,3,4,7
50,Damsel Fish,7149741485214213335,14,1,3,2
55,Spearfish,1320779842432324257,20,6,2,1
53,Bluegill,11931209187028029838,21,4,2,13
81,Starfish,12591279627782718727,22,5,2,13
81,Starfish,7044328699437143042,23,3,4,14
37,Snapper,7733982252189018866,17,1,1,10
13,Sardine,6383052912703657931,20,5,1,1
7,Bass,16204466586486853988,16,4,2,8
22,Pufferfish,3628324825737368924,15,6,2,11
22,Pufferfish,478759804995351976,17,6,2,3
25,Catfish,13877101934018967963,16,3,3,8
4,Perch,2846466280660241699,25,1,3,2
23,Pufferfish,6090905781697787579,21,3,1,11
46,Eel,12336362694870710355,13,1,4,14
5,Perch,17946536082304708810,14,5,2,9
37,Snapper,2816338405015189813,24,1,3,20
32,Cod,17081319506240494872,14,2,4,7
77,Turtle,3348792347420822061,21,1,2,16
62,Barracuda,11535145298237969408,14,1,3,10
87,Shrimp,6867035050080715327,26,3,1,21
30,Herring,2981851034897556550,20,4,4,6
78,Turtle,4790945326273677105,18,2,4,4
89,Seahorse,11826398828415667767,14,3,4,4
15,Spotfish,4285032560475804396,29,2,3,13
15,Spotfish,17878487863468626632,24,4,1,19
30,Herring,13496382431962598950,20,4,3,6
46,Eel,7642534282499076613,20,4,2,20
7,Bass,15173747197960971567,26,6,1,6
74,Mola Mola Fish,15240431054867800878,19,3,3,7
74,Mola Mola Fish,14381964901066359279,13,5,4,5
19,Trout,18376909441491837448,25,2,2,1
19,Trout,8779814460045007831,17,6,3,11
1,Tilapia,15062311194433775857,20,5,3,12
46,Eel,3180399479299009357,14,4,4,6
11,Sardine,5059515611711266895,24,3,3,8
50,Damsel Fish,14086933998318734990,18,6,3,8
30,Herring,14878612525073641344,22,3,2,18
14,Sardine,17927450589797007050,16,6,2,11
74,Mola Mola Fish,612428160978790828,22,6,4,9
63,Barracuda,1665936106935220626,19,2,2,9
17,Spot Fish,12218101021166210957,17,3,3,7
37,Snapper,3962081508952549047,17,3,2,15
89,Seahorse,3255511104965466192,25,5,2,9
1,Tilapia,10246773623498936662,23,4,1,18
38,Snapper,9814639256240901660,16,3,3,10
46,Eel,12856528697992947018,19,1,2,9
23,Pufferfish,13736763686445913207,18,2,2,8
1,Tilapia,16797647676012874293,18,2,3,11
7,Bass,15679252174517266216,16,6,2,10
71,Angel Fish,11644927077824984293,20,6,4,10
69,Grouper,10581169497668042501,24,3,2,5
22,Pufferfish,1047321018102989438,20,3,2,1
13,Sardine,7237744478255797179,20,2,3,17
7,Bass,6305053672017500926,21,1,2,1
40,Anglerfish,2285887329326070562,21,1,4,4
34,Triple Tail,8313548707973088996,20,2,2,20
5010,Blahaj,14737712695847949528,35,5,6,15
40,Anglerfish,15367595320101935187,22,6,2,14
55,Spearfish,18389999243076514740,22,4,2,14
5067,Pop-eyed goldfish,5607598665307550128,27,4,4,10
8,Bass,4662055020088456767,16,2,2,18
94,Lobster,6526667177800698032,18,3,4,18
40,Anglerfish,1576224191165973657,22,1,3,17
5027,Cutthroat Trout,811994636452490614,26,4,3,15
74,Mola Mola Fish,8517405057489890803,19,6,4,15
9,Bass,1014685982695073489,28,7,2,5
30,Herring,13800114717481284720,22,4,3,3
5067,Pop-eyed goldfish,16644374887176514092,26,6,3,16
16,Trout,3421616981684897836,20,2,4,8
74,Mola Mola Fish,10742880326988231266,19,5,1,5
97,Golden Takoyaki,1107549762441715427,29,6,6,17
34,Triple Tail,9901438530037795922,25,2,2,20
7,Bass,1851935590673439481,19,3,4,9
33,Cod,11219747761859087833,22,6,1,5
76,Mola Mola Fish,6355920037967321341,19,10,3,4
54,Redgill,7521142770047732351,27,3,2,21
57,Spearfish,11319529300677839893,27,6,1,16
77,Turtle,7614915788363769545,15,2,2,8
45,Clownfish,14662053116256036804,31,2,2,6
74,Mola Mola Fish,6725373645645628918,22,3,2,1
46,Eel,12423191337062686042,22,3,3,10
29,Herring,13059447130579516918,21,1,4,1
15,Spotfish,2271523882959670355,27,2,1,3
25,Catfish,17026262781572004342,19,4,4,16
89,Seahorse,16597193455134863021,21,4,2,13
7,Bass,8982459159339945070,20,5,1,11
1,Tilapia,14779734356764311293,19,2,2,4
34,Triple Tail,2975090914499657086,18,3,2,6
7,Bass,8932149669162251479,15,4,4,6
7,Bass,6274014910087770040,18,6,1,2
81,Starfish,11520525570692423519,17,6,1,11
79,Turtle,9295044162780669263,24,7,4,7
5059,Great white shark,10843695294755146113,29,5,4,12
11,Sardine,16709832975505366690,18,3,1,19
21,Trout,10724681419125851903,18,6,2,3
74,Mola Mola Fish,3482927647109389600,18,6,4,14
15,Spotfish,9511513833151022095,29,4,3,2
44,Clownfish,15401988879853714821,22,5,3,18
76,Mola Mola Fish,6764927921346616203,29,8,3,10
50,Damsel Fish,7669518422680059409,15,2,4,12
19,Trout,2153093281136462001,22,1,2,8
25,Catfish,16654602973186198468,17,6,4,6
5026,GamerPieJess fish,8886056664919419103,31,2,2,8
15,Spotfish,2052398252517290189,25,3,2,18
29,Herring,3528437713870966545,19,4,1,6
74,Mola Mola Fish,6363126087054350157,18,5,1,1
