1720420143,23,Pufferfish,17317721814046809927,14,5,2,15
1720420143,25,Catfish,676849529852345452,23,4,4,12
1720420143,38,Snapper,14414583819874727500,18,2,1,3
1720420143,10,Sardine,2964516224816600921,19,5,4,20
1720420143,102,Axolotl,13564635304964723619,34,5,2,21
1720420143,28,Anchovy,3317455988588026115,22,6,2,1
1720420143,43,Clownfish,1871603117936227657,14,4,1,2
1720420143,31,Cod,13780754694879866520,17,1,4,2
1720420143,33,Cod,6408315546644382124,16,7,1,9
1720420143,104,Boot,10590995533148278629,25,2,1,6
1720420143,89,Seahorse,4984493752446320243,22,3,3,16
1720420143,38,Snapper,1107669618624644686,16,4,4,12
1720420143,3,Tilpia,3372461876096234571,24,4,3,12
1720420143,103,{NULL}fish,8113554685514192173,100,0,0,0
1720420143,33,Cod,6577876268657329727,21,6,1,3
1720420143,26,Catfish,2449196253229735690,23,5,2,10
1720420143,104,Boot,7845660952057955980,20,5,1,9
1720420143,41,Anglerfish,6531820839374133656,25,5,3,8
1720420143,10,Sardine,1955261265291528362,21,4,4,12
1720420143,37,Snapper,6505483775707911083,24,1,3,8
1720420143,37,Snapper,2571250522276865453,20,4,3,17
1720420143,19,Trout,10957605699292358331,20,5,3,14
1720420143,9,Bass,14778810425866886254,24,6,4,12
1720420143,54,Redgill,7839973608863645203,22,5,1,16
1720420143,84,Crab,16063105044305650198,28,4,3,21
1720420143,19,Trout,4556372875698530504,17,2,4,7
1720420143,44,Clownfish,14699918702941793579,19,3,2,12
1720420143,40,Anglerfish,8470067856212794704,23,4,4,3
1720420143,44,Clownfish,2077189586761538304,22,2,4,12
1720420143,53,Bluegill,2749529861324520024,22,1,4,12
1720420143,38,Snapper,14675985665294896634,22,1,2,5
1720420143,77,Turtle,5219310834064908494,17,3,3,12
1720420143,22,Pufferfish,5375287925023924004,20,1,1,9
1720420143,20,Trout,14729836062113358146,22,3,1,4
1720420143,89,Seahorse,5971969075521128333,16,5,2,17
1720420143,65,Piranha,17307371664716932688,18,5,4,5
1720420143,81,Starfish,12349495630036224028,19,4,1,5
1720420143,53,Bluegill,54383946164297891,19,1,4,3
1720420143,53,Bluegill,16938735282331813253,22,3,1,2
1720420143,40,Anglerfish,6840059980925008826,24,3,3,15
1720420143,55,Spearfish,13821790312174558878,15,6,3,6
1720420143,17,Spot Fish,4946433390863924796,18,5,4,4
1720420143,7,Bass,13124892577565333529,24,5,4,20
1720420143,65,Piranha,16221420284681573324,19,2,4,6
1720420143,69,Grouper,5125744631469262684,15,1,4,15
1720420143,23,Pufferfish,17355328089143262357,22,3,2,17
1720420143,82,Starfish,1322278484378824477,27,2,1,17
1720420143,16,Trout,7091537986250586424,19,4,3,20
1720420143,11,Sardine,12283269444761293426,24,3,1,13
1720420143,16,Trout,10162853533711501535,19,1,3,9
1720420143,23,Pufferfish,8456671532060657258,18,1,1,13
1720420143,48,Electric Eel,3287807680628964092,20,6,4,15
1720420143,51,Damsel Fish,11509476101377231331,30,3,3,19
1720420143,14,Sardine,2312298496511708834,16,6,3,16
1720420143,20,Trout,12409630187974012872,17,2,1,9
1720420143,76,Mola Mola Fish,9166985376348068137,30,3,3,11
1720420143,16,Trout,12859206065019461768,22,1,4,14
1720420143,103,{NULL}fish,16795763870959509426,100,0,0,0
1720420143,47,Eel,17551127941628914352,25,5,3,16
1720420143,32,Cod,3188025900980707523,18,3,3,1
1720420143,1,Tilapia,2329411821783057446,17,2,1,8
1720420143,36,Triple Tail,5374717379327890062,25,4,3,11
1720420143,7,Bass,2969467803821635622,19,1,4,5
1720420143,16,Trout,17502723799630594135,20,4,3,11
1720420143,33,Cod,4782019287686889576,22,6,3,5
1720420143,23,Pufferfish,17060160698171518342,19,6,1,9
1720420143,47,Eel,9311935201764614888,23,1,2,2
1720420143,16,Trout,16112316712378488295,21,2,2,6
1720420143,7,Bass,11292941695298922859,18,4,3,19
1720420143,104,Boot,12470340589099231285,18,4,3,14
1720420143,41,Anglerfish,17954769039518480442,21,2,3,12
1720420143,24,Pufferfish,14381536025469758618,21,5,3,19
1720420143,7,Bass,11005406207087911071,16,4,3,12
1720420143,20,Trout,3782474278071355806,22,3,4,13
1720420143,75,Mola Mola Fish,12405104563020687382,26,2,2,9
1720420143,93,Blue Lobster,1027575968291751671,29,7,1,7
1720420143,56,Spearfish,17246358301341460970,31,5,2,19
1720420143,100,Jellyfish,1758563822050502799,22,2,2,16
1720420143,57,Spearfish,13676254587634779216,22,7,2,12
1720420143,39,Snapperfish,5312141854087596429,33,7,1,4
1720420143,40,Anglerfish,4695630272638223720,26,5,4,1,6
1720420143,33,Cod,6686823150822533948,22,3,1,8,0
1720420143,20,Trout,8544659792241236791,27,4,4,17,3
1720420143,5059,Great white shark,1993016027135836548,29,6,3,6,6
1720420143,7,Bass,1450311321798437954,23,5,4,7,0
1720420143,44,Clownfish,2413727122252715262,19,2,3,5,0
1720420143,50,Damsel Fish,13931267879024742842,16,3,1,5,0
1720420143,52,Bluegill,12746265312063844783,17,2,2,8,0
1720420143,89,Seahorse,16895358678977482634,12,5,2,4,0
1720420143,77,Turtle,5332568361632243725,19,1,1,6,0
1720420143,78,Turtle,7755110953513429510,23,4,3,20,1
1720420143,47,Eel,3334072429675794850,19,2,2,9,0
1720420143,24,Pufferfish,5340834246853487588,24,2,4,13,3
1720420143,30,Herring,3080073142689816825,23,5,1,19,0
1720420143,5067,Pop-eyed goldfish,7184911221785284192,31,4,3,10,4
1720420143,75,Mola Mola Fish,8127374637970787882,26,5,3,20,0
1720420143,46,Eel,147390586556711508,16,2,2,5,0
1720420143,75,Mola Mola Fish,8671866278325234964,26,6,1,15,3
1720420143,21,Trout,16887079260833138329,20,6,4,13,0
1720420143,35,Triple Tail,6129956430644034445,35,6,3,6,9
1723273051,74,Mola Mola Fish,16905921775644040228,16,2,1,7,0
1723273198,5,Perch,13780145545888551205,19,4,4,19,1
1723358998,75,Mola Mola Fish,7401594462951621244,31,5,3,16,1
1723359118,46,Eel,3584427407147484948,18,1,1,19,0
1723366438,93,Blue Lobster,11707120600726889157,19,3,2,19,0
1723366839,100,Jellyfish,13740173931513936581,31,7,2,9,13
1723848696,55,Spearfish,7751110450902833450,19,3,3,15,0
1723849760,70,Angel Fish,12584142432412193807,14,4,1,2,0
1723850339,30,Herring,9823432799215735394,15,1,1,9,0
1723850696,34,Triple Tail,1326237655405103984,17,6,1,20,2
1723851274,106,Sakhalin sturgeon,7045528729118288104,28,9,6,8,12
1723851527,61,Barracuda,6268912519023025168,19,6,3,15,5
1723851733,48,Electric Eel,16740652463357700619,23,5,4,2,4
1723853128,62,Barracuda,12369796020945425893,20,2,1,18,0
1724305839,26,Catfish,8866897322734259080,21,2,4,8,0
1724305964,28,Anchovy,6767093383409464440,18,1,4,10,0
1724307213,7,Bass,6050204913174431814,24,2,1,20,0
1724307537,29,Herring,16758685365775054307,19,2,3,17,0
1724307836,29,Herring,6384894057676634191,19,1,2,4,0
1724308147,17,Spot Fish,14772526092865465877,25,1,4,19,0
1724308301,38,Snapper,302415672965448919,17,4,2,5,0
1724308647,18,Trout,6114236906788167965,24,3,2,3,0
1724308855,74,Mola Mola Fish,10911066908526400575,20,5,1,5,2
