1720420143,7,Bass,9380480808566772255,20,4,3,13
1720420143,34,Triple Tail,157132950212721491,17,1,2,1
1720420143,30,Herring,178798328144065555,20,4,3,17
1720420143,64,Piranha,12510644271391817202,23,4,1,7
1720420143,69,Grouper,16414917771408106880,18,1,4,9
1720420143,74,Mola Mola Fish,671674370317353448,17,2,1,17
1720420143,65,Piranha,5485154835224749196,20,3,4,13
1720420143,43,Clownfish,1276618921878224216,26,5,1,1,1
1720420143,62,Barracuda,13705701760277160178,21,4,3,13,2
1720420143,70,Angel Fish,9757932235398223456,19,6,2,7,0
