1720420143,28,Anchovy,8556834598707042076,24,2,1,12
1720420143,40,Anglerfish,594136511071953020,24,4,3,6
1720420143,59,Salmon,6891309576130647465,17,5,1,4
1720420143,46,Eel,12119782096450177068,17,5,1,12
1720420143,100,Jellyfish,14618196963965521771,28,3,2,2
1720420143,65,Piranha,5823563611749208182,19,2,2,18
1720420143,16,Trout,3292605440012259866,21,3,4,18
1720420143,11,Sardine,2410713267524144682,19,2,2,16
1720420143,7,Bass,12112345899880224720,24,5,2,8
1720420143,16,Trout,17653011113861543151,19,4,2,10
1720420143,28,Anchovy,17530656593018417178,22,3,3,6
1720420143,54,Redgill,13501001133213034636,17,7,4,17
