1723848789,59,Salmon,14349931130029682518,16,3,3,20,0
1723848926,36,Triple Tail,47494724949652652,27,5,2,21,2
1723850209,55,Spearfish,12626181315256570672,18,3,1,12,0
1723850333,64,Piranha,12222909051634509124,20,3,2,16,3
1723850528,47,Eel,18121579477045300269,19,3,3,16,0
1723850766,2,Tilapia,1518807589059233533,23,6,3,4,7
1723851017,26,Catfish,18119139114269355354,34,3,4,14,4
1723851325,46,Eel,15033013031085318963,20,4,4,9,0
1723851452,99,Jellyfish,14660313549328229869,22,1,2,4,0
1723851600,53,Bluegill,7131157438385645491,22,1,4,15,0
1723851859,53,Bluegill,14156828086558071388,25,4,2,1,3
1723852012,25,Catfish,2199722634059551637,18,2,2,11,0
1723852465,25,Catfish,8257829338646517775,16,1,2,13,0
1723852809,69,Grouper,5153112798374119201,13,3,2,19,0
1723852933,28,Anchovy,4278839067491445278,22,4,1,3,0
1723853057,62,Barracuda,11055504102726789626,16,3,3,9,0
1723853188,62,Barracuda,13192454767356104858,15,1,4,9,1
1723853548,47,Eel,12011121726999507463,17,5,2,13,0
1723853907,64,Piranha,15757402488444767749,19,6,1,16,0
1723854088,5,Perch,4499429779030820158,18,2,3,11,0
1723854219,3,Tilpia,17305210943832676519,19,4,2,3,0
1723854847,99,Jellyfish,8909928583566356314,17,5,4,4,0
1723855838,5059,Great white shark,13198272838310239535,35,7,2,12,13
1723856369,11,Sardine,279216437144044341,16,4,3,7,0
