1720420143,43,Clownfish,11223494298460263455,16,5,1,6
1720420143,77,Turtle,16412741812187038327,15,4,2,19
1720420143,28,Anchovy,16007485311475973686,19,6,4,6
1720420143,28,Anchovy,15224574112800726301,15,3,2,7
1720420143,8,Bass,13750316577079135502,18,6,3,8
1720420143,89,Seahorse,15742073458844711745,16,3,4,5
1720420143,11,Sardine,11727731790415409800,18,6,2,6
1720420143,65,Piranha,15718970989626150038,18,6,3,14
1720420143,37,Snapper,8897846447174602251,25,6,2,1
1720420143,104,Boot,4347092159274194551,13,2,1,12
1720420143,1,Tilapia,11935337505576853298,19,1,3,1
1720420143,78,Turtle,588339440641911126,24,2,1,11
1720420143,68,Grouper,12386004850009112744,27,3,2,8
1720420143,37,Snapper,15968090475167919217,17,4,3,20
1720420143,44,Clownfish,5247436465435951443,20,6,2,2
1720420143,32,Cod,4425651898709908827,18,3,2,18
1720420143,28,Anchovy,15807597334472638934,18,2,3,20
1720420143,20,Trout,16747895149779874126,29,5,1,20
1720420143,1,Tilapia,1245247654937515061,23,3,3,12
1720420143,31,Cod,5932443503883590955,19,3,2,1
1720420143,26,Catfish,2241572937224681762,24,5,1,4
1720420143,1,Tilapia,17160771455512226550,19,6,4,10
1720420143,16,Trout,6310781060141340638,23,3,2,11
1720420143,25,Catfish,5701053009525046422,23,3,2,3
1720420143,76,Mola Mola Fish,13331775612785244566,35,8,1,21
1720420143,51,Damsel Fish,15104535573431433299,30,3,1,5
1720420143,65,Piranha,10611776492449747007,19,2,2,3
1720420143,23,Pufferfish,16699784023533840737,19,2,1,16
1720420143,12,Sardine,1160068454227215615,17,5,4,7
1720420143,22,Pufferfish,5381865088169765942,13,2,1,20
1720420143,1,Tilapia,3825878613808173143,13,3,2,20
1720420143,33,Cod,2835694103748041686,22,2,3,3
1720420143,68,Grouper,1786178883542901603,22,3,4,20
1720420143,10,Sardine,3993769094705194624,20,3,4,7
1720420143,24,Pufferfish,4907285291761246921,24,7,4,8
1720420143,79,Turtle,152059580088746868,28,10,2,11
1720420143,5027,Cutthroat Trout,15970809497050523633,26,4,2,14
1720420143,102,Axolotl,9157037812498550087,15,7,1,20
1720420143,3,Tilpia,9580817550961282560,13,3,2,18
1720420143,59,Salmon,11403302502258587680,19,1,1,14
1720420143,43,Clownfish,11121359211200146752,12,2,3,17
1720420143,34,Triple Tail,12740491875847120194,23,1,3,16
1720420143,47,Eel,9609449913473060570,14,3,2,16
1720420143,4,Perch,516882828260666730,17,4,2,11
1720420143,108,Great white shark,16710138085597057754,34,5,3,20
1720420143,4,Perch,526408923015582895,20,6,2,14
1720420143,27,Catfish,7595538256299168709,20,3,3,2
1720420143,55,Spearfish,14235592520941295614,21,1,2,11
1720420143,68,Grouper,14047467027321781428,31,2,4,13
1720420143,27,Catfish,6167558269483711956,27,7,2,18
1720420143,62,Barracuda,11032970617946236280,15,2,4,17
1720420143,46,Eel,3256197856992897910,23,3,4,11
1720422708,50,Damsel Fish,1139761528408757025,21,5,3,5,3
1720422902,34,Triple Tail,1659304795122460344,13,2,4,14,0
1733293384,43,Clownfish,9688394903460353530,20,4,2,19,0
