32,Cod,1542983738833414037,22,5,2,7
3,Tilpia,5031437108134414579,21,3,3,15
7,Bass,1625712855343134180,21,2,1,10
23,Pufferfish,11628809218512715462,23,6,2,12
13,Sardine,15292973258738891135,19,2,1,7
28,Anchovy,16023672520441820425,19,6,4,8
13,Sardine,4450833140110698576,17,3,2,9
69,Grouper,11599043401034581699,18,1,2,2
1,Tilapia,16616259410178418737,14,1,3,4
1,Tilapia,1888134672525572838,18,5,4,17
17,Spot Fish,3521103609790713209,22,4,3,7
37,Snapper,2200909631367546392,26,2,3,12
53,Bluegill,12536377830633794726,16,6,2,18
17,Spot Fish,1452699941384102361,13,6,3,9
10,Sardine,15983498240024674426,20,4,1,5
5031,Boot,5913335288232018497,13,4,2,7
4,Perch,17181493754069812408,15,5,1,20
40,Anglerfish,6957031060155056714,20,2,4,8
87,Shrimp,15243169900776493888,30,7,4,10
4,Perch,12451845281150396177,21,6,2,8
80,Starfish,18073880795666377234,19,3,1,5,0
37,Snapper,1373129676379430227,22,6,2,2,0
99,Jellyfish,461957918711388750,14,3,2,2,0
61,Barracuda,9307228432559657455,17,1,2,3,0
1,Tilapia,14423247454547681750,20,4,1,8,0
27,Catfish,12737697749467588280,29,5,2,17,0
2,Tilapia,6625660728621486965,21,4,1,13,2
75,Mola Mola Fish,10935789055814280078,20,6,2,19,0
16,Trout,11742890516833570673,20,2,1,6,0
40,Anglerfish,7749560491752313013,19,2,4,19,0
53,Bluegill,2231017337844804797,22,6,1,15,0
63,Barracuda,6665212565175387048,16,5,1,4,0
31,Cod,11433424870496440766,24,2,2,20,0
5067,Pop-eyed goldfish,4190162307212733303,24,6,1,21,3
35,Triple Tail,7977047485142649572,20,5,2,5,0
8,Bass,3131322228735313913,21,1,4,18,0
8,Bass,10677995268572830429,20,3,4,20,0
29,Herring,1348790837102273584,19,4,1,1,1
89,Seahorse,2934769166747821701,19,5,1,14,4
40,Anglerfish,16258211315800094113,19,2,4,1,0
31,Cod,6120081672193028139,24,2,1,12,0
69,Grouper,8556025448646932033,21,1,1,14,0
22,Pufferfish,7154278257660629689,21,5,3,14,0
8,Bass,17911138371746733930,22,6,2,3,0
44,Clownfish,16627728295224949670,14,1,1,18,0
45,Clownfish,6807789606448182255,27,6,3,19,23
47,Eel,4124540828441552411,13,6,2,4,2
91,Golden Seahorse,13810088913568408479,30,8,1,16,18
69,Grouper,9292826296942826217,23,5,3,12,0
71,Angel Fish,15721601275478588526,18,6,2,6,0
45,Clownfish,8894759125776624660,27,3,2,2,0
5031,Boot,13359325770348035740,21,3,4,14,0
5059,Great white shark,11903585710391182098,20,4,3,20,1
5028,404 Fish,16882813967151652380,30,3,4,10,3
43,Clownfish,301746289872501000,20,1,3,15,0
71,Angel Fish,14593174515552978051,20,4,3,7,0
44,Clownfish,16628572111432041050,19,6,2,8
8,Bass,1685375317423321051,18,4,4,13
77,Turtle,17954793582925464071,20,2,3,13
53,Bluegill,11487956191649365018,24,1,1,16
14,Sardine,12246641239080883081,19,2,3,5
80,Starfish,12432808361595738275,19,1,2,12
83,Crab,12011513981791879782,22,4,2,19
30,Herring,12069149658579524308,12,3,2,1
58,Salmon,12068169400407210250,18,5,2,19,1
5,Perch,3025414165037170069,18,5,3,11,0
1,Tilapia,9592406630482004607,12,3,1,15,0
4,Perch,13456031430009977654,20,2,3,11,1
62,Barracuda,15950432871347592139,17,2,2,19,0
83,Crab,14113260127000458667,18,5,4,8,2
19,Trout,11221055015995441385,16,3,1,8,0
5031,Boot,3973387282426320114,23,3,2,13,0
19,Trout,15655776903633670312,15,6,4,3,0
31,Cod,10127781765240690623,21,1,1,8,0
8,Bass,10847147979864636573,22,3,3,14,0
72,Angelfish,7629591750067779122,31,7,1,4,4
8,Bass,11691317971222922855,19,4,1,9,0
13,Sardine,6720989369275633173,19,1,4,14,0
99,Jellyfish,17504313010475976088,18,1,3,16,0
84,Crab,821507866259532439,17,6,4,5,0
62,Barracuda,15580621900628368431,12,4,2,9,0
12,Sardine,2341934170626983784,26,3,4,13,0
16,Trout,17162224210996362833,20,3,4,20,0
5067,Pop-eyed goldfish,4311102564780768258,20,2,3,5,0
56,Spearfish,3315479676800320470,24,4,3,3,0
28,Anchovy,15380270603690410909,20,2,3,7,0
61,Barracuda,17362288037121871349,18,6,3,7,0
