1720420143,22,Pufferfish,15473544019263485515,18,6,2,15,0
1720420143,13,Sardine,11754012318656383097,14,2,4,9,0
1720420143,83,Crab,6525052081489473908,22,2,2,10,0
1720420143,58,Salmon,3586452160470803317,21,4,3,6,0
1720420143,64,Piranha,2935872426264439316,19,2,1,11,0
1720420143,62,Barracuda,6036151938986900945,12,1,3,11,0
1720420143,94,Lobster,17698629731970597314,27,7,3,4,0
1720420143,67,Grouper,9938254305780414212,20,3,2,5,0
1720420143,86,Shrimp,9091585503956717864,18,5,2,8,0
1720420143,39,Snapperfish,7486069512277543342,23,6,2,16,0
1720420143,60,Green Salmon,4803369204871313095,24,2,2,19,0
1720420143,40,Anglerfish,14165562509787596231,23,4,3,20,3
1720420143,1,Tilapia,17740038699229449933,24,6,3,15,10
1720420143,68,Grouper,951180296516497704,24,6,4,6,4
