1720420143,29,Herring,18083651885971118478,26,6,3,12
1720420143,1,Tilapia,14191179036108765602,17,2,4,9
1720420143,69,Grouper,13693827973732771686,19,6,1,17
1720420143,22,Pufferfish,2776394513388469602,20,1,1,5
1720420143,11,Sardine,13914259141587866898,15,1,4,6
1720420143,31,Cod,12851422932074894877,18,1,1,16
1720420143,37,Snapper,2429724274972953743,22,5,3,16
1720420143,40,Anglerfish,3581121029584801809,18,5,4,13
1720420143,43,Clownfish,3855579861187333049,19,2,1,18
1720420143,1,Tilapia,13044025504203859225,18,3,3,5
1720420143,71,Angel Fish,3341955569100827927,15,3,1,8
1720420143,104,Boot,8953885902331749995,15,5,4,7
1720420143,19,Trout,15727017108206029058,16,3,4,6
1720420143,43,Clownfish,14606913426814293438,21,3,2,3
1720420143,32,Cod,7077537622677650859,19,5,2,8
1720420143,11,Sardine,8664415204426234592,21,5,1,15
1720420143,16,Trout,15967192519616236510,20,2,3,5
1720420143,92,Lobster,9336375278371876458,18,2,1,6,0
1720420143,61,Barracuda,14212194355810185605,17,1,2,20,0
1720420143,93,Blue Lobster,18028709142320925132,30,5,4,16,3
1720420143,50,Damsel Fish,5575699184668676333,25,4,3,8,0
1733032110,64,Piranha,8044638850875492715,25,5,4,15,7
1733032538,58,Salmon,9577400850923856340,13,6,1,2,0
1733032807,83,Crab,16235588873357300072,19,2,4,2,0
1733032962,44,Clownfish,9478509320044272518,12,4,3,17,0
1733033422,74,Mola Mola Fish,2309817127645839647,15,3,2,18,0
1733034180,99,Jellyfish,17576522118514082287,18,2,1,2,0
