1731691941,50,Damsel Fish,16760284800760867409,22,2,2,9,0
1731692549,61,Barracuda,2263235002533595492,18,2,4,10,0
1731692874,30,Herring,2421555009435621912,16,3,4,6,0
1731692995,30,Herring,3447904725779431815,22,5,3,3,1
1731693117,67,Grouper,10681941925042754525,19,2,4,2,0
1731693239,22,Pufferfish,5953534500126671988,23,6,1,13,2
1731693410,77,Turtle,17756622665840327098,17,1,1,1,0
1731693531,104,Boot,15975816461535745838,17,4,4,19,0
1731693653,44,Clownfish,11858700001708100792,21,1,1,1,0
1731693782,67,Grouper,15867731278847942726,22,3,4,9,0
1731693904,99,Jellyfish,6838631640109581361,21,5,1,11,0
1731694106,80,Starfish,15623562716550999344,15,5,4,16,0
1731694446,13,Sardine,16126220829861533228,18,1,4,11,0
1731694922,26,Catfish,10398978642006927066,18,3,4,8,0
1731695445,64,Piranha,1877615679008921627,17,6,4,19,0
1731695727,44,Clownfish,15844850714583616719,15,2,2,19,0
1731695897,77,Turtle,3565953226364349411,17,3,2,8,0
1731696097,69,Grouper,14065290404123617723,20,6,4,9,0
1731697261,52,Bluegill,1604224764283220501,19,1,1,13,0
