1720420143,7,Bass,4248105400167290408,18,1,4,3
1720420143,16,Trout,2656380620087448315,19,6,2,11
1720420143,1,Tilapia,9191734037834679818,19,4,2,18
1720420143,16,Trout,5350412154400733065,20,3,4,15
1720420143,38,Snapper,10146604391823332883,21,3,1,2
1720420143,16,Trout,17693310020119430698,24,1,4,6
1720420143,55,Spearfish,4512941598315508893,25,4,2,15
1720420143,32,Cod,4146922098725132260,16,6,1,17
1720420143,25,Catfish,4067509611699472605,22,3,4,8
1720420143,43,Clownfish,13376130484281632307,24,1,3,2
1720420143,16,Trout,5647665245751765044,15,6,2,12
1720420143,4,Perch,12547315104407984327,21,4,3,10
1720420143,13,Sardine,9314961090536087565,20,2,4,15
1720420143,43,Clownfish,7119550238010210074,26,2,3,11
1720420143,7,Bass,15966062005857670799,23,3,1,15
1720420143,22,Pufferfish,14897250694909966921,20,2,3,15
1720420143,30,Herring,11604945436257056096,16,4,1,10
1720420143,38,Snapper,15626437133605670171,18,1,4,3
1720420143,77,Turtle,6319971245675241071,13,2,2,19
1720420143,46,Eel,16729286139506775752,19,2,1,6
1720420143,23,Pufferfish,15502823276319925318,18,6,2,1
1720420143,62,Barracuda,13609606788378195879,13,6,4,10
1720420143,43,Clownfish,1498559603129404780,18,2,2,7
1720420143,25,Catfish,11040397026739790150,18,4,2,3
1720420143,50,Damsel Fish,12962370453727582938,19,5,1,14
1720420143,14,Sardine,8928525185750574091,17,3,2,15
1720420143,28,Anchovy,277526537166316454,17,6,4,7
1720420143,19,Trout,9951443035431850979,18,5,2,6
1720420143,47,Eel,1409394865559220302,22,5,2,5
1720420143,30,Herring,18372461294661913288,21,3,3,5
1720420143,7,Bass,3136623168361794025,19,6,4,11
1720420143,44,Clownfish,11989832577660752504,16,1,3,7
1720420143,30,Herring,14893292879088313910,19,3,1,11
1720420143,35,Triple Tail,7967378183232855549,19,3,2,7
1720420143,30,Herring,13664577703990282360,16,5,1,2
1720420143,62,Barracuda,9658719316147245708,17,4,4,1
1720420143,27,Catfish,1562191019178998131,24,4,4,9
1720420143,76,Mola Mola Fish,7557940035162266181,24,4,3,9
1720420143,77,Turtle,14665668021215945895,18,1,4,16
1720420143,30,Herring,6756934789245004625,20,4,4,13
1720420143,81,Starfish,16749269206631434308,20,3,3,15
1720420143,79,Turtle,3069635410924199571,19,7,5,20
1720420143,89,Seahorse,10840096242853117217,17,2,2,5
1720420143,60,Green Salmon,698617312851962131,27,5,1,2
1720420143,54,Redgill,13586622187492713829,24,4,1,5
1720420143,41,Anglerfish,14504657271335943359,30,3,2,12
1720420143,19,Trout,7000435481230484622,14,4,2,8
1720420143,46,Eel,4897847225600833524,25,3,1,12
1720420143,59,Salmon,1626446274091261017,25,3,4,5
1720420143,47,Eel,2553116501723583434,14,2,2,7
1720420143,5,Perch,18022753048289407711,22,3,4,12
1720420143,14,Sardine,10892687845234848828,22,2,2,8
1720420143,22,Pufferfish,1669338842447893321,19,5,1,18
1720420143,25,Catfish,13293463553515667894,22,2,1,11
1720420143,69,Grouper,753506583222650793,19,6,3,13
1720420143,5067,Pop-eyed goldfish,1145001070099402539,22,3,4,6
1720420143,32,Cod,10796468684388349353,23,1,2,8
1720420143,32,Cod,18315954134151060903,13,6,1,9
1720420143,65,Piranha,5739482181439674166,23,4,3,1
1720420143,94,Lobster,8060286659309831376,29,2,3,17
1720420143,28,Anchovy,5240106939552893432,15,1,1,20
1720420143,102,Axolotl,4602566634014209683,21,10,3,5
1720420143,17,Spot Fish,18400950135615397397,16,6,3,4
1720420143,28,Anchovy,14674718739881102043,20,2,2,20
1720420143,44,Clownfish,11423449148397189182,17,4,4,20
1720420143,4,Perch,5979189635573132373,18,2,1,20
1720420143,59,Salmon,14641331199242137439,21,2,4,7
1720420143,71,Angel Fish,13089499201411498206,24,2,2,19
1720420143,76,Mola Mola Fish,2692911291279968082,25,9,1,6
1720420143,8,Bass,15470716025564345917,20,4,2,6
1720420143,5067,Pop-eyed goldfish,18237719182657767080,30,5,2,17
1720420143,46,Eel,10623206870175166057,19,6,2,6
1720420143,15,Spotfish,17800504739332544716,33,6,3,7
1720420143,50,Damsel Fish,8024126759450758042,18,2,3,4
1720420143,27,Catfish,453481828461627152,24,3,2,2
1720420143,77,Turtle,14547410820711310457,16,2,3,18
1720420143,4,Perch,14245779752649637194,20,2,4,19
1720420143,90,Seahorse,17436806782923162540,24,3,3,6
1720420143,78,Turtle,9344308882448845194,21,4,3,16
1720420143,38,Snapper,4499995889708149093,18,5,4,14
1720420143,14,Sardine,4535743622996396207,24,1,3,7
1720420143,104,Boot,2970090231162867088,26,2,4,17
1720420143,19,Trout,13196915005448165865,21,2,3,6
1720420143,69,Grouper,4673769425437610221,21,3,3,1
1720420143,5,Perch,12788119563393821824,18,4,4,11
1720420143,81,Starfish,13773701618213455561,22,3,4,5
1720420143,44,Clownfish,10902804820266144808,18,5,4,10
1720420143,32,Cod,15228858678433099046,22,3,3,12
1720420143,29,Herring,17469505028750230322,16,1,1,7
1720420143,5026,GamerPieJess fish,7854528119391613486,25,6,2,3
1720420143,75,Mola Mola Fish,125073377432970468,21,6,3,17
1720420143,8,Bass,14227261164508257352,16,1,1,2
1720420143,5059,Great white shark,13457602856150378045,18,3,2,21
1720420143,17,Spot Fish,14062831616938566363,21,3,4,2
1720420143,75,Mola Mola Fish,6009354376636106198,30,6,1,10
1720420143,23,Pufferfish,15230919100590254963,21,4,1,9
1720420143,28,Anchovy,11606311755243168864,25,3,1,15
1720420143,13,Sardine,6323634809561931523,24,2,4,2
1720420143,7,Bass,807123610874981214,16,3,3,19
1720420143,40,Anglerfish,11329845026761408408,19,4,3,3
1720420143,47,Eel,9403449469599564009,23,1,4,11
1720420143,78,Turtle,17940376194413267824,27,7,3,11
1720420143,4,Perch,4875812122476264121,22,1,1,6
1720420143,35,Triple Tail,17363108781930414048,22,7,4,18
1720420143,38,Snapper,1997942301089296689,20,5,1,6
1720420143,37,Snapper,4162063924259102427,14,4,3,8
1720420143,10,Sardine,17803009104612108697,14,2,2,10
1720420143,79,Turtle,4638774164959074385,19,6,5,3
1720420143,19,Trout,14166605142202111077,20,2,4,6
1720420143,71,Angel Fish,16979047588589686335,24,1,1,18
1720420143,1,Tilapia,16659477817095687481,20,4,3,19
1720420143,59,Salmon,18073862358116662938,13,6,3,3
1720420143,68,Grouper,7560944053773461824,22,4,2,2
1720420143,14,Sardine,1594104569822618776,19,3,4,11
1720420143,87,Shrimp,14239724531814547085,19,3,2,9
1720420143,83,Crab,16386493563798808750,13,1,1,16,0
1720420143,51,Damsel Fish,17004274830490141154,29,3,3,11,0
1720420143,79,Turtle,6606055760171966770,26,8,6,9,0
1720420143,84,Crab,897779479510815587,21,2,2,11,0
1720420143,19,Trout,1877565887258258292,20,3,2,4,0
1720420143,32,Cod,9055179716306416415,21,4,3,20,0
1720420143,29,Herring,13644078209207162809,23,1,4,7,0
1720420143,99,Jellyfish,16841405803847834803,17,5,2,9,0
1720420143,65,Piranha,9384906530586386001,18,4,3,20,0
1720420143,12,Sardine,14352028730514083558,16,2,3,14,0
1720420143,19,Trout,2022638024340414985,17,4,2,19,0
1720420143,29,Herring,448761746305697196,21,1,1,2,0
1720420143,91,Golden Seahorse,14575507416514669622,21,6,5,9,1
1720420143,92,Lobster,6874102054678673117,16,3,1,8,0
1720420143,55,Spearfish,3482606776884180027,19,1,1,4,0
1720420143,81,Starfish,15703656273631271916,15,1,3,6,0
1720420143,89,Seahorse,1230005792080986615,18,2,3,13,0
1720420143,25,Catfish,14017031645400300474,22,3,4,12,0
1720420143,44,Clownfish,6856363693742058996,22,2,1,18,0
1720420143,12,Sardine,12849427547144385453,22,3,1,21,1
1720420143,44,Clownfish,1729265531455580840,23,1,3,18,0
1720420143,13,Sardine,8013126608330242277,22,6,3,17,0
1720420143,46,Eel,7098229915620318395,22,2,3,2,0
1720420143,50,Damsel Fish,10897652376039440710,13,2,3,17,0
1720420143,51,Damsel Fish,8700653145069859674,26,2,1,3,0
1720420143,5026,GamerPieJess fish,6016591689147114947,21,5,1,6,0
1720420143,49,Damsel Fish,18397431969838887258,16,2,3,3,0
1720420143,24,Pufferfish,1720731553069770594,24,3,4,17,0
1720420143,88,Shrimp King,13749724199826834599,29,8,6,23,8
1720420143,40,Anglerfish,16203467900837805640,15,2,1,8,0
