1720420143,40,Anglerfish,9432740306377933248,22,3,4,13
1720420143,19,Trout,2282454990091020928,19,4,4,12
1720420143,1,Tilapia,5501580037536597755,18,3,3,8
1720420143,11,Sardine,3244994230820456156,15,4,2,9
1720420143,25,Catfish,6224827033131426581,20,6,2,20
1720420143,13,Sardine,7313888127536809888,22,2,2,2
1720420143,7,Bass,13850729679710634783,23,5,4,19
1720420143,23,Pufferfish,5427192749493657151,14,3,4,10
1720420143,7,Bass,17330635880807339049,19,2,1,8
1720420143,58,Salmon,16688215227157516781,18,1,4,6
1720420143,11,Sardine,17414349514860149208,24,3,3,3,0
1720420143,62,Barracuda,6352744949131467981,22,1,4,17,3
1720420143,67,Grouper,16225635739822102580,15,6,3,14,1
1720420143,38,Snapper,11287025103489773500,24,2,2,15,0
1720420143,5,Perch,12947454309167919959,18,3,3,14,0
1720420143,5031,Boot,6212154359753789286,13,3,2,6,0
1720420143,7,Bass,9964019019928211095,20,4,2,9,0
1720420143,89,Seahorse,966995035343273186,15,5,4,17,0
1720420143,69,Grouper,13352402883771026961,19,3,1,6,0
1720420143,2,Tilapia,12070164559264581332,15,3,1,1,0
1720420143,71,Angel Fish,17753385636692167963,15,4,1,18,0
1720420143,53,Bluegill,9966353920909025630,18,1,2,8,0
1720420143,59,Salmon,17390903093551545330,18,3,4,3,0
1720420143,16,Trout,18025438535898284529,17,3,2,9,0
1720420143,81,Starfish,4337550619722363387,19,3,3,17,0
