1720420143,44,Clownfish,11924341346741872600,14,5,2,18
1720420143,99,Jellyfish,16910990584307782839,17,1,3,10,0
1720420143,34,Triple Tail,16243648776431637366,14,2,2,19,0
1720420143,16,Trout,8869974436891011632,18,3,2,18,0
1720420212,61,Barracuda,16213126508001297904,25,4,4,18
1720420876,47,Eel,13710794561714354669,18,6,2,2,0
1720421329,13,Sardine,1862753144209951735,25,1,4,13,0
1720421835,89,Seahorse,5940653556674246377,16,1,1,7,0
1720422325,59,Salmon,2783323495323021823,16,3,3,5,0
1720422581,34,Triple Tail,18280399919325513328,20,6,1,14,0
1720422744,38,Snapper,4199502085977560503,14,4,3,3,0
