2,Tilapia,5457877700441080411,13,2,3,10,0
64,Piranha,17811995142138017482,12,4,2,11,0
10,Sardine,13180237605880568627,19,5,3,8,0
1,Tilapia,2928061860330816886,21,4,3,9,0
8,Bass,6305692638147035295,16,4,3,14,0
58,Salmon,12756733833260694046,12,4,2,2,0
62,Barracuda,8537171553202603608,20,5,4,12,0
7,Bass,8581172301097513078,17,5,2,3,0
89,Seahorse,11135470180608005759,18,3,1,5,0
83,Crab,1849248050721229207,15,1,1,17,0
30,Herring,6007799943797620088,14,3,2,3,0
46,Eel,15059320041127223295,15,1,2,7,0
24,Pufferfish,6249439856096048463,29,2,2,5,0
32,Cod,1984081607950026463,20,3,2,1,0
71,Angel Fish,8038936436146699941,18,2,2,3,0
83,Crab,9880424026893049431,16,1,3,18,0
