1765349211,103,{NULL}fish,13104364794257900111,100,0,0,0
1765349382,45,Clownfish,11541469868344393431,32,3,1,15
1765349507,19,Trout,15385025528718815689,15,1,1,5
1765349632,28,Anchovy,13413417141496877161,22,3,2,11
1765350092,102,Axolotl,7996812247284655144,22,4,5,12
1765351052,83,Crab,233276432518083339,21,5,4,16
1765351456,40,Anglerfish,15989773019703191187,14,5,2,6
1765351582,95,Octopus,18052909090221670895,20,6,2,11
1765351711,17,Spot Fish,9062231225039968509,20,4,4,14
1765351842,77,Turtle,3546257071310121332,19,5,3,2
1765352888,100,Jellyfish,8002261979702557614,34,2,1,16
