1723361339,53,Bluegill,422573230916609560,15,5,1,18,0
1723362265,2,Tilapia,9219771516291316002,18,4,4,2,0
1723362509,72,Angelfish,12820569499134593310,27,5,2,6,0
1723362791,70,Angel Fish,10319067858128365322,22,5,2,15,0
1723363006,69,Grouper,6866092771549847464,18,6,3,14,3
1723363147,19,Trout,7263886199149420975,19,3,4,13,1
1723363269,46,Eel,5104656659482780802,15,6,2,16,0
1723363389,34,Triple Tail,15209277902686282982,14,1,1,11,0
1723364650,89,Seahorse,13441719812830044617,26,4,1,13,0
1723364780,74,Mola Mola Fish,1249744736665172549,21,5,3,10,0
1723365171,28,Anchovy,9625455879410039086,13,1,1,2,0
1723365427,4,Perch,14163768819173860307,22,1,4,12,0
1723366377,62,Barracuda,8648578642115800837,17,3,3,7,0
