1720420143,100,Jellyfish,14465315089765633156,26,2,4,17
1720420143,1,Tilapia,7294927808345447456,22,6,4,12
1720420143,5031,Boot,4789789835957870494,20,1,4,16
1720420143,89,Seahorse,8504748089160442922,14,3,2,9
1720420143,16,Trout,18097018984106738866,17,1,2,9
1720420143,15,Spotfish,9302666541670087544,29,5,1,19
1720420143,55,Spearfish,7448773488684492788,18,1,4,15
1720420143,11,Sardine,16025932695816145026,21,4,4,8
1720420143,13,Sardine,15452219996790904574,19,4,2,17
1720420143,98,Jellyfish,10186519446332470760,30,3,4,14
1720420143,62,Barracuda,11468257619882046915,17,1,1,11
1720420143,25,Catfish,4488141735700850603,20,3,1,12
1720420143,8,Bass,7227219565014447191,23,2,4,20
1720420143,31,Cod,15507909241081386510,21,1,3,3
1720420143,59,Salmon,12704033789206953411,17,6,3,7
1720420143,23,Pufferfish,4914140470866282247,13,5,2,11
1720420143,28,Anchovy,6631554758553491875,14,6,4,1
1720420143,11,Sardine,7332195079525246352,23,5,4,4
1720420143,4,Perch,14417710088443890872,15,1,1,5
1720420143,43,Clownfish,10034607847475801780,24,5,4,20
1720420143,90,Seahorse,14994829476572082166,25,6,1,12
1720420143,22,Pufferfish,2187673731847744618,19,6,2,10
1720420143,16,Trout,3360840124102107466,24,5,3,11
1720420143,39,Snapperfish,9688257616074311598,25,6,2,17
1720420143,74,Mola Mola Fish,8717333509692784803,22,4,2,16
1720420143,7,Bass,14619363427764322759,25,5,3,19
1720420143,13,Sardine,17730312734209349627,19,6,1,17
1720420143,7,Bass,6623870269465221132,19,2,3,16
1720420143,71,Angel Fish,4092507244923148875,22,3,1,17
1720420143,65,Piranha,10551973074283819633,16,2,1,14
1720420143,100,Jellyfish,10248151240170511999,18,2,3,13
1720420143,72,Angelfish,15304519518043444935,22,7,3,5
1720420143,23,Pufferfish,2288004256841090022,19,1,2,14
1720420143,44,Clownfish,6075637733278361271,18,3,3,12
1720420143,41,Anglerfish,10182952161505410801,22,5,1,4
1720420143,13,Sardine,4816631815655801585,24,3,3,12
1720420143,32,Cod,197757683355662308,17,2,1,17
1720420143,50,Damsel Fish,7046085708598931207,20,2,4,5
1720420143,23,Pufferfish,12876134504709726994,24,1,2,13
1720420143,14,Sardine,5300961092890978560,21,5,1,13
1720420143,57,Spearfish,9966495351798279366,24,4,4,16
1720420143,37,Snapper,2110829717875547000,15,5,2,2
1720420143,68,Grouper,6491421702882747252,24,5,3,9
1720420143,87,Shrimp,11543266874239937924,15,3,4,9
1720420143,14,Sardine,15962290121080708597,12,4,1,8
1720420143,44,Clownfish,3467700744943728577,24,4,3,3
1720420143,45,Clownfish,15726564184909686103,27,2,4,5
1720420143,48,Electric Eel,8557967770976116323,23,3,3,2
1720420143,79,Turtle,11999698150819936498,29,5,2,5
1720420143,3,Tilpia,15102233348938182396,23,6,1,4
1720420143,29,Herring,835768800064339355,18,4,1,5
1720420143,75,Mola Mola Fish,14243135917975919406,28,2,3,17
1720420143,5,Perch,15984418960653982591,20,2,3,13
1720420143,5026,GamerPieJess fish,10570535449358412302,21,2,4,5
1720420143,22,Pufferfish,5813732229916358897,24,1,2,13
1720420143,89,Seahorse,3707746975930809794,20,3,2,17
1720420143,101,Red Handfish,9271655183412014332,34,4,6,4
1720420143,16,Trout,1212623193929713431,20,4,3,16
1720420143,8,Bass,13260210207988640337,17,2,1,16
1720420143,65,Piranha,575867841955082286,18,5,4,20
1720420143,54,Redgill,7053095832520347498,17,4,1,9
1720420143,89,Seahorse,8530415654175665201,20,2,2,14
1720420143,93,Blue Lobster,4733874864540114234,22,3,3,2
1720420143,46,Eel,16253293631929702082,15,5,4,5
1720420143,5028,404 Fish,17646098413465608295,34,6,1,8
1720420143,55,Spearfish,5655388983175665965,19,1,2,1
1720420143,41,Anglerfish,12280004446000810897,28,7,4,5
1720420143,5027,Cutthroat Trout,10134906710546209878,19,6,1,10
1720420143,11,Sardine,1275724089289076756,12,5,4,16
1720420143,5031,Boot,2363675526863838541,25,6,3,13
1720420143,26,Catfish,17426697425137692421,17,5,1,14
1720420143,13,Sardine,5609441385562669444,21,2,2,19
1720420143,44,Clownfish,18004850290191849477,26,5,4,1
1720420143,20,Trout,14125062731283326011,24,5,2,18
1720420143,13,Sardine,5138223749874402987,19,2,1,15
1720420143,5031,Boot,9209633734526787196,13,2,1,13
1720420143,87,Shrimp,8874628451737614007,28,4,1,17
1720420143,32,Cod,15278442174686634740,13,4,1,4
1720420143,6,Perch,6990499799778164871,27,3,4,14
1720420143,38,Snapper,6617970213647559418,19,5,3,5
1720420143,5026,GamerPieJess fish,7509167963120509442,15,6,1,16
1720420143,37,Snapper,118210205992323703,16,6,3,4
1720420143,5031,Boot,6437121799054259036,21,4,1,18
1720420143,65,Piranha,10102277551440931068,26,3,2,14
1720420143,37,Snapper,16683688403537955709,16,6,3,7
1720420143,84,Crab,13167364613596289583,21,3,4,15
1720420143,8,Bass,8417761854683581468,21,4,1,17
1720420143,5049,Axolotl,7206750389742441435,18,6,2,4
1720420143,93,Blue Lobster,3488793751072939459,23,3,3,8
1720420143,37,Snapper,17929886726871484648,20,4,4,8
1720420143,54,Redgill,956574490416918249,32,6,4,7
1720420143,5031,Boot,15776482441867187256,21,3,3,4
1720420143,26,Catfish,15811636155522164036,28,6,1,3
1720420143,77,Turtle,4373671040116903671,17,4,3,12
1720420143,11,Sardine,9054447481426420601,15,4,2,18
1720420143,62,Barracuda,9453680631867642275,14,6,1,9
1720420143,23,Pufferfish,12370012179664311613,22,2,2,9
1720420143,16,Trout,16645057218157257400,17,6,1,11
1720420143,4,Perch,3682539416309773124,15,6,4,2
1720420143,44,Clownfish,4133114770745518673,20,1,4,1
1720420143,32,Cod,10944728712887775744,13,1,4,6
1720420143,62,Barracuda,17696892497946386028,15,4,1,12
1720420143,32,Cod,12567170928731125164,14,5,4,16
1720420143,63,Barracuda,3659870497700966544,27,5,1,17
1720420143,65,Piranha,11775986975293667376,20,4,1,5
1720420143,23,Pufferfish,7876681391945196322,19,6,4,14
1720420143,59,Salmon,5954068823731361283,17,2,3,2
1720420143,23,Pufferfish,5574219519142145676,22,6,4,16
1720420143,56,Spearfish,2889577909160303641,28,2,4,13
1720420143,1,Tilapia,7152086145718798780,25,1,2,13
1720420143,16,Trout,17152704344795581571,22,6,2,10
1720420143,17,Spot Fish,9147226844413412166,26,6,1,10
1720420143,5031,Boot,14100328924361571832,18,5,3,10
1720420143,62,Barracuda,18303116261328146519,14,5,1,18
1720420143,7,Bass,741528453687580606,20,2,2,16
1720420143,5031,Boot,1246099060418873594,18,5,4,16
1720420143,22,Pufferfish,4427502845551167598,22,5,4,7
1720420143,58,Salmon,1684694423087267185,20,1,3,17,0
1720420143,82,Starfish,12230067608648000024,24,6,3,4,1
1720420143,68,Grouper,10475379754043630401,28,2,2,6,0
1720420143,80,Starfish,10894806872346822845,17,1,1,13,0
1720420143,46,Eel,436187765445908357,20,6,4,5,0
1720420143,19,Trout,18108391966932471693,15,4,3,9,0
1720420143,70,Angel Fish,16160474813275347584,14,6,1,20,0
1720420143,34,Triple Tail,9730784186385913362,16,3,1,18,0
1720420143,86,Shrimp,3676428044267114883,19,4,2,3,0
1720420143,24,Pufferfish,12246819640421028826,27,5,1,14,0
1720420143,40,Anglerfish,3656153034633552747,20,1,1,8,0
1720420143,38,Snapper,16233519938994229445,14,4,1,11,0
1720420143,51,Damsel Fish,11728837042092049480,22,3,1,10,0
1720420143,73,Rainbow Trout,11834343168368875943,29,5,6,12,23
1720420143,69,Grouper,68066169603411194,22,2,2,12,0
1720420143,40,Anglerfish,389925173586007543,20,6,1,6,0
1720420143,88,Shrimp King,7711627903615081913,27,9,6,19,6
1720420143,83,Crab,17732403050123001770,25,4,4,17,4
1720420143,98,Jellyfish,18197362081573970687,24,5,2,10,5
1720420143,29,Herring,3887183207475542735,19,6,1,12,2
1720420143,71,Angel Fish,6221327286866962362,18,6,2,11,0
1720420143,29,Herring,9355059605018506226,15,1,4,9,0
1723364021,45,Clownfish,1909983895773819663,28,4,2,13,4
1723364143,64,Piranha,8921320319790337491,13,3,3,2,0
1723364333,69,Grouper,10882458793221548143,20,6,2,8,2
1723364478,30,Herring,17872918145448258028,23,5,4,9,5
1723364854,17,Spot Fish,15261338473763992744,24,2,4,6,2
1723364995,93,Blue Lobster,2077248750981043438,24,4,2,12,0
1723365163,38,Snapper,7997673176381882932,18,1,1,8,0
1723365339,34,Triple Tail,7787560667919594788,18,6,4,8,0
1723365520,5,Perch,3494180819957387390,24,1,2,5,0
1723370927,30,Herring,8290787341896774850,23,2,1,4,0
1723371166,89,Seahorse,5843510572606119802,21,2,2,18,0
1723371779,47,Eel,955604415706154660,20,2,4,4,0
1723371899,74,Mola Mola Fish,2248511018144917662,23,1,3,6,0
1723372039,48,Electric Eel,13121257745369146475,19,2,1,18,0
1723372172,50,Damsel Fish,18078516448625633516,17,5,1,9,0
1723372301,8,Bass,14412848984068982676,21,6,2,18,0
1723372421,13,Sardine,10257924619056871852,19,1,4,3,0
1723372541,38,Snapper,17163446083152737838,21,2,4,4,0
1723372672,17,Spot Fish,12871785187682315368,18,6,3,7,0
