1720420143,17,Spot Fish,2941319729088342530,25,1,4,15
1720420143,28,Anchovy,3087210421173013353,18,3,2,2
1720420143,13,Sardine,95766302246808596,22,1,3,12
1720420143,16,Trout,15227732198995322010,18,5,2,19
1720420143,4,Perch,6278046468935363778,16,3,3,20
1720420143,71,Angel Fish,15123576569792609880,16,5,3,13
1720420143,81,Starfish,11643918971855549790,21,4,2,1
1720420143,81,Starfish,5610424375339347379,21,4,1,1
1720420143,104,Boot,16486251360705321080,20,1,3,11
1720420143,23,Pufferfish,12743361025200064585,19,6,4,4
1720420143,48,Electric Eel,5561180346525978677,16,7,3,3,0
1720420143,2,Tilapia,13080120865101646089,17,2,4,7,0
