1720420143,71,Angel Fish,15407047387056068409,20,3,4,4
1720420143,18,Trout,10286162497978009660,21,4,3,18
1720420143,5,Perch,613274792390036842,17,2,1,17
1720420143,98,Jellyfish,14931449528315617013,29,4,3,12
1720420143,60,Green Salmon,874171606537283426,25,5,1,6
1720420143,89,Seahorse,9846020560132749551,20,6,2,20
1720420143,7,Bass,11161085508438766954,14,4,3,19
1720420143,5059,Great white shark,15344914229323062735,25,7,4,11
1720420143,14,Sardine,12363895028284749641,16,3,4,3
1720420143,76,Mola Mola Fish,14911233180413911576,32,3,4,4
1720420143,45,Clownfish,14977472987276806756,26,3,2,7
1720420143,8,Bass,5693082450877912869,16,2,2,17
1720420143,62,Barracuda,5408459443660793025,16,3,4,2
1720420143,15,Spotfish,9617943478175629633,20,2,3,17
1720420143,26,Catfish,13529686647572809802,26,2,4,21
1720420143,62,Barracuda,12011512269678454220,16,4,1,20
1720420143,76,Mola Mola Fish,5364450273079516826,29,9,3,16
1720420143,65,Piranha,3464519210268854140,19,2,1,4
1720420143,31,Cod,8181388115322746868,21,4,4,2
1720420143,38,Snapper,15786715612546731931,12,2,2,3
1720420143,77,Turtle,5171796871712313107,19,5,3,10
