1720420143,67,Grouper,841045212896084164,18,6,1,8,0
1720420143,44,Clownfish,8012345950421398184,20,4,2,19,0
1720420143,75,Mola Mola Fish,2624856389811370099,27,6,4,18,2
1720420143,8,Bass,4663197511676966488,21,2,4,11,0
1720420143,28,Anchovy,8177022879719752149,16,6,1,6,0
1720420143,7,Bass,8813738387564773918,20,2,1,16,0
1720420143,25,Catfish,4754807065302535397,18,6,3,15,3
1720420143,13,Sardine,5523005249491589601,22,6,4,11,0
1720420143,16,Trout,6865644663100410287,14,6,3,2,0
1720420143,31,Cod,6990819557578639997,20,1,2,8,0
1720420143,19,Trout,14934961795800094181,15,1,4,19,0
1720420143,10,Sardine,15038868740711537974,16,2,4,3,0
1720420143,86,Shrimp,15274062817785345265,15,2,1,9,0
1720420143,32,Cod,11761153455290896539,19,6,4,11,0
1720420143,70,Angel Fish,18330341642890354983,26,4,4,1,3
1720420143,31,Cod,10869901882332228616,19,1,4,1,0
1720420143,90,Seahorse,1435190612833781199,24,5,2,14,0
1720420143,43,Clownfish,14003896096349930777,14,5,4,13,0
1720420143,10,Sardine,1281299487996321238,16,2,1,9,0
1720420143,11,Sardine,17289949508244716139,20,6,2,8,3
1720420143,99,Jellyfish,3908698019583134722,14,2,3,19,0
