1720420143,1,Tilapia,3763774591253653457,19,6,3,6
1720420143,5029,{NULL}fish,4660430910990640063,100,0,0,0
1720420143,5029,{NULL}fish,1137512914597005321,100,0,0,0
1720420143,5029,{NULL}fish,10015524559823474856,100,0,0,0
1720420143,14,Sardine,9140362370785580209,19,1,2,4
1720420143,38,Snapper,10095046357405211656,16,5,1,13
1720420143,5029,{NULL}fish,2772892487310271916,100,0,0,0
1720420143,5029,{NULL}fish,9655155537126216084,100,0,0,0
1720420143,5029,{NULL}fish,8710102112202996582,100,0,0,0
1720420143,5029,{NULL}fish,10308712462423621267,100,0,0,0
1720420143,5029,{NULL}fish,1521743782643313175,100,0,0,0
1720420143,7,Bass,3364891385904139071,22,2,2,1
1720420143,74,Mola Mola Fish,6593573727051845233,23,6,3,11
1720420143,77,Turtle,2669023098165234354,20,3,2,3
1720420143,37,Snapper,14252327214067214514,17,4,2,10
1720420143,72,Angelfish,12316129196352318812,19,3,2,2
1720420143,11,Sardine,5289316100737653653,17,3,4,6
1720420143,56,Spearfish,2444149925156127161,29,2,2,11
1720420143,34,Triple Tail,12610932401680602188,21,3,4,8
1720420143,19,Trout,3438121856243626762,21,5,4,7
1720420143,36,Triple Tail,14083553943542463113,24,3,2,4
1720420143,81,Starfish,15295101571318700263,19,2,3,15
1720420143,5027,Cutthroat Trout,8339554419622245309,22,2,3,8
1720420143,89,Seahorse,4627352687405194077,22,4,4,1
1720420143,44,Clownfish,5203455157512718675,16,1,2,12
1720420143,30,Herring,11909751299743114794,26,1,1,2
1720420143,77,Turtle,4409540053313681808,24,1,4,1
1720420143,74,Mola Mola Fish,7832349175116247740,18,2,1,5
1720420143,21,Trout,7498671904596037234,26,7,4,15
1720420143,19,Trout,5621830298150824834,17,4,3,15
1720420143,4,Perch,6606842127966240956,21,4,1,2
1720420143,14,Sardine,5631838931983907267,22,2,2,4
1720420143,94,Lobster,8784746305459820073,32,7,2,17
1720420143,31,Cod,17210259103671094663,17,1,4,8
1720420143,50,Damsel Fish,14517378624901457722,19,6,2,8
1720420143,31,Cod,6923837800376534845,16,2,2,12
1720420143,62,Barracuda,3832957243264289706,18,3,2,4
1720420143,25,Catfish,18105419935432808079,19,2,2,1
1720420143,16,Trout,10695006986853542690,18,4,1,1
1720420143,55,Spearfish,15879023450519483242,26,3,2,6
1720420143,28,Anchovy,17350292619540631619,17,6,1,14
1720420143,65,Piranha,12011668689441352217,18,2,2,13
1720420143,79,Turtle,14214115691639693135,28,6,5,10
