1720420143,1,Tilapia,6757059538879052699,20,1,4,5
1720420143,45,Clownfish,1766028213889251324,30,5,3,3
1720420143,19,Trout,4827614958660803353,20,2,2,14
1720420143,72,Angelfish,15150801652053229572,28,4,2,6
1720420143,26,Catfish,16443741673715195008,27,2,4,17
1720420143,19,Trout,9412361533560938136,16,3,3,13
1720420143,65,Piranha,8452791131964975750,22,6,3,14
1720420143,55,Spearfish,13441352492112235131,23,5,1,1
1720420143,17,Spot Fish,1291712494784481794,24,6,3,17
1720420143,24,Pufferfish,11807427295991714463,21,6,2,7
1720420143,26,Catfish,16200975880601043666,28,7,2,2
1720420143,16,Trout,4951312207414660433,23,1,2,13
1720420143,13,Sardine,8178578099281726584,14,1,4,17
1720420143,22,Pufferfish,9045233832967225329,17,3,2,11
1720420143,15,Spotfish,5320144622375636800,25,4,3,16
1720420143,62,Barracuda,3728326810231906940,22,5,2,6
1720420143,5,Perch,615193766345258161,17,5,2,6
1720420143,90,Seahorse,16262702848052726581,31,6,1,17
1720420143,84,Crab,16747384250514454519,30,6,1,13
1720420143,20,Trout,1481806999597298798,25,3,2,11
1720420143,6,Perch,14089894498022642379,29,6,1,7
1720420143,30,Herring,1408123161890658773,13,1,2,5
1720420143,84,Crab,18176364097619982833,25,4,4,5
1720420143,84,Crab,13129821970126524652,33,4,4,8
1720420143,69,Grouper,16091000603841098125,19,6,1,14
1720420143,87,Shrimp,6775164111764522180,22,5,4,12
1720420143,59,Salmon,147439368953147416,17,1,4,19
1720420143,87,Shrimp,8367413181597031796,18,6,4,11
1720420143,18,Trout,8211544316653318710,24,2,1,17
1720420143,17,Spot Fish,7952408980271000039,12,5,1,3
1720420143,20,Trout,5504705931607724482,27,4,4,14
1720420143,50,Damsel Fish,11004050942102087229,19,2,1,6
1720420143,45,Clownfish,15332874820864920715,18,6,1,18
1720420143,8,Bass,6840372122366665206,24,3,1,8
1720420143,43,Clownfish,5789614825162431570,13,2,4,16
1720420143,75,Mola Mola Fish,765688504611719536,28,3,1,7
1720420143,84,Crab,3736471595069561747,19,3,1,5
1720420143,14,Sardine,3775756698204264870,17,1,3,18
1720420143,50,Damsel Fish,14450790218522224316,16,4,1,2
1720420143,71,Angel Fish,12525931674132605914,21,2,1,3
1720420143,14,Sardine,80541922687415053,21,3,4,20
1720420143,14,Sardine,18110890881803913524,24,5,1,17
1720420143,100,Jellyfish,3896148457606781565,27,7,2,11
1720420143,41,Anglerfish,484678375920872672,22,6,4,12
1720420143,11,Sardine,13620227589690925607,21,5,1,8
1720420143,5010,Blahaj,15296811616853594556,26,8,6,4
1720420143,84,Crab,9450044262026610362,27,5,2,20
1720420143,17,Spot Fish,9635511675675759413,15,3,4,10
1720420143,33,Cod,11264508454599200785,23,4,3,16
1720420143,17,Spot Fish,1333656117449348834,19,1,2,17
1720420143,16,Trout,18078943293280282205,17,1,3,16
1720420143,77,Turtle,13004861257416688348,21,3,2,11
1720420143,10,Sardine,10862435807535478154,19,2,2,4
1720420143,93,Blue Lobster,14640992341602673421,24,2,3,12
1720420143,5,Perch,955938542310943468,19,3,1,7
1720420143,104,Boot,3822532849998644685,16,6,2,7
1720420143,77,Turtle,8079249244944450740,21,5,2,12
1720420143,16,Trout,4962057584964795525,14,1,1,16
1720420143,29,Herring,18071816576153394662,21,4,2,13
1720420143,32,Cod,9165899664762399291,18,5,3,2
1720420143,24,Pufferfish,7450909684995557473,28,3,3,11
1720420143,33,Cod,9082988782996228768,26,4,3,12
1720420143,17,Spot Fish,824791219663272649,17,3,3,7
1720420143,17,Spot Fish,8121855831956583406,20,3,2,15
1720420143,104,Boot,9952363451052142153,18,4,4,18
1720420143,17,Spot Fish,11019813420369038487,22,6,2,19
1720420143,50,Damsel Fish,3014170301979413611,20,6,1,4
1720420143,20,Trout,10958942254420761663,28,6,3,7
1720420143,32,Cod,6599667630733007868,19,1,3,2
1720420143,46,Eel,74927749001260833,22,4,3,11
1720420143,56,Spearfish,266992695486143319,25,7,3,14
1720420143,28,Anchovy,16486889100679618681,17,3,4,17
1720420143,57,Spearfish,10124371248759142975,19,7,4,20
1720420143,14,Sardine,18407503540938932849,15,4,4,11
1720420143,41,Anglerfish,12555949453070347657,18,4,1,12
1720420143,39,Snapperfish,5232582290883094798,23,7,1,16
1720420143,3,Tilpia,9152278655191458417,24,6,4,2
1720420143,77,Turtle,9827277008833959988,23,4,4,20
1720420143,19,Trout,8919816189227997543,21,1,3,17
1720420143,7,Bass,2252180704507176522,20,5,3,11
1720420143,72,Angelfish,11444355489230377804,24,3,2,3
1720420143,16,Trout,5752664510085157308,17,2,2,13
1720420143,75,Mola Mola Fish,451308581171647127,22,6,2,13
1720420143,77,Turtle,6280575392537447968,13,5,1,8
1720420143,87,Shrimp,2193048849236069985,26,4,1,16
1720420143,19,Trout,16838138542026411050,14,4,2,3
1720420143,39,Snapperfish,1177345942794199967,22,2,4,3
1720420143,90,Seahorse,16649580513287161383,25,4,3,6
1720420143,79,Turtle,10329535320385420246,15,10,1,15
1720420143,46,Eel,14198159218537705127,20,2,4,4
1720420143,62,Barracuda,11030088160578186034,22,4,4,14
1720420143,4,Perch,3407182022457002892,21,2,1,9
1720420143,20,Trout,14459090112704318709,34,3,1,11
1720420143,81,Starfish,767509843619821718,18,1,1,6
1720420143,75,Mola Mola Fish,16205226552499912366,19,4,2,8
1720420143,84,Crab,997062945973406240,23,4,3,7
1720420143,26,Catfish,13561313248777415603,20,7,2,16
1720420143,7,Bass,2667478804790260381,14,5,1,9
1720420143,90,Seahorse,8733579920848768124,23,6,4,6
1720420143,19,Trout,13493180769644987837,17,2,1,1
1720420143,59,Salmon,5920411199496618228,19,5,3,18
1720420143,89,Seahorse,1830750946277941551,15,5,2,16
1720420143,81,Starfish,3680017106005796430,17,3,2,19
1720420143,6,Perch,9343976013585806511,25,4,4,5
1720420143,27,Catfish,11561379781514126871,26,5,2,5
1720420143,27,Catfish,4951880443274263668,26,6,2,10
1720420143,75,Mola Mola Fish,9050110923589055074,23,3,4,4
1720420143,17,Spot Fish,494457756197078047,20,4,1,7
1720420143,43,Clownfish,12179868698448377226,22,2,2,16
1720420143,18,Trout,106170275407837602,22,3,2,6
1720420143,31,Cod,16866345364383062601,23,1,1,5
1720420143,75,Mola Mola Fish,13794473795778796668,14,7,2,2
1720420143,43,Clownfish,11027796150939347512,22,1,3,20
1720420143,72,Angelfish,14579754405272890815,24,3,3,4
1720420143,20,Trout,8794806937667581962,28,5,3,17
1720420143,5010,Blahaj,10745203880397868285,30,9,6,21
1720420143,11,Sardine,11734652592780217019,25,4,4,1
1720420143,17,Spot Fish,8941841288019536985,16,6,1,4
1720420143,94,Lobster,11995653610921089868,31,6,4,13
1720420143,62,Barracuda,1857367075065973816,22,5,2,9
1720420143,32,Cod,4613523940103930023,13,1,4,17
1720420143,104,Boot,13618730779542192800,19,6,3,11
1720420143,47,Eel,1773576698539304233,16,6,1,13
1720420143,9,Bass,7272118609537443599,27,5,1,4
1720420143,26,Catfish,17547204785568645139,21,2,3,8
1720420143,25,Catfish,13103212824645687042,22,2,1,6
1720420143,90,Seahorse,505267681547744261,28,5,1,2
1720420143,26,Catfish,12148946035420334746,32,6,4,20
1720420143,15,Spotfish,16188250989986496924,17,4,3,19
1720420143,59,Salmon,17023512158126768649,21,5,3,18
1720420143,78,Turtle,15122813995948476944,31,5,4,8
1720420143,17,Spot Fish,10266311442009868278,20,4,3,2
1720420143,50,Damsel Fish,4834409230939776921,20,4,3,8
1720420143,82,Starfish,15741757787845060095,28,4,2,14
1720420143,104,Boot,1503494325616887271,21,2,4,19
1720420143,87,Shrimp,3494402698014008707,22,5,4,8
1720420143,17,Spot Fish,10226336155016326483,18,4,3,19
1720420143,10,Sardine,2393070848992563648,21,4,2,2
1720420143,20,Trout,14308371560233469656,20,3,1,7
1720420143,7,Bass,9003101110215706928,20,1,1,12
1720420143,104,Boot,9221007544404805250,24,5,1,1
1720420143,5,Perch,15973011465399893096,14,6,2,15
1720420143,20,Trout,8709413204304147438,21,2,2,10
1720420143,26,Catfish,17818750012633016378,26,5,1,19
1720420143,7,Bass,7566932287691187547,19,6,4,10
1720420143,17,Spot Fish,2555707403863555216,21,1,4,3
1720420143,10,Sardine,7206381414121119661,25,6,3,9
1720420143,19,Trout,81186689044035848,14,4,1,8
1720420143,84,Crab,17584753593366535063,21,3,3,21
1720420143,77,Turtle,13068432999637052418,18,5,1,18
1720420143,17,Spot Fish,12903822346618924991,24,3,2,13
1720420143,10,Sardine,1564598379637095671,20,2,2,1
1720420143,89,Seahorse,7177730140527439335,12,5,1,20
1720420143,41,Anglerfish,4784790077218299377,21,4,1,12
1720420143,62,Barracuda,11147496658467830322,19,1,4,17
1720420143,17,Spot Fish,3109975896279096172,17,3,4,14
1720420143,5010,Blahaj,17676904352366843620,36,10,6,4
1720420143,38,Snapper,930922236579043761,13,3,4,5
1720420143,43,Clownfish,579327632811449269,14,2,3,17
1720420143,76,Mola Mola Fish,9842355955380018603,15,3,6,9
1720420143,8,Bass,6415736097230446362,20,2,1,10
1720420143,78,Turtle,16929223404818704385,23,6,3,11
1720420143,31,Cod,12245935622587038910,16,1,1,20
1720420143,62,Barracuda,6180728264978182883,16,3,3,20
1720420143,75,Mola Mola Fish,112239525307890025,23,2,2,9
1720420143,90,Seahorse,15263191872048658320,21,3,4,13
1720420143,30,Herring,5104705714410477629,17,2,1,17
1720420143,43,Clownfish,7938467595680983264,14,1,3,11
1720420143,29,Herring,12411375734247302946,20,5,4,14
1720420143,38,Snapper,8031456781678095947,16,1,4,1
1720420143,59,Salmon,6754133923534513554,24,1,4,11
1720420143,5010,Blahaj,212871115373233657,33,6,6,11
1720420143,50,Damsel Fish,14176242658701499153,18,6,2,6
1720420143,32,Cod,2296431580570806257,20,1,3,1
1720420143,78,Turtle,13264537235084568773,26,4,4,9
1720420143,53,Bluegill,3533783147896659975,20,2,1,20
1720420143,6,Perch,13422452369546505225,27,4,1,7
1720420143,104,Boot,8656592075934258594,20,4,4,13
1720420143,65,Piranha,18277625066459258461,19,6,3,6
1720420143,56,Spearfish,3879906118905434496,32,3,2,21
1720420143,28,Anchovy,16497562629476726330,13,6,4,17
1720420143,46,Eel,9200257472763717033,20,1,2,17
1720420143,17,Spot Fish,13893471646819373782,16,3,1,17
1720420143,31,Cod,684738818040611207,17,4,3,7
1720420143,50,Damsel Fish,12727690880654710900,18,2,3,4
1720420143,48,Electric Eel,2555637040102124150,27,2,2,8
1720420143,21,Trout,2002274914520024984,27,5,3,15
1720420143,38,Snapper,17862710256682902629,21,1,2,12
1720420143,87,Shrimp,4233931273983245196,21,5,3,18
1720420143,1,Tilapia,10490502973332365551,22,3,1,7
1720420143,13,Sardine,13317607139086000517,21,3,1,2
1720420143,65,Piranha,8567248682754064453,22,2,4,11
1720420143,19,Trout,15718890697334691612,18,4,2,3
1720420143,7,Bass,8267154095371158657,18,5,3,5
1720420143,4,Perch,7159794040486448800,17,2,2,10
1720420143,44,Clownfish,9410532882131148823,22,1,3,9
1720420143,11,Sardine,13737963405506781758,18,1,2,9
1720420143,17,Spot Fish,4751768380041450102,22,3,2,17
1720420143,81,Starfish,3167553670314489606,19,2,4,13
1720420143,28,Anchovy,1189652842566622811,13,4,1,9
1720420143,13,Sardine,16331415245467782238,23,5,4,16
1720420143,32,Cod,10598349604888891708,15,5,2,16
1720420143,103,{NULL}fish,9690099234870319740,100,0,0,0
1720420143,103,{NULL}fish,17712385631178498299,100,0,0,0
1720420143,103,{NULL}fish,1490671971753235190,100,0,0,0
1720420143,103,{NULL}fish,10523701508347154549,100,0,0,0
1720420143,23,Pufferfish,4110915247844852849,18,3,4,15
1720420143,28,Anchovy,881701878262331793,18,5,1,3
1720420143,104,Boot,14912685087559372248,14,6,2,10
1720420143,103,{NULL}fish,11863265325191193863,100,0,0,0
1720420143,19,Trout,742223676479564798,22,4,2,16
1720420143,14,Sardine,12205679443797179170,19,2,1,1
1720420143,103,{NULL}fish,5112497068984472500,100,0,0,0
1720420143,43,Clownfish,8534480676280575960,19,4,2,8
1720420143,25,Catfish,2706363981180943600,16,6,3,9
1720420143,63,Barracuda,16932071248431213017,25,7,4,11
1720420143,47,Eel,13127430751419968657,18,5,2,7
1720420143,16,Trout,2709817348344197027,17,2,4,3
1720420143,1,Tilapia,14199592126619409229,16,4,3,14
1720420143,16,Trout,10163762667432433451,18,2,3,7
1720420143,104,Boot,11207698312665285236,13,2,2,3
1720420143,69,Grouper,16828258073983212937,12,6,4,14
1720420143,39,Snapperfish,13504489015794054757,31,7,4,14
1720420143,10,Sardine,18176743195073761791,16,6,2,8
1720420143,10,Sardine,2451099297449554250,21,4,2,4
1720420143,103,{NULL}fish,4283189558606561852,100,0,0,0
1720420143,103,{NULL}fish,189744541218618444,100,0,0,0
1720420143,40,Anglerfish,14094388278387260906,22,1,3,18
1720420143,65,Piranha,3980407472891851115,19,3,1,5
1720420143,57,Spearfish,12694014818783084879,31,4,4,8
1720420143,8,Bass,2521459614655404729,26,4,1,5
1720420143,94,Lobster,3048163920787252180,26,4,3,3
1720420143,5067,Pop-eyed goldfish,5866133165778968303,24,3,2,12
1720420143,22,Pufferfish,2227488654465309671,19,5,3,10
1720420143,53,Bluegill,11217187682360590306,21,2,2,20
1720420143,14,Sardine,962444416200301675,22,1,2,16
1720420143,4,Perch,2461636569138404072,25,5,2,1
1720420143,71,Angel Fish,17837994960983180322,18,1,1,1
1720420143,65,Piranha,10383988483874785216,16,6,2,13
1720420143,74,Mola Mola Fish,4361938851748685838,15,2,4,16
1720420143,69,Grouper,10458862743684619730,21,2,3,7
1720420143,10,Sardine,13857204834564997851,15,4,4,4
1720420143,44,Clownfish,17030745707938891787,21,2,3,7
1720420143,50,Damsel Fish,12833163502036535151,19,3,4,1
1720420143,98,Jellyfish,3885905735232559479,32,6,2,20
1720420143,50,Damsel Fish,4812560548897665907,14,3,2,18
1720420143,103,{NULL}fish,14584086065389442343,100,0,0,0
1720420143,14,Sardine,15901973770557175625,16,3,3,7
1720420143,21,Trout,67934059951263787,24,2,1,9
1720420143,40,Anglerfish,1512398664740282533,20,5,1,3
1720420143,79,Turtle,537817581991517683,24,3,3,8
1720420143,55,Spearfish,1645168844195314141,13,2,3,10
1720420143,24,Pufferfish,4127395296784932199,27,6,4,19
1720420143,34,Triple Tail,11512153472224146405,19,5,1,16
1720420143,40,Anglerfish,4837455489944198920,18,2,2,6
1720420143,90,Seahorse,8902094943370969071,33,5,4,13
1720420143,24,Pufferfish,5426694963345488710,18,6,2,15
1720420143,8,Bass,4382589772239683460,18,6,2,7
1720420143,14,Sardine,5221369871768907724,23,4,3,12
1720420143,26,Catfish,10461548935468291066,24,4,2,2
1720420143,25,Catfish,7972934463524161592,19,5,3,10
1720420143,31,Cod,17294859064397600702,24,2,3,20
1720420143,3,Tilpia,9689232289668932409,21,3,2,1
1720420143,77,Turtle,5304454086790283289,18,4,2,6
1720420143,26,Catfish,1871181214375524787,23,5,4,11
1720420143,5,Perch,12700066987137409574,16,1,1,9
1720420143,55,Spearfish,11726626251905744093,15,5,4,1
1720420143,60,Green Salmon,2627392835725593219,25,4,4,13
1720420143,43,Clownfish,2431793372110191745,14,1,3,3
1720420143,53,Bluegill,5698927354606008876,15,6,3,7
1720420143,81,Starfish,2223604890118793213,20,6,3,7
1720420143,62,Barracuda,9470762559077786951,17,1,4,17
1720420143,17,Spot Fish,10302647842745518398,17,1,3,2
1720420143,27,Catfish,16723961513754591063,32,4,3,3
1720420143,20,Trout,16988407883164588107,28,5,4,10
1720420143,10,Sardine,8947305943382516656,21,3,4,3
1720420143,29,Herring,10714116359116569702,17,1,3,15
1720420143,5059,Great white shark,10797134153918154984,23,2,4,21
1720420143,65,Piranha,13005190235601004463,21,6,1,9
1720420143,47,Eel,2545913072521728561,19,5,2,4
1720420143,25,Catfish,15931305263126636447,20,5,3,2
1720420143,41,Anglerfish,13255180173546169880,27,3,3,20
1720420143,81,Starfish,14088859921415146737,20,2,4,5
1720420143,3,Tilpia,8940838297765333838,25,4,4,9
1720420143,8,Bass,8645493670992169663,26,6,1,15
1720420143,5,Perch,7485051978788777742,22,6,4,15
1720420143,7,Bass,3486438156693989459,24,6,3,3
1720420143,104,Boot,7651678684294294997,19,4,4,8
1720420143,63,Barracuda,5460674902188030133,27,4,4,4
1720420143,25,Catfish,16539692985943241062,13,3,1,2
1720420143,43,Clownfish,222793678462816406,20,2,4,17
1720420143,7,Bass,2006679994207907474,18,1,1,11
1720420143,5,Perch,11693755511548021120,21,4,3,11
1720420143,81,Starfish,12850180010725531213,25,3,1,19
1720420143,50,Damsel Fish,15682327471174390828,16,3,3,6
1720420143,82,Starfish,16404612981608002991,20,4,1,11
1720420143,8,Bass,17147950950533266005,20,3,3,1
1720420143,30,Herring,5826996991955990314,21,1,4,10
1720420143,10,Sardine,850813204738455828,17,4,2,10
1720420143,35,Triple Tail,5859795004560175376,23,7,4,7
1720420143,82,Starfish,15449787952019501690,20,5,2,15
1720420143,34,Triple Tail,4404054018431882053,20,3,2,7
1720420143,25,Catfish,5731625362854746743,16,6,3,14
1720420143,5059,Great white shark,15033829700233594711,25,2,3,8
1720420143,13,Sardine,14631883527954747642,21,4,2,6
1720420143,22,Pufferfish,5945008262070202030,19,4,2,7
1720420143,69,Grouper,8365223376160134064,21,1,1,2
1720420143,55,Spearfish,2079660650580155436,21,5,3,6
1720420143,94,Lobster,923951220472833587,30,4,1,13
1720420143,4,Perch,13976345121462761101,12,6,2,13
1720420143,30,Herring,13598591315139634066,17,4,2,7
1720420143,3,Tilpia,15619140832498732161,19,5,1,12
1720420143,47,Eel,29297906768159255,21,6,4,18
1720420143,8,Bass,5253112347522354613,17,1,4,6
1720420143,56,Spearfish,2795638725124191368,29,2,3,8
1720420143,77,Turtle,18150641911496829924,19,5,3,11
1720420143,90,Seahorse,794980455085133916,16,2,2,13
1720420143,46,Eel,8580816291529072060,18,5,1,5
1720420143,1,Tilapia,5650054771552045859,17,6,3,1
1720420143,19,Trout,6588670375814763095,22,4,2,16
1720420143,43,Clownfish,2755688894787980524,15,2,4,17
1720420143,8,Bass,1401656278560515563,19,3,4,2
1720420143,72,Angelfish,11445285421348777808,27,3,1,6
1720420143,69,Grouper,15994838031578547324,17,1,1,16
1720420143,19,Trout,7611870723332969709,19,6,1,17
1720420143,20,Trout,14266277044321429782,33,3,4,21
1720420143,11,Sardine,16909331866619290935,18,3,4,20
1720420143,47,Eel,3222559591742689522,15,6,4,2
1720420143,4,Perch,17235270577604292136,20,4,4,14
1720420143,81,Starfish,1906773098432185943,16,6,4,4
1720420143,5,Perch,16402109371194906432,20,3,3,9
1720420143,48,Electric Eel,15793342952924089523,15,2,4,5
1720420143,9,Bass,1634252343858871367,26,7,4,20
1720420143,79,Turtle,2703324138013123270,21,7,1,4
1720420143,15,Spotfish,16259283148471683985,23,4,4,19
1720420143,30,Herring,5251436799039676496,15,3,1,4
1720420143,59,Salmon,4624737925013137287,18,3,4,16
1720420143,94,Lobster,6396921074960845762,25,5,3,17
1720420143,46,Eel,18143960025187161490,22,6,3,4
1720420143,31,Cod,756847125494381937,23,2,2,9
1720420143,10,Sardine,17541150312732640655,19,3,1,13
1720420143,84,Crab,7363447469730796114,29,3,4,17
1720420143,102,Axolotl,3062096001548322084,30,3,3,22
1720420143,102,Axolotl,7103706325205490132,19,8,2,20
1720420143,62,Barracuda,8547697235803685024,16,5,1,6
1720420143,47,Eel,1019299742808263383,21,3,2,5
1720420143,69,Grouper,10374621498527055408,21,6,3,5
1720420143,36,Triple Tail,9847188785421486411,30,2,2,9
1720420143,31,Cod,1798248700276705307,18,5,4,1
1720420143,11,Sardine,8166934293365239842,20,4,3,10
1720420143,8,Bass,3505765129749340479,13,6,4,10
1720420143,3,Tilpia,10924547760986085547,18,2,4,9
1720420143,47,Eel,4246520910594191954,19,1,2,3
1720420143,17,Spot Fish,3347540964299630312,16,6,1,6
1720420143,24,Pufferfish,10913985948228652844,28,3,3,12
1720420143,81,Starfish,2170967489786974405,15,1,4,13
1720420143,4,Perch,1285007102668818770,18,3,3,2
1720420143,29,Herring,247690184323392748,18,3,3,15
1720420143,10,Sardine,7064607156536911914,22,6,2,18
1720420143,25,Catfish,7698111800340041614,25,4,3,2
1720420143,89,Seahorse,10484237183881314996,20,5,2,10
1720420143,31,Cod,15270119533892615155,17,1,3,16
1720420143,103,{NULL}fish,1101846992229732204,100,0,0,0
1720420143,93,Blue Lobster,16983104784834423234,27,2,1,13
1720420143,40,Anglerfish,16548010693836255438,17,3,4,15
1720420143,19,Trout,4453353261675722417,14,2,1,9
1720420143,16,Trout,11734073699169559686,18,6,2,8
1720420143,19,Trout,11771846384923953800,16,6,1,13
1720420143,87,Shrimp,16654096863733593761,22,7,1,17
1720420143,50,Damsel Fish,13177344780441245451,15,2,1,20
1720420143,18,Trout,5962271369401071960,33,3,2,13
1720420143,47,Eel,10599656551126010074,19,6,3,4
1720420143,68,Grouper,16718849757051807756,29,6,3,13
1720420143,10,Sardine,9029214351279815970,16,3,1,19
1720420143,59,Salmon,132380335255523983,17,1,1,6
1720420143,8,Bass,2514352945519392599,15,2,3,8
1720420143,59,Salmon,14191024419827563884,20,2,1,12
1720420143,19,Trout,4677842187367883224,22,4,2,3
1720420143,5,Perch,3100803820693560686,18,2,1,9
1720420143,40,Anglerfish,7195022094321436857,16,6,1,4
1720420143,93,Blue Lobster,18288563988111217174,14,4,1,21
1720420143,46,Eel,10574544879117248449,18,3,3,12
1720420143,57,Spearfish,10736941013272727626,29,2,2,10
1720420143,60,Green Salmon,2348739320814632708,25,4,4,19
1720420143,43,Clownfish,9740446048895220197,17,1,4,6
1720420143,33,Cod,5656474343019621160,29,7,2,8
1720420143,8,Bass,13476896744757327493,22,5,2,18
1720420143,13,Sardine,11087204281500229787,18,2,4,15
1720420143,19,Trout,5992117146476546148,18,4,3,8
1720420143,19,Trout,12264908187039375784,18,5,3,6
1720420143,50,Damsel Fish,17327336301369892978,21,3,1,1
1720420143,45,Clownfish,13692627497075793713,27,4,3,12
1720420143,35,Triple Tail,9350625179666705554,22,2,4,12
1720420143,4,Perch,9518530376575663156,14,2,4,4
1720420143,32,Cod,10158242387620346570,20,1,1,5
1720420143,22,Pufferfish,4605229702453965093,19,2,4,8
1720420143,46,Eel,13117228316218795145,22,6,3,14
1720420143,30,Herring,12006038266726925881,25,1,1,8
1720420143,81,Starfish,18403411649226142199,17,5,4,11
1720420143,28,Anchovy,16218862079662261208,18,4,1,8
1720420143,8,Bass,5582814081687377997,24,5,2,20
1720420143,5059,Great white shark,13420114717277400647,34,2,1,9
1720420143,5,Perch,17461907495425276597,14,3,2,10
1720420143,4,Perch,4372727666098864558,14,4,3,5
1720420143,63,Barracuda,11909034851030277604,28,5,3,14
1720420143,45,Clownfish,2722654435150123929,33,7,3,11
1720420143,5,Perch,989928110709575055,17,3,2,13
1720420143,5059,Great white shark,11249744339964716058,20,6,2,2
1720420143,21,Trout,4230116085414578153,26,6,3,4
1720420143,11,Sardine,4328968177863219028,14,2,1,7
1720420143,103,{NULL}fish,5752828295670481637,100,0,0,0
1720420143,104,Boot,1866789693360077695,24,6,1,3
1720420143,32,Cod,508651854886166185,18,3,1,17
1720420143,31,Cod,14822251494786294666,18,4,1,11
1720420143,59,Salmon,15952961670468852988,16,1,2,16
1720420143,5010,Blahaj,4947687704438749063,36,4,6,7
1720420143,74,Mola Mola Fish,5048825359490469629,16,6,1,20
1720420143,81,Starfish,15876772557672441083,13,3,1,5
1720420143,44,Clownfish,14738713126230058999,21,2,2,7
1720420143,25,Catfish,1617823671374133037,19,5,2,14
1720420143,37,Snapper,14658937464543894267,13,6,1,17
1720420143,69,Grouper,5850443947553420194,13,6,2,14
1720420143,60,Green Salmon,6881830769939958027,31,3,4,12
1720420143,8,Bass,2602404435300323863,19,1,3,11
1720420143,103,{NULL}fish,5126819260957085161,100,0,0,0
1720420143,14,Sardine,17699957531363788394,16,4,2,13
1720420143,25,Catfish,14372455603339848455,23,4,3,14
1720420143,9,Bass,14404467905882807316,24,5,4,2
1720420143,8,Bass,9724597593325626417,22,4,4,20
1720420143,76,Mola Mola Fish,12361106127940527331,26,6,4,13
1720420143,13,Sardine,8071738198121784415,15,1,1,5
1720420143,14,Sardine,11137281679916984295,18,5,3,19
1720420143,30,Herring,1285192807312398162,17,6,3,14
1720420143,71,Angel Fish,11240256083074445099,16,4,1,14
1720420143,43,Clownfish,11777273377780582819,15,2,1,14
1720420143,93,Blue Lobster,7688074382568866808,23,3,4,13
1720420143,17,Spot Fish,12104954797213754293,20,4,4,7
1720420143,37,Snapper,13660501618907493065,19,3,2,10
1720420143,89,Seahorse,12616097346895126779,18,6,3,7
1720420143,23,Pufferfish,9916288239185072986,23,5,2,4
1720420143,1,Tilapia,3794292253480068569,14,3,1,4
1720420143,48,Electric Eel,10392442032994057712,29,7,1,10
1720420143,47,Eel,17497184314816282995,20,4,1,13
1720420143,13,Sardine,10482586982169274988,18,1,1,12
1720420143,53,Bluegill,4329698234965674446,14,4,3,12
1720420143,71,Angel Fish,17022310184293243350,25,1,1,6
1720420143,53,Bluegill,4492525165550977469,20,5,2,7
1720420143,47,Eel,17468810821417777131,19,5,3,4
1720420143,5010,Blahaj,5631221859280011441,29,11,6,10
1720420143,46,Eel,8683573358058350596,16,2,3,18
1720420143,39,Snapperfish,8064969211450808055,24,6,3,13
1720420143,71,Angel Fish,15658802608312235736,16,1,1,18
1720420143,81,Starfish,11340316936307683193,17,1,3,10
1720420143,41,Anglerfish,7374222077591876674,28,4,3,11
1720420143,3,Tilpia,7686787487935479034,22,5,1,5
1720420143,38,Snapper,6954204750392186245,21,1,2,8
1720420143,40,Anglerfish,11358864051546324219,20,4,2,11
1720420143,53,Bluegill,11022850805177726378,19,3,2,19
1720420143,18,Trout,147901469998992287,26,5,4,21
1720420143,81,Starfish,10086893546707818769,17,6,1,16
1720420143,95,Octopus,10676617140487006935,18,5,2,3
1720420143,5,Perch,11945340316218079122,23,3,2,17
1720420143,5,Perch,1749496058659310942,15,5,3,6
1720420143,54,Redgill,8610999334898555109,14,3,1,17
1720420143,46,Eel,8895383082819514049,19,4,1,20
1720420143,104,Boot,5233599143310845980,18,1,1,6
1720420143,104,Boot,17547061802301995935,20,3,1,1
1720420143,100,Jellyfish,9401593603695743070,25,4,3,15
1720420143,19,Trout,7392994714847413624,20,6,2,8
1720420143,69,Grouper,2072811624056220533,24,4,2,6
1720420143,38,Snapper,12411213091656363824,17,5,4,11
1720420143,37,Snapper,8251580696420780816,12,2,1,9
1720420143,62,Barracuda,17017504331275180090,14,2,1,12
1720420143,3,Tilpia,17602004876186262979,23,1,1,15
1720420143,3,Tilpia,12449965148317216306,17,2,2,1
1720420143,79,Turtle,5638817292684677448,24,7,5,22
1720420143,5,Perch,4893344688021506672,20,6,2,3
1720420143,89,Seahorse,16386306723211510315,15,1,2,20
1720420143,78,Turtle,8998041136654897896,21,3,4,6
1720420143,37,Snapper,14267856893179366746,21,2,3,6
1720420143,81,Starfish,3047754306602977742,17,6,4,1
1720420143,56,Spearfish,2132608209017694734,27,2,3,2
1720420143,11,Sardine,874945016539897433,20,1,1,6
1720420143,28,Anchovy,1299740797147118826,15,3,4,3
1720420143,32,Cod,301155279869087063,19,4,4,8
1720420143,51,Damsel Fish,11757871281923373198,23,5,4,21
1720420143,84,Crab,16572803239532981048,21,4,4,18
1720420143,28,Anchovy,2119599399520407869,13,2,4,20
1720420143,56,Spearfish,5835289121079797486,28,4,4,17
1720420143,14,Sardine,13945746296926015622,18,5,3,5
1720420143,47,Eel,15951899351110507712,17,4,4,11
1720420143,37,Snapper,12771317212033971152,21,6,2,13
1720420143,30,Herring,13056309959685682918,19,1,2,7
1720420143,30,Herring,10443255557568946533,21,6,2,11
1720420143,48,Electric Eel,17138395643041951198,29,6,3,6
1720420143,15,Spotfish,11409917108248831309,18,5,4,17
1720420143,9,Bass,5393874694974502175,24,6,4,9
1720420143,16,Trout,12561628010518465606,15,5,1,19
1720420143,69,Grouper,14176578612009148649,20,4,1,10
1720420143,77,Turtle,8055182896638154022,16,5,4,8
1720420143,81,Starfish,2778240431535131145,20,4,1,10
1720420143,53,Bluegill,740465078597298435,22,6,3,10
1720420143,89,Seahorse,743637251598547541,22,3,1,15
1720420143,93,Blue Lobster,8075680900628054886,26,2,4,8
1720420143,5010,Blahaj,11664439882400687765,31,4,6,15
1720420143,5067,Pop-eyed goldfish,11936568027255422813,17,5,1,5
1720420143,13,Sardine,3027461341698160248,22,4,4,2
1720420143,55,Spearfish,10856660205685381329,22,2,4,2
1720420143,7,Bass,8294244076940674682,25,3,4,19
1720420143,23,Pufferfish,2491097785862676094,22,2,4,9
1720420143,12,Sardine,18283525181594453046,20,4,3,7
1720420143,28,Anchovy,10354674422867476649,13,4,1,7
1720420143,30,Herring,7249987796764055555,22,3,3,17
1720420143,3,Tilpia,8439983480740783845,20,3,1,5
1720420143,5067,Pop-eyed goldfish,5452079071562697062,23,3,4,5
1720420143,35,Triple Tail,1880908680453352852,29,4,3,6
1720420143,45,Clownfish,5430659145668142446,19,6,4,8
1720420143,22,Pufferfish,4789432588985108007,15,1,1,14
1720420143,102,Axolotl,2005673686664883696,19,8,1,11
1720420143,93,Blue Lobster,13735498854384414476,18,5,2,13
1720420143,37,Snapper,3363780627165811059,22,5,4,9
1720420143,69,Grouper,7394132606883061676,21,3,2,8
1720420143,76,Mola Mola Fish,11672696492347552486,29,7,4,20
1720420143,59,Salmon,6326572375796057672,15,4,4,14
1720420143,44,Clownfish,11067448141664878726,18,1,1,20
1720420143,104,Boot,7465135462096686911,19,4,1,1
1720420143,13,Sardine,8186965920113813482,18,4,1,3
1720420143,94,Lobster,6037055282975573750,26,6,1,20
1720420143,76,Mola Mola Fish,15851761446353412629,30,3,3,9
1720420143,57,Spearfish,8840485149529966091,21,6,2,2
1720420143,5026,GamerPieJess fish,953397202801726749,22,4,3,8
1720420143,43,Clownfish,8200386943854002723,13,3,2,14
1720420143,40,Anglerfish,2520968826698177289,20,4,2,20
1720420143,41,Anglerfish,1377451262393300048,30,7,3,17
1720420143,69,Grouper,765092231946780300,23,1,4,14
1720420143,48,Electric Eel,3417888114695421057,21,5,3,19
1720420143,94,Lobster,17020823199909958064,20,5,1,9
1720420143,10,Sardine,5068209517972921401,21,5,4,2
1720420143,53,Bluegill,13237635595346015519,19,2,1,1
1720420143,17,Spot Fish,2045295064628646141,21,6,2,2
1720420143,5,Perch,15157539208555641627,21,1,3,11
1720420143,7,Bass,15994113964795133324,20,2,2,15
1720420143,31,Cod,15742850640978943239,20,4,1,10
1720420143,46,Eel,12835009247607927150,12,4,1,18
1720420143,22,Pufferfish,16487955675552616488,23,4,2,15
1720420143,22,Pufferfish,8082279194260097849,17,5,2,13
1720420143,40,Anglerfish,8711753709085168103,20,2,3,17
1720420143,25,Catfish,3316767878648119810,22,1,4,13
1720420143,14,Sardine,12644656615555375091,21,2,1,5
1720420143,25,Catfish,11347810542887793897,21,3,3,11
1720420143,78,Turtle,12417360174442133222,22,2,2,4
1720420143,55,Spearfish,10744213017380171590,20,1,3,15
1720420143,5,Perch,2580504118741347875,19,1,1,11
1720420143,81,Starfish,11595549089588088751,22,6,4,10
1720420143,44,Clownfish,14088601596119027092,21,3,1,9
1720420143,16,Trout,16875473158787233566,17,5,1,19
1720420143,30,Herring,1405767456916901230,19,2,4,15
1720420143,71,Angel Fish,2100338061082114306,17,3,4,8
1720420143,69,Grouper,12061488261026968246,16,3,2,15
1720420143,5067,Pop-eyed goldfish,18107046238501015304,30,3,2,18
1720420143,10,Sardine,4386857916322660788,17,2,2,8
1720420143,90,Seahorse,9295907530181304440,30,4,2,21
1720420143,59,Salmon,183774755359045432,16,2,1,15
1720420143,30,Herring,13518489511733250202,18,1,1,16
1720420143,1,Tilapia,8942882324647968881,12,6,4,15
1720420143,62,Barracuda,3245567070266512571,19,6,3,15
1720420143,12,Sardine,2100942450326351891,16,2,2,15
1720420143,93,Blue Lobster,11095198274589095095,28,2,2,2
1720420143,30,Herring,16316345885256988157,14,6,2,17
1720420143,71,Angel Fish,2297438295873416454,14,2,1,12
1720420143,47,Eel,14319774429224726384,26,4,4,17
1720420143,46,Eel,10788857269728953060,21,1,1,2
1720420143,89,Seahorse,2804039346771839021,19,1,1,20
1720420143,19,Trout,12264732169174921392,22,5,2,5
1720420143,69,Grouper,12066623779451333847,17,6,1,17
1720420143,7,Bass,6329099551292279033,19,6,2,14
1720420143,44,Clownfish,232625293098764860,20,6,2,7
1720420143,44,Clownfish,12117758487459814656,14,5,3,15
1720420143,3,Tilpia,1457228882913553855,21,6,3,13
1720420143,37,Snapper,15729852146252718669,16,3,3,9
1720420143,25,Catfish,15504065006788956932,22,1,2,4
1720420143,10,Sardine,9635260000203896986,14,6,1,9
1720420143,10,Sardine,13960195755177238000,20,2,1,8
1720420143,55,Spearfish,16383050088641764406,23,5,3,10
1720420143,71,Angel Fish,11881328514207083106,26,5,3,1
1720420143,74,Mola Mola Fish,5523502738327765820,22,5,1,19
1720420143,53,Bluegill,1636688324874692025,20,2,1,4
1720420143,22,Pufferfish,7951561451278908262,14,1,3,19
1720420143,16,Trout,11544659225435163842,26,5,1,8
1720420143,19,Trout,11449958490102869606,23,6,2,20
1720420143,8,Bass,1014021715808737576,22,5,1,10
1720420143,10,Sardine,1496932178664440331,15,6,4,14
1720420143,11,Sardine,5970444981396573449,24,2,2,3
1720420143,59,Salmon,7278338727096927997,19,3,4,10
1720420143,44,Clownfish,5731033337921232664,16,3,4,4
1720420143,26,Catfish,8419400354368986904,26,2,3,3
1720420143,12,Sardine,2150144957142880804,22,4,4,7
1720420143,3,Tilpia,6738101354662703075,20,3,4,1
1720420143,74,Mola Mola Fish,4234273186019507896,23,5,1,1
1720420143,102,Axolotl,12851905872755910846,19,10,3,6
1720420143,78,Turtle,5593590125762122206,23,7,4,13
1720420143,65,Piranha,9630444476066984854,19,5,3,6
1720420143,55,Spearfish,14401362406703758776,18,4,1,10
1720420143,44,Clownfish,6989830834454158177,18,6,3,7
1720420143,19,Trout,6517775551492863918,21,1,4,10
1720420143,12,Sardine,7331054051195288925,22,4,3,10
1720420143,84,Crab,16945165989917308331,33,7,4,3
1720420143,56,Spearfish,9455456841965829297,31,6,2,10
1720420143,8,Bass,9466420636730272098,22,2,2,10
1720420143,13,Sardine,841893423987225561,14,5,1,8
1720420143,50,Damsel Fish,3515132553950100236,17,5,1,11
1720420143,8,Bass,12328225609560916180,17,5,1,11
1720420143,34,Triple Tail,18019535266434834500,13,6,2,9
1720420143,1,Tilapia,12226862251124430953,15,5,3,5
1720420143,14,Sardine,1925456156496736515,18,3,1,1
1720420143,35,Triple Tail,9722314202441149856,24,4,2,3
1720420143,63,Barracuda,16767944052056130678,20,4,3,13
1720420143,1,Tilapia,1232539474334567301,18,5,2,12
1720420143,18,Trout,6003948643397513845,23,5,4,8
1720420143,3,Tilpia,17433462910150150939,15,5,3,4
1720420143,102,Axolotl,3202253374670862247,28,5,6,3
1720420143,1,Tilapia,1310220626665172128,19,4,3,5
1720420143,5026,GamerPieJess fish,8831609930003449089,28,7,1,4
1720420143,48,Electric Eel,5660527040230088250,26,7,1,14
1720420143,19,Trout,5029859239513908678,20,2,4,1
1720420143,65,Piranha,3675447872173718517,24,3,1,11
1720420143,46,Eel,11010969576838683448,18,3,2,12
1720420143,17,Spot Fish,14139362906699417117,19,6,4,2
1720420143,5,Perch,1743258516924205960,15,5,2,1
1720420143,94,Lobster,17539413973814056346,30,4,3,19
1720420143,47,Eel,17158919117535683230,19,3,3,20
1720420143,14,Sardine,17592530781724750837,22,1,3,19
1720420143,11,Sardine,5358039019528873867,15,3,3,12
1720420143,65,Piranha,1050727982731259652,20,6,1,6
1720420143,76,Mola Mola Fish,15900737431757719402,29,10,6,22
1720420143,10,Sardine,12003212265688074503,20,3,1,14
1720420143,1,Tilapia,9034767623380877723,19,1,1,11
1720420143,8,Bass,15815732614683433619,20,2,1,16
1720420143,25,Catfish,14676710268950013062,14,3,4,6
1720420143,55,Spearfish,16427908854799885438,21,5,1,18
1720420143,3,Tilpia,14131206975947934254,16,4,4,13
1720420143,13,Sardine,12586893977278149575,19,1,1,15
1720420143,97,Golden Takoyaki,8829594876345320835,28,4,6,13
1720420143,19,Trout,12195419633827333874,19,5,2,10
1720420143,65,Piranha,14857925653190338503,18,2,3,8
1720420143,69,Grouper,16160920046080116040,17,4,4,17
1720420143,5026,GamerPieJess fish,5284854624821511406,28,3,1,11
1720420143,10,Sardine,17250869098321173152,16,3,2,17
1720420143,89,Seahorse,15744248034819471956,17,6,3,15
1720420143,21,Trout,14718340765707471470,23,3,2,8
1720420143,74,Mola Mola Fish,8460909356339890859,20,3,2,13
1720420143,43,Clownfish,17035808889764467791,19,1,2,10
1720420143,103,{NULL}fish,10165337210646160304,100,0,0,0
1720420143,38,Snapper,13108883966874118994,23,6,1,2
1720420143,13,Sardine,15161035393190089570,24,3,2,3
1720420143,16,Trout,10758285656692098782,26,3,3,8
1720420143,47,Eel,2056855056673412351,17,4,2,7
1720420143,69,Grouper,9998348177374838747,21,4,1,4
1720420143,19,Trout,9082938869905250314,18,4,4,7
1720420143,38,Snapper,1009086819391190828,18,3,1,18
1720420143,41,Anglerfish,782549722754100890,26,2,2,13
1720420143,59,Salmon,12760943215141096666,20,2,2,13
1720420143,74,Mola Mola Fish,7694176004321023206,22,4,3,14
1720420143,48,Electric Eel,8610985808334922787,19,4,4,7
1720420143,65,Piranha,746124883267467124,18,3,2,11
1720420143,62,Barracuda,2590598707681210615,18,4,1,20
1720420143,79,Turtle,2053534630114231635,28,7,5,12
1720420143,103,{NULL}fish,8673613223738486138,100,0,0,0
1720420143,8,Bass,804877671124216232,20,2,1,19
1720420143,15,Spotfish,8591118429025392519,27,4,1,6
1720420143,87,Shrimp,16216867826550615134,27,6,2,15
1720420143,47,Eel,6818700296738792195,22,2,1,7
1720420143,37,Snapper,3312079892973392506,19,6,4,3
1720420143,55,Spearfish,293889928467252248,16,1,3,20
1720420143,97,Golden Takoyaki,14863963962461822550,35,10,6,12
1720420143,97,Golden Takoyaki,17273251312684744018,35,6,6,7
1720420143,22,Pufferfish,5564527514775330086,22,1,2,11
1720420143,8,Bass,9211630157388915332,20,6,3,11
1720420143,57,Spearfish,11009949069292744333,26,7,4,5
1720420143,77,Turtle,15365349394645289575,22,3,3,9
1720420143,55,Spearfish,17119817360836180260,18,6,3,19
1720420143,48,Electric Eel,6203495644805596861,29,3,1,12
1720420143,53,Bluegill,13835278444897124716,24,2,1,15
1720420143,47,Eel,17341396704688185453,17,6,4,9
1720420143,28,Anchovy,5311870274682584141,12,2,2,11
1720420143,46,Eel,13581996860978961801,20,2,2,15
1720420143,35,Triple Tail,18167139821486244187,24,6,4,7
1720420143,3,Tilpia,16241332247908164531,16,5,3,14
1720420143,57,Spearfish,11805716996480540914,23,2,1,17
1720420143,97,Golden Takoyaki,14849362683027313393,31,5,6,23
1720420143,74,Mola Mola Fish,11816381386192201368,20,1,4,12
1720420143,5,Perch,2887047095975404652,23,4,2,18
1720420143,93,Blue Lobster,11042531806115517229,23,7,1,21
1720420143,3,Tilpia,11819821047658699367,12,4,3,14
1720420143,5026,GamerPieJess fish,7515853833557171292,18,3,4,11
1720420143,103,{NULL}fish,5618836077984531377,100,0,0,0
1720420143,55,Spearfish,6003349277516053614,20,5,4,5
1720420143,22,Pufferfish,6267637633560207728,18,6,1,12
1720420143,51,Damsel Fish,1526291568739946349,22,7,4,12
1720420143,25,Catfish,15787978446748544810,16,1,3,12
1720420143,19,Trout,9120280620785558250,20,3,1,15
1720420143,43,Clownfish,3950984835893523061,25,1,1,12
1720420143,46,Eel,5463477917446879944,18,6,3,2
1720420143,104,Boot,12683045539072696144,19,5,4,15
1720420143,37,Snapper,9515587481923708017,16,1,1,12
1720420143,51,Damsel Fish,2221231820200895628,28,2,3,6
1720420143,5,Perch,1534636329396934911,14,2,1,6
1720420143,74,Mola Mola Fish,5824064887326938716,19,1,4,8
1720420143,79,Turtle,15919927173810000464,30,10,2,16
1720420143,54,Redgill,15817227643871502614,18,7,4,5
1720420143,59,Salmon,13159699920351933973,26,2,1,7
1720420143,37,Snapper,4205069278518772914,23,1,1,19
1720420143,62,Barracuda,1631432549214044335,19,4,3,12
1720420143,81,Starfish,10085994424915729774,20,5,4,9
1720420143,65,Piranha,14286783942713613019,26,3,2,11
1720420143,5059,Great white shark,8139137517030463003,29,4,4,21
1720420143,19,Trout,14642603002360925454,23,3,1,12
1720420143,38,Snapper,3520266867635978377,17,2,1,11
1720420143,48,Electric Eel,12567074313935833634,24,4,2,13
1720420143,34,Triple Tail,5524720258589488865,17,6,3,10
1720420143,50,Damsel Fish,1788313539413398365,24,4,1,18
1720420143,72,Angelfish,16763641700539954168,22,3,2,20
1720420143,89,Seahorse,11090927003749471176,20,4,1,11
1720420143,65,Piranha,15643257907697137679,18,1,3,16
1720420143,8,Bass,12594345614021206510,17,2,3,18
1720420143,5,Perch,4454281143599880412,17,6,4,14
1720420143,50,Damsel Fish,6794716454501274705,19,5,3,7
1720420143,51,Damsel Fish,16404076704897114886,29,6,2,2
1720420143,53,Bluegill,10360953142057727546,18,5,3,11
1720420143,43,Clownfish,1909217230652013228,16,2,4,11
1720420143,6,Perch,11741311224464397796,25,6,4,16
1720420143,94,Lobster,6533461235046075144,31,6,3,13
1720420143,54,Redgill,17612498318535984881,34,2,1,4
1720420143,101,Red Handfish,1313966976729403894,27,5,6,10
1720420143,63,Barracuda,15006088801618918180,28,3,4,17
1720420143,69,Grouper,2559936355396944909,16,2,3,9
1720420143,7,Bass,13333693601718100314,17,2,4,16
1720420143,22,Pufferfish,12099743326522738841,17,3,3,16
1720420143,89,Seahorse,11092261644983287668,18,6,2,5
1720420143,74,Mola Mola Fish,8919552082089957370,16,2,1,19
1720420143,76,Mola Mola Fish,3727941776670242221,17,3,3,8
1720420143,21,Trout,9949026588759152082,25,5,4,15
1720420143,55,Spearfish,15803727173927649285,21,1,4,18
1720420143,71,Angel Fish,10784999116746859159,21,6,2,11
1720420143,22,Pufferfish,11535682767283226809,17,2,3,15
1720420143,26,Catfish,6288838195589630636,22,6,3,17
1720420143,22,Pufferfish,13438675991766874377,21,1,4,3
1720420143,19,Trout,11105343619241261390,17,6,3,4
1720420143,65,Piranha,15208956867674806514,20,6,1,18
1720420143,5067,Pop-eyed goldfish,3678779818387439129,28,4,3,5
1720420143,34,Triple Tail,14571238788142090044,16,6,3,20
1720420143,102,Axolotl,11138694965157682889,20,8,3,8
1720420143,34,Triple Tail,7888448663701218503,21,2,2,14
1720420143,24,Pufferfish,11797379625084181248,18,7,4,2
1720420143,30,Herring,16169218266488964698,17,6,3,19
1720420143,23,Pufferfish,15979861010618966453,19,2,2,12
1720420143,59,Salmon,11920047766741608471,19,3,3,5
1720420143,37,Snapper,15574988727642313382,23,4,4,10
1720420143,40,Anglerfish,12659197533170314071,26,5,2,3
1720420143,16,Trout,9636330910400872722,17,6,2,2
1720420143,7,Bass,4712594610704077246,23,5,3,7
1720420143,77,Turtle,7569524065563256253,23,3,2,2
1720420143,38,Snapper,312743727471548953,19,6,2,10
1720420143,27,Catfish,8152410922200213228,27,4,3,12
1720420143,33,Cod,8762196683164508755,24,3,3,2
1720420143,34,Triple Tail,237741816855575692,25,1,2,9
1720420143,32,Cod,7469706853529136829,19,6,2,16
1720420143,76,Mola Mola Fish,8067420421290563807,31,4,4,12
1720420143,38,Snapper,8843196816888593055,25,4,4,19
1720420143,55,Spearfish,9740245029159896434,23,2,3,6
1720420143,47,Eel,14259541389841642866,15,2,3,6
1720420143,54,Redgill,11279162174391570026,22,2,4,2
1720420143,79,Turtle,14306262277188589024,23,9,1,4
1720420143,5013,Sakhalin sturgeon,14932732552119630233,33,6,6,16
1720420143,44,Clownfish,9386961799448101519,13,2,1,8
1720420143,78,Turtle,1992555570941252289,26,2,2,11
1720420143,68,Grouper,7152364812349722697,29,3,1,8
1720420143,93,Blue Lobster,12123034479398229998,29,6,3,6
1720420143,4,Perch,17444295502903340313,15,1,2,12
1720420143,35,Triple Tail,12298313910137038412,22,7,2,12
1720420143,29,Herring,17311772413617978275,22,5,1,3
1720420143,18,Trout,16500810333918706201,30,5,4,8
1720420143,19,Trout,11432319068127800565,16,3,2,1
1720420143,71,Angel Fish,16262127854639881392,14,1,1,20
1720420143,74,Mola Mola Fish,17495422734630766579,20,2,3,16
1720420143,102,Axolotl,16551999175949490356,31,3,5,8
1720420143,68,Grouper,3624211293364116661,23,3,3,14
1720420143,44,Clownfish,17521523758363586004,15,2,3,6
1720420143,34,Triple Tail,9413403628954036340,20,2,4,18
1720420143,43,Clownfish,6164579989083725694,20,4,4,16
1720420143,10,Sardine,13124454474483172578,18,1,1,4
1720420143,7,Bass,10884730794214293829,13,2,1,20
1720420143,25,Catfish,10390473638147230356,15,5,4,1
1720420143,62,Barracuda,10326109207749968931,13,6,3,3
1720420143,12,Sardine,8484333903074460662,27,4,4,19
1720420143,29,Herring,494676191413521990,20,2,4,3
1720420143,28,Anchovy,15323745470105202180,20,6,3,13
1720420143,59,Salmon,4908098704158416787,20,6,4,16
1720420143,35,Triple Tail,2029191135218073311,31,7,3,13
1720420143,19,Trout,4103330412670428284,18,2,1,18
1720420143,84,Crab,1874713021906308918,21,6,2,4
1720420143,47,Eel,9869654426931023737,21,4,2,15
1720420143,104,Boot,1299897402555053045,14,6,4,10
1720420143,65,Piranha,1076327325742339847,16,1,1,16
1720420143,65,Piranha,8060755951966354723,21,5,2,18
1720420143,69,Grouper,18334810427803186861,20,4,2,11
1720420143,34,Triple Tail,3425353285975575811,19,6,3,18
1720420143,101,Red Handfish,12114733489550303326,31,4,6,7
1720420143,101,Red Handfish,12188631534850893422,31,8,6,11
1720420143,77,Turtle,6317176859415433275,20,2,1,2
1720420143,62,Barracuda,13419569636280374339,17,6,2,4
1720420143,7,Bass,17048115685750345179,21,6,1,18
1720420143,77,Turtle,17343992664004704333,24,1,2,13
1720420143,98,Jellyfish,7583582929270895260,35,3,1,5
1720420143,10,Sardine,17289881549814214199,19,6,4,15
1720420143,47,Eel,15931409704143232481,21,6,2,13
1720420143,47,Eel,862605870020860521,20,1,3,7
1720420143,19,Trout,13213759858147495662,18,5,4,7
1720420143,18,Trout,15079688268490148539,23,4,1,13
1720420143,55,Spearfish,6566949558588027870,22,1,3,14
1720420143,3,Tilpia,15282197814294698189,15,4,1,9
1720420143,29,Herring,13008791313725529637,26,5,3,5
1720420143,81,Starfish,4465382128807233991,21,3,3,4
1720420143,82,Starfish,13464539139115544539,20,5,2,14
1720420143,44,Clownfish,10130038233138469917,15,1,2,14
1720420143,45,Clownfish,4189339037513522721,23,6,1,9
1720420143,26,Catfish,3324441491704782308,23,7,2,13
1720420143,50,Damsel Fish,8850448733971897977,25,6,2,19
1720420143,74,Mola Mola Fish,9967791590317861475,16,3,1,5
1720420143,57,Spearfish,4873490869120493169,19,3,1,16
1720420143,78,Turtle,11800889194507312800,30,7,4,10
1720420143,50,Damsel Fish,7457106072158968679,20,1,4,12
1720420143,31,Cod,6179483660751719725,17,2,2,8
1720420143,44,Clownfish,17140080512421732642,15,3,2,1
1720420143,40,Anglerfish,17453749024972283249,19,4,3,11
1720420143,22,Pufferfish,2740311711133301173,16,4,3,3
1720420143,65,Piranha,6175436682229600406,19,3,2,8
1720420143,94,Lobster,12200631164392402,30,3,3,7
1720420143,90,Seahorse,3503122748203416552,35,4,1,3
1720420143,65,Piranha,6660778044293755597,22,5,2,11
1720420143,76,Mola Mola Fish,14603343905862017664,20,3,2,8
1720420143,68,Grouper,5102660450829562942,26,5,3,14
1720420143,46,Eel,7861163284389292018,18,6,3,20
1720420143,8,Bass,14970134719066153868,24,6,1,20
1720420143,20,Trout,4832937554594634660,29,3,4,10
1720420143,30,Herring,1918031538491157219,18,1,2,4
1720420143,14,Sardine,14855496114704115725,22,1,3,13
1720420143,40,Anglerfish,12830535447384791736,22,3,2,20
1720420143,19,Trout,6884882633280949943,22,1,3,16
1720420143,96,Octopus,10654856065079147861,23,3,4,18
1720420143,77,Turtle,7029170815025212194,23,6,4,1
1720420143,33,Cod,8362736047581350649,21,3,3,12
1720420143,47,Eel,6684577387824235516,23,6,2,6
1720420143,75,Mola Mola Fish,4044164294390836460,19,3,1,19
1720420143,10,Sardine,2258830934924652289,23,4,3,6
1720420143,10,Sardine,15504604590488311557,19,3,4,17
1720420143,33,Cod,10828237565609228721,22,3,2,15
1720420143,44,Clownfish,10921286153649373268,16,4,1,19
1720420143,104,Boot,15293144940425562938,23,1,3,3
1720420143,5,Perch,18149024053958294408,20,4,3,14
1720420143,2,Tilapia,7379087480916580083,22,1,2,19
1720420143,3,Tilpia,8984002332688925134,16,2,4,1
1720420143,44,Clownfish,14128187945440720822,23,6,3,1
1720420143,51,Damsel Fish,5986486262427268756,25,4,4,15
1720420143,3,Tilpia,1744808395474593984,18,5,3,3
1720420143,5067,Pop-eyed goldfish,1183857366904509812,20,5,3,11
1720420143,102,Axolotl,15594367225023039558,28,4,6,10
1720420143,87,Shrimp,7929922567457880494,20,5,1,11
1720420143,3,Tilpia,4174680513196760418,17,4,1,13
1720420143,3,Tilpia,15294485414589296810,17,3,2,8
1720420143,40,Anglerfish,4276185475674768146,19,2,2,2,0
1720420143,40,Anglerfish,12071720152272634248,22,1,4,18,0
1720420143,90,Seahorse,5461696166043089707,22,6,1,14,0
1720420143,89,Seahorse,17391264690968977253,24,5,3,7,0
1720420143,59,Salmon,8350800896391428226,17,2,3,6,0
1720420143,25,Catfish,84934984767189946,20,1,3,5,0
1720420143,63,Barracuda,12074766471999380735,22,3,4,8,0
1720420143,75,Mola Mola Fish,3201355792495255480,16,4,2,20,0
1720420143,71,Angel Fish,5194703286623998606,15,2,3,15,0
1720420143,53,Bluegill,2222615875886032146,19,6,2,1,0
1720420143,89,Seahorse,4531046670460001618,17,3,1,15,0
1720420143,15,Spotfish,938914142081996367,29,2,1,10,0
1720420143,55,Spearfish,16478324916265731644,17,1,4,4,0
1720420143,19,Trout,1564491705302371705,21,3,3,13,0
1720420143,30,Herring,9247961510741502135,20,1,3,14,0
1720420143,22,Pufferfish,16352382540936089132,21,6,2,10,11
1720420143,45,Clownfish,10567746675964738651,31,5,4,13,8
1720420143,72,Angelfish,15982742654559789348,29,3,3,9,0
1720420143,29,Herring,14313676258317326250,19,3,4,10,0
1720420143,74,Mola Mola Fish,15620412284357195001,16,2,1,10,0
1720420143,10,Sardine,5613880608368687672,23,4,2,8,0
1720420143,70,Angel Fish,17541375621391869605,19,3,1,11,0
1720420143,40,Anglerfish,13986275564066841942,22,2,4,14,0
1720420143,70,Angel Fish,1058928168983128852,14,1,2,13,0
1720420143,38,Snapper,9075334805963428883,20,6,3,4,0
1720420143,76,Mola Mola Fish,4743952245420900257,28,5,5,18,1
1720420143,55,Spearfish,1306468834160786771,23,6,3,20,11
1720420143,60,Green Salmon,426397222357942607,19,6,2,9,0
1720420143,25,Catfish,1120086482406246878,16,3,2,4,0
1720420143,60,Green Salmon,7146310706512339689,33,7,4,17,2
1720420143,5,Perch,5549464556674886646,18,4,2,1,0
1720420143,32,Cod,11305055587164683144,21,2,4,5,0
1720420143,5059,Great white shark,9744363544746947613,19,7,2,3,0
1720420143,26,Catfish,4979502055869730475,23,3,1,12,0
1720420143,9,Bass,11455724071133801703,24,5,4,15,0
1720420143,89,Seahorse,9878401926092618890,21,5,1,18,0
1720420143,38,Snapper,17054503435302925238,16,2,3,3,0
1720420143,17,Spot Fish,10936274043609340867,20,5,4,1,0
1720420143,38,Snapper,11535478272977184897,18,4,4,8,0
1720420143,5,Perch,16588243991182482829,18,3,4,2,0
1720420143,46,Eel,6822893059374338692,14,3,4,13,0
1720420143,59,Salmon,10826183983633415335,22,3,2,13,3
1720420143,82,Starfish,9941652079646760146,23,7,2,10,3
1720420143,14,Sardine,10614549117229103660,18,4,3,4,0
1720420143,104,Boot,9901898334110433565,17,1,1,2,0
1720420143,25,Catfish,11007488742005365261,17,1,2,4,0
1720420143,19,Trout,16316315887961413792,18,3,3,9,0
1720420143,78,Turtle,4043779795865545156,33,6,3,6,8
1720420143,8,Bass,7082922547619200774,20,1,1,9,0
1720420143,23,Pufferfish,12665082960820875772,12,1,1,9,0
1720420143,52,Bluegill,10192020302599254537,15,5,3,12,0
1720420143,6,Perch,5142341375790414509,27,6,4,12,9
1720420143,34,Triple Tail,7292241016050141767,18,5,2,2,0
1720420143,97,Golden Takoyaki,7248132308050579274,24,5,6,17,0
1720420143,93,Blue Lobster,6647839248814513502,25,4,4,2,0
1720420143,23,Pufferfish,7579296273312348681,21,2,4,4,0
1720420143,19,Trout,2599235888689586232,25,2,2,13,0
1720420143,26,Catfish,13394653619014277613,20,3,3,7,0
1720420143,8,Bass,6877620879534056160,15,5,3,6,0
1720420143,2,Tilapia,11679173172199457343,22,4,2,4,0
1720420143,47,Eel,12914831798034213462,21,5,1,17,4
1720420143,26,Catfish,5326275642356386972,26,4,2,15,7
1720420143,43,Clownfish,7364859597780614548,22,3,1,2,1
1720420143,75,Mola Mola Fish,5508459069647165900,27,2,3,8,0
1720420143,40,Anglerfish,13851716124314075091,18,6,4,1,0
1720420143,99,Jellyfish,15320665299937950954,14,1,3,13,0
1720420143,13,Sardine,13575224382603429521,17,1,2,2,0
1720420143,60,Green Salmon,17822234382067093823,14,5,2,14,0
1720420143,16,Trout,5067422980549766243,16,5,1,12,0
1720420143,83,Crab,15341524602191242990,22,1,1,16,0
1720420143,91,Golden Seahorse,10669264115734010469,22,8,1,21,0
1720420143,72,Angelfish,9734929084385050595,21,2,3,16,0
1720420143,43,Clownfish,15501048376834625442,14,3,2,5,0
1720420143,47,Eel,267065460222582824,17,2,3,5,0
1720420143,4,Perch,16692167510057192393,16,1,1,11,0
1720420143,24,Pufferfish,14451921368925925,24,6,1,15,2
1720420143,36,Triple Tail,6414440338809195348,23,5,4,12,0
1720420143,68,Grouper,1186378147440760845,27,3,1,7
1720420143,74,Mola Mola Fish,3839514890061138816,17,3,3,11,0
1720420143,47,Eel,9525683932470053,26,4,1,16,0
1720420143,42,Anglerfish,2467012815365643080,28,7,1,12,11
1720420143,86,Shrimp,3867856004310947299,19,1,1,2,0
1720420143,65,Piranha,17489170860524338266,19,2,4,15,0
1720420143,89,Seahorse,7551681767495003436,18,5,3,17,0
1720420143,46,Eel,5566386545065698388,23,1,4,2,0
1720420143,17,Spot Fish,6990938186335585738,21,5,4,18,0
1720420143,13,Sardine,12795461628925059309,18,4,1,3,0
1720420143,31,Cod,9694792577475512766,22,1,4,7,0
1720420143,67,Grouper,8476575845915566456,14,1,2,2,0
1720420143,48,Electric Eel,17492091698349841752,,,,
1720420143,48,Electric Eel,10635859013632087963,21,6,3,2
1720420143,13,Sardine,9967834078494591407,13,1,3,12,0
1720420143,48,Electric Eel,17577290107685261731,22,2,4,9,0
1720420143,62,Barracuda,3074300422361817987,17,1,1,17
1720420143,26,Catfish,9200287556105760095,33,3,3,20
1720420143,21,Trout,17862220334020147437,29,6,4,16,6
1720420143,3,Tilpia,15448865733831416196,20,1,4,20
1720420143,44,Clownfish,3159373503180131950,17,3,1,8,0
1720420143,24,Pufferfish,10319586154851954933,22,5,1,11,1
1720420143,51,Damsel Fish,1896201493617047214,27,6,4,9,12
1720420143,63,Barracuda,13687846335801344195,25,3,2,11,0
1720420143,44,Clownfish,15394215096410143088,20,3,4,5,0
1720420143,97,Golden Takoyaki,13640927154086428936,33,5,6,19,20
1720420143,60,Green Salmon,14472410046155221679,17,5,3,13
1720420143,40,Anglerfish,17900419195434585711,20,3,3,8
1720420143,89,Seahorse,4187819358338719793,23,5,4,17
1720420182,47,Eel,17572935813797753275,19,4,1,17
1720420877,104,Boot,10588779664899091386,19,6,3,9,0
1720671277,62,Barracuda,17798959010853498970,20,6,3,11,0
1720685769,62,Barracuda,9611669148515675890,17,2,4,17,0
1720685799,76,Mola Mola Fish,12051435586502320648,21,7,6,19,21
1720685823,56,Spearfish,7753622627615423218,26,5,2,5,0
1720685850,5,Perch,2908137625249187534,25,5,2,1,0
1720919232,36,Triple Tail,6191752173381940160,32,7,2,9,0
1720925541,4,Perch,13534028665467386155,19,3,4,19,0
1722478732,72,Angelfish,111654289724042326,24,5,1,20,0
1722478933,94,Lobster,4597641621799037705,17,4,3,7,0
1722484034,47,Eel,13168366778651339928,17,4,2,1,0
1722490068,44,Clownfish,17076102202518046558,18,4,3,20,0
1722571588,53,Bluegill,1523846404033301262,25,3,3,7,0
1722574493,17,Spot Fish,9152986557834199974,21,2,3,12,0
1722574534,15,Spotfish,5861433035640891541,23,7,1,17,0
1722574542,82,Starfish,16422895020226038700,23,7,4,10,0
1722574542,11,Sardine,617441650822777237,14,4,2,14,0
1722574543,44,Clownfish,17827305328352731822,15,5,4,7,0
1722574543,61,Barracuda,10393238223796233514,20,4,1,20,0
1722574543,25,Catfish,367566335904583410,17,6,1,6,0
1722574543,71,Angel Fish,8801300000910046810,14,4,4,10,0
1722575507,5059,Great white shark,12883172284650716797,25,7,4,16,16
1722666363,7,Bass,514508478832160247,25,3,1,5,0
1722672093,71,Angel Fish,3399629122237797690,15,3,2,1,0
1722676064,74,Mola Mola Fish,13719967769243716846,25,2,1,3,0
1722676470,65,Piranha,14116459899014347120,20,5,3,20,2
1722755870,77,Turtle,7206834797708752416,16,1,3,11,0
1722756241,56,Spearfish,1900092591602477008,21,4,3,13,0
1722757752,8,Bass,7171014137153119796,19,1,4,18,0
1722757995,22,Pufferfish,1915017561352465797,22,4,2,4,0
1722760000,56,Spearfish,8386521555288644772,28,7,2,20,11
1722761786,22,Pufferfish,15233168203381947325,14,3,4,20,0
1722771374,31,Cod,10397440690336205594,17,5,2,3,0
1722772187,69,Grouper,1502601578564172779,19,2,4,11,0
1722775749,69,Grouper,6844056941433984506,17,4,2,6,1
1723263630,41,Anglerfish,6066863643387140845,19,7,4,13,2
1723293487,91,Golden Seahorse,12146900697735159715,34,9,3,10,23
1723294512,96,Octopus,9262883379621069407,22,5,3,16,1
1723378144,5059,Great white shark,6282333459488170868,24,2,3,3,0
1723378172,14,Sardine,2034499064475176760,21,3,2,18,0
1723378305,33,Cod,2287291073882923946,20,3,1,13,0
1723378909,10,Sardine,12950243484638001371,14,1,4,16,0
1723379104,66,Piranha,10142197363910309912,26,2,4,7,0
1723379258,31,Cod,1204570003041674367,20,5,3,11,0
1723379716,24,Pufferfish,1431622087324732891,28,3,2,2,0
1723380039,46,Eel,17185711982282907277,20,6,2,5,2
1723460704,93,Blue Lobster,8322400013445708584,21,2,4,12,0
1723471020,30,Herring,5373688912925933300,16,1,3,3,0
1723471704,24,Pufferfish,3092664403623537863,24,7,4,16,5
1723473168,40,Anglerfish,1934502419022485487,18,6,2,17,4
1723473422,37,Snapper,2084562889978044605,17,4,4,13,3
1723481062,3,Tilpia,16289639442404814469,13,3,2,12,0
1723481206,68,Grouper,398094174727026843,24,6,3,10,3
1723837048,63,Barracuda,14311574849445475077,22,4,1,2,0
1723847134,74,Mola Mola Fish,6137797092763552038,17,3,3,4,0
1723847370,19,Trout,9253281405933831080,18,5,2,17,0
1723848085,17,Spot Fish,3937757408780199104,18,2,4,7,0
1723849882,5028,404 Fish,1733412436451064816,18,3,1,10,0
1723853735,3,Tilpia,13320641262402389444,21,2,1,8,0
1723854775,30,Herring,4684475484898693865,13,1,4,5,0
1723854977,16,Trout,15092728498058736025,21,2,2,1,0
1723857586,22,Pufferfish,9594037099859675600,14,5,4,11,0
1723908010,43,Clownfish,8361773399290519496,21,3,3,9,0
1723910889,44,Clownfish,4587392999658635048,23,5,3,13,0
1723912378,38,Snapper,9410350089278939073,17,1,4,19,0
1723913587,74,Mola Mola Fish,12215891571579330058,14,6,4,4,0
1723916537,62,Barracuda,3026577701798955425,18,5,2,18,3
1723917293,14,Sardine,11996013752901095765,14,6,1,18,0
1723917937,29,Herring,2437054276129130656,16,6,1,20,0
1723920600,20,Trout,10492031678966468983,25,3,3,21,0
1723921032,2,Tilapia,4299919990632959080,16,1,3,16,0
1723921632,89,Seahorse,7779512111452527834,15,4,4,6,0
1723922649,40,Anglerfish,5239441959133968444,17,4,4,12,0
1723924602,19,Trout,3649933621043195417,14,3,3,8,0
1723924615,53,Bluegill,4651621638337071812,14,1,2,6,0
1724304044,29,Herring,7474033266436955642,24,1,3,14,0
1724304243,81,Starfish,12069537131253653432,16,3,1,15,0
1724306501,29,Herring,3920608621508327742,19,1,3,6,0
1724307094,40,Anglerfish,3141852664649411409,18,4,2,12,0
1724309452,8,Bass,3402423418866835937,19,6,4,17,6
1724309670,72,Angelfish,13528858767789056931,22,6,2,9,0
1724310058,45,Clownfish,15077435480294859868,27,7,4,6,10
1724310181,75,Mola Mola Fish,8135659641666793221,29,3,4,8,0
1724310327,74,Mola Mola Fish,8767463161042829644,16,6,3,10,0
1724310459,62,Barracuda,17685688994838917666,18,6,4,1,0
1731020395,1,Tilapia,17242865638881642816,20,5,4,18
1731020406,23,Pufferfish,13034257719458018929,17,3,4,19
1731020428,41,Anglerfish,10995868025675794936,23,6,1,9
1731020491,10,Sardine,6823053669273492306,16,6,3,16,0
1731021003,19,Trout,15214936841891285243,21,6,3,13,1
1731022061,16,Trout,8634906009472752160,16,5,4,12,0
1731022710,20,Trout,16852226825576224969,28,2,4,12,0
1731035384,85,Golden King Crab,17651114661347044155,31,9,6,7,0
1731035444,47,Eel,3348870639258143869,21,6,4,4,0
1731092762,8,Bass,109801884164298932,18,4,2,16,0
1731092888,23,Pufferfish,18255614544535174579,20,2,2,10,0
1731313981,10,Sardine,10585388559089195957,17,3,3,13,0
1731314175,86,Shrimp,11622155301498648633,23,1,1,4,0
1731315681,69,Grouper,5125209602114447423,16,3,2,1,0
1731315881,81,Starfish,4619382945719058205,19,4,1,14,0
1731316598,10,Sardine,18208350294820103268,23,1,1,16,0
1731316875,20,Trout,13287930428049640060,23,3,1,9,0
1731320709,102,Axolotl,4952677898711235607,24,8,1,6,0
1731320966,63,Barracuda,6503490704611502066,27,2,1,13,0
1731321094,38,Snapper,13994431588972727968,23,1,3,3,0
1731324054,94,Lobster,1187415388024232709,30,6,2,4,2
1731325879,81,Starfish,7306169895523940761,17,6,1,6,0
1731326002,13,Sardine,7466101905993259494,12,4,2,5,0
1731332531,60,Green Salmon,7348836878992035596,24,7,3,3,0
1731332671,30,Herring,9487454846081075069,22,2,4,9
1731332681,10,Sardine,10938816305141916009,18,5,3,10
1731332730,69,Grouper,1094167918143804230,18,2,1,16
1731332922,37,Snapper,10764038426826343595,23,4,2,19,0
1731593719,47,Eel,15412944013232043529,20,2,3,3
1731594295,8,Bass,7913509752976857848,26,1,4,4,0
1731594749,81,Starfish,4672180101935346879,18,3,1,6,0
1731594897,63,Barracuda,6470104695243494084,27,3,2,20,1
1731595047,59,Salmon,17776187398011464050,17,3,1,5,0
1731595184,17,Spot Fish,14885233648646288331,22,1,1,2,0
1731603034,14,Sardine,1741971242744212749,16,4,3,16,0
1731671419,8,Bass,15316715841187071651,21,3,1,19,0
1731674736,48,Electric Eel,9819295085867692394,30,3,2,13,0
1731676056,39,Snapperfish,9032854545972772045,33,7,2,8,14
1731676341,46,Eel,7677541084349197297,24,3,1,13,0
1731676507,70,Angel Fish,13932441426297665395,26,6,4,18,25
1731678238,30,Herring,4104114639362106376,21,3,1,8,0
1731678366,30,Herring,11159580010306066092,17,5,4,7,2
1731678753,81,Starfish,740776645417451230,26,3,3,18,7
1731678878,5027,Cutthroat Trout,5786901232677398989,22,3,3,19,1
1731679389,3,Tilpia,17854054191053645631,18,4,1,3,0
1731679547,5,Perch,2009304763879749316,20,1,4,1,0
1731679736,30,Herring,13289733089702201919,20,2,3,10,0
1731682205,13,Sardine,13774366406839693932,22,1,3,3,0
1731682465,25,Catfish,14573057999163335072,16,6,1,10,0
1731684125,29,Herring,12306955970147250677,13,4,1,16,0
1731688867,78,Turtle,16529077109477854728,24,5,3,21,8
1731689044,7,Bass,18386685437530725885,17,1,3,17,0
1731689329,96,Octopus,1092561803424447613,28,5,5,15,7
1731689565,43,Clownfish,12637058777618434939,18,3,3,2,0
1731690379,19,Trout,13686036093163217518,22,2,1,7,0
1731691679,56,Spearfish,3381332705432629851,23,7,3,4,0
1731691755,15,Spotfish,14374216111494914790,23,2,3,5,0
1731691911,94,Lobster,313052241239501302,26,3,2,3,0
1731692034,63,Barracuda,2697685855038577974,25,2,3,11,0
1731692466,41,Anglerfish,1407401054905033342,16,5,3,18,0
1731694717,40,Anglerfish,9875338151399499850,20,4,4,1,0
1731694871,87,Shrimp,14705672741577532763,27,3,4,6,9
1731695151,10,Sardine,16441581244606300112,19,2,3,5,0
1731695383,26,Catfish,1647899024966036863,17,6,2,13,0
1731695617,30,Herring,400572300811707302,21,4,4,7,0
1731695747,74,Mola Mola Fish,7800017184841730184,16,2,3,4,0
1731695929,69,Grouper,11596200982705772489,16,5,2,13,0
1731696459,94,Lobster,3774240979130840090,26,4,3,21,15
1731696972,74,Mola Mola Fish,4644652755997599663,20,6,3,9,0
1731697980,38,Snapper,3733876088497301202,18,2,1,18,0
1731698150,29,Herring,5674832843945056678,13,1,3,18,0
1731698549,35,Triple Tail,4583806965815714798,21,3,3,5,0
1731698676,67,Grouper,4121461101905455883,18,1,3,14,0
1731698800,56,Spearfish,14637430708463063932,23,5,1,6,0
1732312333,6,Perch,16680563462607306400,28,4,1,20
1732312733,55,Spearfish,15280488661207788123,14,4,1,4,0
1733288837,44,Clownfish,228061984797776116,19,5,2,7
1733288883,57,Spearfish,10328673337036105152,26,2,2,10
1733289008,59,Salmon,16910435981402330450,18,3,1,1,0
1733291249,62,Barracuda,16625735548951254556,24,6,3,16,8
1733292846,30,Herring,5623385202641144730,22,6,2,2,0
1733294943,40,Anglerfish,16580117004388955507,22,2,2,20,0
1733295101,14,Sardine,12689755996415953830,16,2,3,13,0
1733295661,62,Barracuda,9370682300332356650,22,3,2,16,0
1733296078,83,Crab,11126365293963778495,14,3,4,12,0
1733296379,55,Spearfish,4654425740041739463,23,2,2,9,0
1733296610,31,Cod,3622005121997792707,20,3,2,5,0
1733297036,34,Triple Tail,15940736229563673728,19,6,2,3,0
1733297755,40,Anglerfish,8921362756665369291,20,1,3,14,0
1733298113,104,Boot,8606410749002483358,17,6,3,10,0
1733299817,89,Seahorse,2213405585825216707,16,4,2,14,0
1733374809,43,Clownfish,14634512906377929594,20,6,3,15
1733375116,62,Barracuda,12943484773702862142,17,4,2,2,0
1733375121,39,Snapperfish,13274975876617988612,25,3,4,14,3
1733460806,29,Herring,4833857205606546768,13,4,3,7
1733461103,102,Axolotl,1353483247807105207,31,6,6,9,0
1733466741,38,Snapper,5574203550125351895,18,1,1,5,0
1733468341,5,Perch,5401719750465789857,19,4,2,4,0
1733562073,63,Barracuda,3713223238147102267,19,7,1,20
1733633357,14,Sardine,10376858773889247632,14,3,3,7
1733633900,104,Boot,8395525932628880873,15,4,2,18,2
