1720420143,5031,Boot,8836292847492022836,17,6,4,7
1720420143,5,Perch,10742607810056957395,23,4,1,17
1720420143,13,Sardine,1757327605849639208,19,5,3,14
1720420143,54,Redgill,292330046957417761,27,2,1,9
1720420143,37,Snapper,17636565667847013807,19,1,1,5
1720420143,22,Pufferfish,18131777737342485311,19,5,4,18
1720420143,46,Eel,14053294393209662564,18,2,4,20
1720420143,13,Sardine,5920076306633714459,20,5,3,3
1720420143,16,Trout,6208763417439171161,22,6,4,11
1720420143,20,Trout,10109134267694065911,29,5,2,4
1720420143,19,Trout,17117937732758911134,23,5,1,13
1720420143,54,Redgill,17628602635586477925,21,3,3,10
1720420143,16,Trout,1428393212091443633,23,4,4,15
1720420143,11,Sardine,5202697084400039338,23,4,2,19
1720420143,40,Anglerfish,11346696177658161144,19,1,1,8
1720420143,46,Eel,5968088354713063675,22,1,1,15
1720420143,101,Red Handfish,4019992540821772502,36,8,6,19
1720420143,30,Herring,10533511111561286793,22,3,3,8
1720420143,62,Barracuda,6139012604619597762,23,1,2,15
1720420143,28,Anchovy,7013791559438969150,21,3,4,11
1720420143,45,Clownfish,7976406303296058971,23,6,1,19
1720420143,5031,Boot,9103438803316302741,17,3,2,9
1720420143,22,Pufferfish,14820141367115049761,22,1,4,4
1720420143,90,Seahorse,13787313928306605910,29,7,4,8
1720420143,5059,Great white shark,1265965951275174905,25,5,3,2
1720420143,84,Crab,17242654354707314373,18,7,4,5
1720420143,5031,Boot,4707040191990900008,19,6,2,14
1720420143,8,Bass,17542727697183396577,13,1,4,16
1720420143,13,Sardine,3729682646658627189,16,4,2,13
1720420143,46,Eel,8370603071792398589,25,1,3,1
1720420143,5028,404 Fish,13211612083566738274,25,2,2,13
1720420143,60,Green Salmon,10938934661020198948,24,7,2,3
1720420143,72,Angelfish,17738260148925332201,19,3,1,13
1720420143,19,Trout,7342515821011378913,15,4,2,16
1720420143,72,Angelfish,2741864374791380640,23,7,4,3
1720420143,69,Grouper,4391761791321057345,16,2,1,1
1720420143,76,Mola Mola Fish,10424619741274371246,21,3,6,3
1720420143,53,Bluegill,8412901506399107734,26,6,4,19
1720420143,38,Snapper,2172700797520882322,24,1,2,13
1720420143,35,Triple Tail,6364496260195161418,23,4,2,9
1720420143,25,Catfish,17694062454177336473,14,2,3,12
1720420143,5031,Boot,330966513248882541,13,1,2,6
1720420143,34,Triple Tail,9903738077845156448,12,5,3,4,0
1720420143,83,Crab,17780282180997596641,24,6,1,13,8
1720420143,65,Piranha,2146380212882163703,24,1,3,8,0
1720420143,5,Perch,15763715981907117339,23,4,1,20,0
1720420143,13,Sardine,16722144154286223652,23,4,2,15,2
1720420143,5031,Boot,2771153558656343521,17,3,1,11,1
1720420143,60,Green Salmon,2923534789315807583,32,3,1,3,1
1720420143,82,Starfish,6599486171442802790,25,3,3,18,0
1720420143,30,Herring,14182388207034299192,17,4,2,3,0
1720420143,46,Eel,7061466185001145700,17,3,4,9,0
1720420143,8,Bass,15688776787929244335,18,5,4,17,3
1720420143,52,Bluegill,1970993313094235717,19,5,3,10,0
1720420143,66,Piranha,4672098665922714367,26,6,2,7,11
1720420143,44,Clownfish,685201649224951012,15,5,2,5,0
1720420143,55,Spearfish,9679322776078654456,20,1,3,19,0
1720420143,89,Seahorse,6216176989317518434,24,3,4,19,0
1723282308,32,Cod,2813591319279179371,19,6,4,18,8
1723285156,84,Crab,14861880743868950859,26,4,4,10,7
1723459871,77,Turtle,1244035094181969552,17,2,4,5,0
1723460049,18,Trout,7906157064525529252,19,6,4,13,13
1723460530,2,Tilapia,17892885782244154209,14,1,3,10,0
1723460665,19,Trout,10602930170730963783,14,6,2,1,1
1723461648,62,Barracuda,4122747868411259040,17,5,2,20,1
1723461955,52,Bluegill,3384240193179357034,23,3,1,4,0
1723462079,19,Trout,6203059653879918453,20,6,3,17,0
1723462682,71,Angel Fish,8039854178469472743,18,6,2,19,0
1723463123,34,Triple Tail,8319383891627398794,12,1,1,8,0
1723463341,47,Eel,17477737056914884678,15,1,4,11,0
1723463575,7,Bass,2299394842487019181,16,5,3,11,0
1723463803,80,Starfish,10820788359863412497,13,4,1,12,0
1723463968,30,Herring,2053481572174990262,13,6,4,3,0
1723464163,3,Tilpia,12406453886855411951,23,4,3,17,0
1723464491,71,Angel Fish,9114512116165370375,21,4,2,3,0
1723464882,67,Grouper,16486185322515671648,21,6,2,14,4
1723465002,3,Tilpia,11675356465274854360,15,1,4,9,0
1723465134,31,Cod,7028590487122487685,20,1,1,12,0
1723465291,5049,Axolotl,8666126481267041696,32,6,2,22,4
1723465455,74,Mola Mola Fish,3128789574754190247,16,2,1,11,0
1723465656,50,Damsel Fish,12042890386039009732,14,3,3,1,0
1723466139,8,Bass,15275002415781219640,21,5,2,2,2
1723466259,31,Cod,10520764817224602478,26,4,2,11,0
1723466390,50,Damsel Fish,243195238752887099,16,1,1,9,0
1723466512,22,Pufferfish,7225055901776095735,25,4,4,16,3
1723466637,56,Spearfish,17323934009109306273,25,5,3,18,10
1723466879,5029,{NULL}fish,13183115365662140883,100,0,0,0,0
1723467011,74,Mola Mola Fish,14887473559909324122,19,6,1,8,3
1723467237,91,Golden Seahorse,10372660712867519086,29,6,5,6,14
1723467493,30,Herring,2790281140954708491,20,6,4,5,0
1723467613,89,Seahorse,13059245157519817513,19,3,3,16,0
1723467814,38,Snapper,10253641842835221271,16,4,4,12,2
1723468436,61,Barracuda,2047515663721616383,13,3,2,13,0
1723468631,30,Herring,18132214032536473009,17,2,1,17,0
1723468795,50,Damsel Fish,559831766734795132,21,3,1,7,0
1723470439,69,Grouper,15632825982910105016,20,5,4,5,0
1723470778,66,Piranha,5155279647949853464,31,5,2,18,0
1723470945,34,Triple Tail,18417126419910047536,17,6,3,19,0
1723471239,5059,Great white shark,5547693000339670223,24,5,2,14,2
1723471717,61,Barracuda,14636470651532032296,18,6,1,12,0
1723471892,5031,Boot,13295054888722298304,18,3,1,12,0
1723473075,10,Sardine,16555569501005331093,18,5,2,2,0
1723473199,5,Perch,9744369710887583954,26,6,2,10,0
1723473595,59,Salmon,9618903261353918818,24,3,3,12,0
1723474600,49,Damsel Fish,1907900729282878563,18,6,1,10,0
1723475618,35,Triple Tail,3662193095500883840,32,7,1,6,3
1723476751,80,Starfish,604803651302931934,19,5,4,18,1
1723477006,53,Bluegill,16290913819414266042,13,4,2,3,0
1723478360,19,Trout,15541805505399806494,19,2,1,6,0
1723479125,30,Herring,913229749981425265,21,4,4,18,0
1723479246,7,Bass,12183959137526412868,15,4,3,16,0
1723480728,82,Starfish,2393657401448390430,31,6,4,8,0
1723480848,99,Jellyfish,4776913129683932237,22,5,1,19,0
1723481341,5031,Boot,13661370228964145407,15,5,3,5,0
1723481462,30,Herring,383844396176381581,18,6,4,18,0
