1731603168,29,Herring,5169919255096467724,14,4,2,19,0
1731603293,32,Cod,11813051637025123733,25,6,1,13,3
1731603416,46,Eel,16801373673218080828,24,4,4,15,0
1731603610,86,Shrimp,3017822783739278619,24,2,4,3,0
1731603748,29,Herring,12190850447499171017,17,1,4,9,0
1731604030,19,Trout,15883600212960114089,20,4,2,5,0
1731604160,92,Lobster,12377186397051552805,21,6,3,17,0
1731604447,7,Bass,15524964283837026871,16,3,4,8,0
1731604594,32,Cod,8437983403042759412,21,5,1,16,0
1731604745,64,Piranha,14936103128080155479,19,2,2,19,0
1731604868,23,Pufferfish,13081956930005836581,21,3,4,16,0
1731604992,11,Sardine,8818088918412876059,20,3,4,1,0
1731605126,58,Salmon,3472539529450490776,13,2,1,17,0
1731605252,61,Barracuda,469820458769425100,22,3,4,10,0
1731605380,61,Barracuda,11660429264061533073,20,5,4,4,0
1731605653,5059,Great white shark,3451788660128256835,17,7,4,3,0
1731605780,24,Pufferfish,14766110666305243070,24,2,1,9,0
1731605904,64,Piranha,18003199755255238105,23,4,3,18,0
1731606086,70,Angel Fish,13432528137967706273,15,6,4,2,0
1731606287,87,Shrimp,13952308336713007767,22,2,3,12,0
1731606423,28,Anchovy,3078523781150547388,20,5,1,10,0
1731606659,89,Seahorse,4734707840694187299,15,2,4,18,0
1731606823,40,Anglerfish,6319089577814558261,19,2,1,5,0
1731606954,70,Angel Fish,12028524448377969659,19,1,3,2,0
1731607278,23,Pufferfish,16601643130764761624,14,2,2,10,0
1731607401,53,Bluegill,12840326019570377460,18,4,1,3,1
1731607538,15,Spotfish,11061980718677834922,23,2,3,8,0
1731678672,62,Barracuda,6496231050219477748,18,3,3,7,0
1731678795,83,Crab,3330672243392109110,24,4,2,3,0
1731678976,62,Barracuda,11575180716657414801,20,6,2,4,0
1731679103,29,Herring,3676825715706379993,20,2,3,3,0
1731679229,28,Anchovy,16619417042433981725,15,4,1,13,0
1731680882,11,Sardine,2953060521347522480,19,5,4,15,0
1731681010,70,Angel Fish,10589720710151489224,16,6,3,6,0
1731681201,81,Starfish,1871166004067504508,20,5,3,20,4
1731681323,77,Turtle,9979543974010089200,22,3,1,17,0
1731681445,81,Starfish,13346576779627833888,19,6,1,15,4
1731681568,99,Jellyfish,10039623858801912842,13,5,2,8,0
1731681690,34,Triple Tail,17956112265473743326,16,2,1,16,0
1731681813,22,Pufferfish,10016013353380820546,17,3,2,9,0
1731681936,104,Boot,12642008803926768397,20,2,2,10,0
1731682058,73,Rainbow Trout,14036142059337332344,29,10,6,14,21
1731682180,46,Eel,2585494410806094954,18,4,4,15,0
1731682303,89,Seahorse,9709948775574137187,19,3,4,16,0
1731682425,29,Herring,11837742994890045598,23,5,3,1,1
1731682548,59,Salmon,2029472145772768027,17,5,3,19,0
1731682670,22,Pufferfish,14192072653549886213,15,1,2,18,0
1731682792,56,Spearfish,4166630546103308284,20,5,1,11,0
1731682915,52,Bluegill,8172670462928203307,14,5,4,15,0
1731683037,3,Tilpia,4489973500474666613,16,3,4,10,0
1731683160,78,Turtle,2302431569070071236,17,5,1,20,0
1731683282,74,Mola Mola Fish,8705013919839173159,16,3,1,8,0
1731683404,33,Cod,10408665493258862820,32,7,1,13,0
1731683527,62,Barracuda,16375841491563319704,19,1,1,9,0
1731683649,22,Pufferfish,5255364060703130509,23,4,2,12,0
1731683772,32,Cod,8401831567088434033,18,6,3,4,0
1731683894,44,Clownfish,15932018171498168092,17,4,3,11,0
1731684017,5,Perch,2361693752046861573,18,5,3,3,0
1731684139,1,Tilapia,2430430994457854468,24,6,3,19,0
1731684262,11,Sardine,9572029181064968854,20,5,2,17,5
1731684385,49,Damsel Fish,8954133655907213273,14,2,4,7,0
1731685075,38,Snapper,8153499850987440204,22,3,1,9,0
1731685198,84,Crab,16605287277543870754,32,2,1,2,0
1731685321,31,Cod,3928615331965759720,17,2,3,7,0
1731685443,31,Cod,6096537065727892712,22,3,3,6,0
1731685566,11,Sardine,12337194704397042954,18,5,1,12,0
1731685689,70,Angel Fish,4141180101831432000,18,5,1,14,0
1731685811,62,Barracuda,14790806007538512851,14,1,1,13,0
1731685933,81,Starfish,8720213600443616305,16,6,1,6,0
1731686056,99,Jellyfish,13438640774743318805,19,5,4,1,0
1731686179,10,Sardine,5738322449582618060,18,1,1,8,0
1731686302,55,Spearfish,11840692758377550375,25,3,1,20,0
1731686432,55,Spearfish,7316374288590089538,12,1,3,2,0
