1720420143,4,Perch,17781066880175359790,20,5,4,20
1720420143,37,Snapper,11455163575206933081,25,6,4,13
1720420143,13,Sardine,1800259315588030014,15,3,3,1
1720420143,23,Pufferfish,15028965697351051694,24,2,1,17
1720420143,5031,Boot,3370114474863751864,21,6,4,18
1720420143,5059,Great white shark,7871094380360983934,27,6,2,19
1720420143,34,Triple Tail,5772627248524199665,22,1,3,2
1720420143,23,Pufferfish,10546792141141573766,18,3,4,4
1720420143,71,Angel Fish,10378568170127046426,14,1,4,13
1720420143,19,Trout,12098962626671321083,15,2,2,12
1720420143,45,Clownfish,13460400275906829174,24,6,1,3
1720420143,55,Spearfish,6307866663156730523,20,2,3,13
1720420143,41,Anglerfish,5950384917610100653,25,2,1,8
1720420143,79,Turtle,10738611499138921329,24,5,4,15
1720420143,5049,Axolotl,5205426657488030427,20,7,5,6
1720420143,6,Perch,17989599894260093041,27,5,4,9
1720420143,90,Seahorse,16181990830702277836,24,5,3,14
1720420143,95,Octopus,13356216816060079114,21,4,4,10
1720420143,65,Piranha,2883567410789035300,17,2,2,14
1720420143,50,Damsel Fish,12724759136872027872,19,4,1,4
1720420143,19,Trout,9518909188247939888,19,1,2,9
1720420143,7,Bass,8952304647278451726,19,5,3,2
1720420143,1,Tilapia,7257754672174500775,18,4,1,7
1720420143,44,Clownfish,11785857285378678155,24,1,3,1
1720420143,43,Clownfish,12792116974359078192,12,1,1,13
1720420143,89,Seahorse,5002427545181256579,21,2,3,8
1720420143,25,Catfish,6254380811462823704,22,3,3,17
1720420143,38,Snapper,14626274622270295251,24,5,3,5
1720420143,43,Clownfish,17301401088989053149,22,3,1,18
1720420143,22,Pufferfish,14578559979432789320,14,5,2,9
1720420143,46,Eel,6269140290877937732,14,1,2,8
1720420143,101,Red Handfish,12144096878607768454,25,11,6,5
1720420143,23,Pufferfish,18258100606491679653,14,5,3,3
1720420143,34,Triple Tail,11033178152887935515,18,4,1,12
1720420143,5027,Cutthroat Trout,11235721011969237467,25,3,4,7
1720420143,16,Trout,11883012967422161855,17,1,4,11
1720420143,15,Spotfish,3685467305702161692,28,6,2,14
1720420143,5029,{NULL}fish,3179183294643747284,100,0,0,0
1720420143,37,Snapper,16399723805745040640,20,5,4,15
1720420143,11,Sardine,16369767086038604700,21,3,3,13
1720420143,3,Tilpia,15250499431129004982,20,2,1,15
1720420143,11,Sardine,9097094256411708102,21,3,3,9
1720420143,81,Starfish,1069450638338044636,22,3,1,3
1720420143,27,Catfish,2207919779173773711,25,3,3,15
1720420143,81,Starfish,385249467342486867,13,5,4,9
1720420143,4,Perch,12728240207605199630,20,2,1,19
1720420143,10,Sardine,3397382903301364924,20,6,4,11
1720420143,32,Cod,6661654639927160291,23,1,4,6
1720420143,13,Sardine,14307503846351484692,15,1,4,1
1720420143,7,Bass,3107990911607847739,17,3,3,3
1720420143,40,Anglerfish,9366300406596457147,25,6,4,1
1720420143,62,Barracuda,17273154848027397886,18,6,4,17
1720420143,30,Herring,15191236758107722747,26,2,1,15
1720420143,5031,Boot,3722016465530760797,23,2,1,19
1720420143,15,Spotfish,884798298640954112,26,3,3,3
1720420143,95,Octopus,4594067879459567540,26,2,4,8
1720420143,40,Anglerfish,7207487257331018074,21,1,1,4
1720420143,36,Triple Tail,5789922771500570256,31,5,3,4
1720420143,16,Trout,12617237504346852975,20,3,1,19
1720420143,38,Snapper,9979359083396120368,19,1,1,4
1720420143,89,Seahorse,15617099241256929428,18,6,3,1
1720420143,3,Tilpia,7322118798400382219,18,2,1,14
1720420143,75,Mola Mola Fish,10091076645106231346,27,5,2,4
1720420143,32,Cod,5174895074365275022,22,1,4,8
1720420143,57,Spearfish,10605780182411637362,25,4,1,21
1720420143,93,Blue Lobster,7786661370514033909,26,2,2,11
1720420143,22,Pufferfish,5246877741764707815,22,6,1,19
1720420143,77,Turtle,13509884076772523319,18,5,1,15
1720420143,20,Trout,11675281553754876473,26,2,1,7
1720420143,19,Trout,15273882146163629568,20,4,4,19
1720420143,30,Herring,7432312194301966091,22,5,4,18
1720420143,16,Trout,9084319174734901400,19,1,3,20
1720420143,78,Turtle,13643338882151635561,21,4,1,13
1720420143,90,Seahorse,9626345988815626696,25,7,2,11
1720420143,45,Clownfish,4921798376052367672,23,6,3,21
1720420143,14,Sardine,10328357990639357512,18,4,3,10
1720420143,3,Tilpia,13402377103463214203,20,2,2,5
1720420143,19,Trout,182510269564037199,22,1,1,5
1720420143,81,Starfish,5846002741655654534,15,1,2,5
1720420143,12,Sardine,14346038461752502764,26,2,3,9
1720420143,3,Tilpia,14350476519727174103,19,1,2,12
1720420143,30,Herring,14535282153213508612,17,2,3,3
1720420143,3,Tilpia,4654616343538443988,21,4,1,16
1720420143,62,Barracuda,18354716779558787615,14,3,3,8
1720420143,30,Herring,787524388706357680,16,4,1,18
1720420143,22,Pufferfish,5528165911070917072,12,2,3,12
1720420143,41,Anglerfish,6102807098603267101,22,7,1,9
1720420143,20,Trout,10715370517576728673,18,2,3,15
1720420143,93,Blue Lobster,5149625194393958917,25,3,1,14
1720420143,30,Herring,14242670768878435428,20,2,4,6
1720420143,65,Piranha,7355476869616349849,22,5,3,20
1720420143,5,Perch,9724350706847225669,22,1,4,3
1720420143,8,Bass,9377688737029322,23,2,2,6
1720420143,78,Turtle,3350514883047750548,31,5,3,6,13
1720420143,25,Catfish,8608913103623058822,20,5,4,8,0
1723364033,14,Sardine,2564006025474923844,17,4,1,4,0
1723364600,5031,Boot,3853304390797818812,16,3,2,3,0
1723373219,44,Clownfish,6911144669198325602,19,2,1,4,0
