1723480601,11,Sardine,4909656444322141354,21,2,3,7,0
1723480723,100,Jellyfish,2570757868966732534,20,5,4,18,0
1723480856,37,Snapper,1451156767999287189,21,1,2,2,0
1723480977,19,Trout,3053283030572693226,14,4,2,10,0
1723481099,71,Angel Fish,3848738426919936646,15,3,1,20,0
1723481246,16,Trout,8249112002973209376,23,4,4,12,3
1723481550,86,Shrimp,14568299152514449099,24,5,3,4,0
1731594749,1,Tilapia,1997713782982443662,18,6,4,17,4
1731594873,70,Angel Fish,2263781494603030681,14,1,4,9,0
1731595137,23,Pufferfish,10257805071402219347,19,5,3,13,0
1731595623,34,Triple Tail,450503142252952990,17,1,1,18,0
1731595991,69,Grouper,5241453628771601769,17,2,3,6,0
1731596114,70,Angel Fish,17962713437985952869,26,1,4,1,0
1731596571,47,Eel,7046687377265795770,15,2,3,8,0
1731597350,53,Bluegill,16062223308058842343,21,1,1,9,0
1731597512,32,Cod,9546065243359199613,20,5,1,3,5
1731597635,104,Boot,15519843572249892400,12,2,2,7,0
1731597757,11,Sardine,11746750544828588300,14,5,2,14,0
1731597910,63,Barracuda,15036370850908998354,23,7,4,17,1
1731598165,77,Turtle,17748013201211219012,18,4,1,12,0
1731598305,59,Salmon,1808960334840282932,22,4,2,10,0
1731598430,28,Anchovy,15802848406344389061,24,4,4,5,0
1731598582,52,Bluegill,16896175758669710164,22,5,4,15,2
1731598841,28,Anchovy,11427760780526436715,25,5,2,19,4
1731598969,80,Starfish,11427360028047914989,21,1,3,4,0
1731599114,70,Angel Fish,11611772301099330099,21,5,2,1,6
1731599237,7,Bass,12046021074684642302,20,3,1,2,0
1731599360,86,Shrimp,11712283429348121345,19,3,3,13,0
1731599494,61,Barracuda,17165757958178248142,15,2,2,17,0
1731599621,37,Snapper,13225227838129558181,15,6,3,3,0
1731601481,67,Grouper,5465273307776732588,18,5,4,4,0
1731601611,16,Trout,5384202530902168332,14,4,3,13,0
1731601772,64,Piranha,12282217002216502529,19,4,3,6,0
1731601912,14,Sardine,12283273185892242122,18,2,4,16,0
1731602056,71,Angel Fish,12326836581350137553,19,1,4,20,0
1731602264,67,Grouper,13358316965005567368,19,1,2,20,0
1731602388,25,Catfish,12478294090075787886,23,3,4,2,1
1731602513,78,Turtle,7302105503801555858,24,4,3,7,0
1731602743,30,Herring,13182507126371033811,19,4,1,2,0
1731603037,83,Crab,12340146900901217198,19,3,2,4,0
1731603287,92,Lobster,12449363069909379235,17,5,2,16,0
1731603411,62,Barracuda,12003026461429957253,21,2,3,9,0
1731603557,16,Trout,9882156917266094937,21,3,3,1,0
