37,Snapper,13632550265752597211,22,6,2,13,0
47,Eel,9166115731446084073,22,6,3,2,0
1,Tilapia,12864748196906916632,22,5,4,9,0
77,Turtle,829953204716838294,19,2,1,6,0
49,Damsel Fish,12665228259729855305,17,4,3,8,0
29,Herring,8682586040773561291,17,2,4,6,0
32,Cod,10150449668441186331,24,2,2,9,0
71,Angel Fish,16292467923193112066,14,2,2,5,0
92,Lobster,17641808075508020339,22,2,4,6,0
81,Starfish,18022572340996928726,21,4,1,6,0
43,Clownfish,9716952157532280802,17,5,3,11,2
2,Tilapia,909722948729150840,26,4,4,7,0
34,Triple Tail,15101434359953552666,20,3,3,16,0
5,Perch,8705499279551745698,19,4,1,5,0
5031,Boot,9970157048494705328,15,2,4,20,0
1,Tilapia,3995016511984640081,21,1,4,6,0
92,Lobster,3965854703693952636,17,1,1,15,0
61,Barracuda,3592218635763012194,20,3,1,4,0
86,Shrimp,18312905673259533334,24,6,3,10,6
65,Piranha,18032785338186887128,25,5,3,9,0
4,Perch,9202512217719316080,19,6,1,20,2
5,Perch,139012744257798497,24,5,4,13,0
19,Trout,8748143705308149430,19,3,3,13,0
31,Cod,13727449788593774505,21,1,4,16,0
2,Tilapia,2603740317606895857,19,3,3,6,0
64,Piranha,1080668234497030216,17,3,1,18,0
52,Bluegill,754877338343133047,17,6,4,11,0
43,Clownfish,3637770187551566264,17,1,3,14,0
17,Spot Fish,7222572923438767063,17,4,2,17,0
81,Starfish,4306870555958724764,13,2,1,15,0
72,Angelfish,10199087367554232800,27,3,4,15,2
69,Grouper,17292083363256532448,21,5,3,2,0
32,Cod,12075725118653774583,18,3,4,2,0
25,Catfish,14387813020211201697,23,5,1,1,3
4,Perch,18196826204127890573,20,2,3,13,0
4,Perch,6070834030183590036,21,2,1,10,0
70,Angel Fish,15171408135334922329,16,5,2,20,0
80,Starfish,17423158107780995875,21,2,4,19,0
34,Triple Tail,17944507427358713934,18,5,2,4,0
32,Cod,1218042491846700535,16,2,4,19,0
49,Damsel Fish,10449042111567865384,19,6,1,7,0
58,Salmon,4644455842098176570,14,6,3,5,0
37,Snapper,3767183465659894237,15,5,4,12,0
69,Grouper,2667912818408147978,21,1,3,17,0
