71,Angel Fish,8518187630395679909,19,3,3,3
23,Pufferfish,13876720791886921247,19,2,3,19
4,Perch,11115950367116131312,18,6,3,7
50,Damsel Fish,13084963643818343640,19,5,3,7
37,Snapper,12842777095979213726,21,6,2,12
89,Seahorse,13159295693664305512,15,2,3,18
46,Eel,2831898296699673042,16,6,4,12
65,Piranha,10867247653265830843,14,1,4,18
37,Snapper,5778344713799652267,18,1,3,4
62,Barracuda,14262013849094697235,17,6,4,11
13,Sardine,8426743778062897564,14,3,2,15
13,Sardine,15335225034660818600,24,3,2,14
29,Herring,11138458363835677218,20,1,1,14
59,Salmon,17745079590217110465,22,4,3,7
37,Snapper,1650848380568444332,19,6,4,3
1,Tilapia,4778918671924889300,15,3,4,1
