1731852669,65,Piranha,12914826519233438739,16,1,2,5,0
1731852856,29,Herring,4354743778732203009,19,1,3,7,0
1731853003,46,Eel,14168989231470032509,18,3,1,4,0
1731853378,49,Damsel Fish,5391686776880302262,19,4,2,6,0
1731853504,104,Boot,4993448336663592861,14,6,3,6,0
1731853626,105,GamerPieJess fish,4346283203357603386,30,7,3,12,12
1731853749,11,Sardine,18024901248364691644,17,1,3,8,0
1731853873,55,Spearfish,17385300213213488563,23,6,3,17,0
1731854002,81,Starfish,16560359596580612821,17,2,1,2,0
1731854127,47,Eel,3392738393888321241,22,2,3,1,0
1731854274,35,Triple Tail,13018914810014028760,28,7,2,12,14
1731854424,3,Tilpia,17544310595138378418,23,4,4,8,0
1731854556,7,Bass,15972530616883085048,20,4,1,1,0
1731854679,14,Sardine,16492706985930444654,21,6,2,8,0
1731854802,26,Catfish,17553228281280044939,30,2,1,6,0
