1720420143,28,Anchovy,18323960789876449334,19,3,1,2
1720420143,5031,Boot,10750797895947523343,18,6,3,17
1720420143,37,Snapper,12389756061284606235,19,2,1,19
1720420143,87,Shrimp,12509268978778337651,17,2,2,13,0
1720420143,99,Jellyfish,4230598857349505595,22,2,3,10,0
1720420143,7,Bass,5775090014201586938,14,6,2,15,0
1720420143,61,Barracuda,16568195901388719888,18,3,3,16,0
1720420143,99,Jellyfish,1506733318193826228,18,5,3,10,1
1720420143,69,Grouper,6437805237173385515,26,1,2,7,0
1720420143,53,Bluegill,1075104473443971665,14,3,4,3,0
1720420143,37,Snapper,836662095828607769,15,1,1,19,0
1720420143,58,Salmon,8212309068650251287,21,6,3,11,0
1720420143,71,Angel Fish,5580800929840380759,16,4,4,13,0
1720420143,11,Sardine,7069076182608314323,20,3,4,13,0
1720420143,23,Pufferfish,12617764515454690271,16,5,1,8,0
1720420143,46,Eel,17709556830758341686,19,1,3,11,0
1720420143,36,Triple Tail,12275110869109734436,32,3,2,16,4
1720420143,10,Sardine,1360774182602044386,19,6,2,3,3
1720420143,82,Starfish,17470604952178086286,27,3,3,8,3
1720420143,2,Tilapia,4389533426087982530,22,1,4,19,0
1720420143,86,Shrimp,4569829547168851913,18,1,3,20,0
1720420143,60,Green Salmon,7767713170568413216,24,7,1,8,0
1720420143,59,Salmon,4700650339035328912,20,1,2,9,0
1720420143,55,Spearfish,13321960642733964027,17,6,2,5,0
1720420143,34,Triple Tail,10275492491491288002,19,3,2,20,0
1720420143,80,Starfish,13175037420154955120,18,3,2,10,0
1720420143,58,Salmon,7542049889461123465,17,5,1,3,0
1720420143,89,Seahorse,4078458862604501667,22,5,1,13,0
1720420143,61,Barracuda,13852429593790200397,15,5,4,7,0
1720420143,29,Herring,6816946189325189273,18,4,4,9,0
1720420143,33,Cod,14680005205989111993,32,7,4,21,23
1720420143,55,Spearfish,13729974264861443966,13,3,3,20,0
1720420143,14,Sardine,16941086862760776417,17,6,3,3,0
1720420143,43,Clownfish,7863483321985431436,12,3,4,14,0
1720420143,65,Piranha,10013617162262380625,23,2,4,18,1
1720420143,25,Catfish,13417967628128523988,19,6,4,9,0
1720420143,38,Snapper,12361327431035596315,20,3,2,18,0
1720420143,46,Eel,4591403012616870448,23,3,3,18,0
1720420143,3,Tilpia,10608337217653221369,19,4,1,10,0
1720420143,46,Eel,3264802836052073189,16,2,1,2,0
1720420143,16,Trout,3020387012679772825,17,1,4,8,0
1720420143,67,Grouper,1056422153153321594,19,5,2,1,0
1720420143,43,Clownfish,2155350745771744459,20,5,3,13,0
1720420143,53,Bluegill,1737810050895152327,18,1,4,7,0
1720420143,28,Anchovy,6114359906310036008,19,5,1,8,0
1720420143,5031,Boot,11094157739454780264,17,3,3,10,0
1720420143,34,Triple Tail,5123143409619757822,13,5,2,4,0
1720420143,59,Salmon,5474555776685691942,16,1,4,13,0
1720420143,58,Salmon,1890238357711789319,20,3,3,1,0
1720420143,34,Triple Tail,12216397240195652856,19,4,4,5,0
1720420143,67,Grouper,15827895025414298357,25,5,4,18,5
1720420143,79,Turtle,7680894555411416171,17,10,2,10,0
1720420143,30,Herring,7067056897206323931,16,6,2,13,0
1720420143,33,Cod,9802647285437949252,22,2,1,9,0
1720420143,5049,Axolotl,13842874149248880940,20,9,3,5,0
1720420143,26,Catfish,12771147970568012079,24,4,3,13,0
1720420143,41,Anglerfish,14546228084595554287,18,7,1,12,0
1720420143,46,Eel,9326902731203780087,23,4,4,10,0
1720420143,63,Barracuda,5155219030016029522,25,4,4,10,0
1720420143,35,Triple Tail,5346304911694098973,26,5,4,14,0
1720420143,3,Tilpia,11241189956174399521,18,6,2,14,0
1720420143,59,Salmon,180345121787926031,21,4,1,10,0
1720420143,44,Clownfish,14293485097092373451,15,1,1,5,0
1720420143,3,Tilpia,461693126059730528,22,3,4,2,0
1720420143,55,Spearfish,8911921188835171672,16,2,2,4,0
1720420143,39,Snapperfish,18313844574167943478,24,5,1,11,1
1720420143,25,Catfish,14531106212614857629,21,5,1,1,0
1720420143,98,Jellyfish,8428114254998143619,25,2,4,3,0
1720420143,70,Angel Fish,6350921821180622103,19,4,3,17,1
1720420143,42,Anglerfish,7802781587649749992,26,3,3,4,0
1720420143,45,Clownfish,2869449752239702213,19,5,2,6,0
1720420143,67,Grouper,4062304230591740584,15,2,3,9,0
1720420143,5026,GamerPieJess fish,10702966590756997719,22,6,3,2,0
1720420143,55,Spearfish,8543342838364855561,20,1,4,11,0
1720420143,55,Spearfish,16224691256688755928,19,3,3,20,0
1720420143,49,Damsel Fish,8499024721791843328,23,4,3,7,0
1720420143,38,Snapper,14799740656600290026,17,4,2,18,0
1720420143,54,Redgill,14195683363571884718,18,6,3,17,2
1720420143,100,Jellyfish,1172873510554772,27,3,2,8,0
1720420143,1,Tilapia,6380017763708611252,22,2,4,12,0
1720420143,40,Anglerfish,15784339561900749816,15,2,4,2,0
1720420143,19,Trout,13860260779563460462,18,5,3,14,0
1720420143,54,Redgill,15820666659726955750,21,4,4,8,0
1720420143,63,Barracuda,12466999241298812112,30,4,4,19,4
1720420143,93,Blue Lobster,17092518955567904452,26,7,1,18,15
1720420143,75,Mola Mola Fish,16753652925679862932,26,5,1,10
1720420196,53,Bluegill,6465148733544901504,20,5,2,13
1720420737,97,Golden Takoyaki,6925806690144405858,26,6,6,15,4
1720420857,97,Golden Takoyaki,1433897980798755827,36,6,6,17,19
1720420981,59,Salmon,9623396937622711178,20,6,3,8,0
1720421260,43,Clownfish,7582275262241377881,15,3,2,20,0
1720421383,55,Spearfish,13336799899386893836,18,4,1,12,0
1720422179,40,Anglerfish,432082240432906794,17,1,2,20,0
1720422420,5067,Pop-eyed goldfish,13050685028070645645,29,6,1,12,5
1720422540,24,Pufferfish,13671163497646493362,21,5,2,12,2
1720422661,74,Mola Mola Fish,14008760510880273103,20,3,4,8,0
1720422782,9,Bass,11300323036801377219,32,6,4,5,1
1720422903,26,Catfish,8824046556532719941,22,6,4,10,0
1720423023,30,Herring,10512240457179597645,21,5,2,2,0
1720423144,59,Salmon,6174821507233251331,15,2,3,15,0
1720423264,89,Seahorse,37946025436078662,18,6,2,18,0
1720423385,50,Damsel Fish,10274732231063657603,18,5,1,18,0
1720423505,74,Mola Mola Fish,7284221813488249083,18,4,4,15,0
1720423626,99,Jellyfish,4022072895127158358,24,5,1,10,1
1720423746,39,Snapperfish,244876524465302018,34,3,1,21,0
1720423867,56,Spearfish,17052782640720056648,21,6,3,18,11
1720423987,27,Catfish,8631779259927184902,19,5,3,4,0
1720424108,37,Snapper,5152842183051830533,20,6,1,4,0
1720424247,83,Crab,11084710371096545016,18,2,3,5,0
1720424368,81,Starfish,134117265409001322,17,2,3,7,0
1720424488,2,Tilapia,3803924866879231263,19,3,2,1,0
1720424608,17,Spot Fish,18207091639003135914,17,3,2,6,0
1720424729,4,Perch,2034531614768919780,19,1,1,15,0
1720424849,7,Bass,17658494423338853997,18,4,2,18,0
1723286170,62,Barracuda,165543818476718774,15,1,4,4,0
1723286291,13,Sardine,8532893246131444587,14,1,2,8,0
1723286411,80,Starfish,11716525448217550149,24,6,2,11,0
1723286532,45,Clownfish,4150257067742359455,27,5,1,2,0
1723286652,34,Triple Tail,12432126790524150180,12,3,1,13,0
1723286773,22,Pufferfish,14993386679154375761,20,5,4,7,1
1723286893,1,Tilapia,1913144171897015825,22,2,2,20,0
1723287014,5031,Boot,13258864886338500006,19,2,2,16,0
1723287134,55,Spearfish,13991410117035121781,18,6,3,3,0
1723287255,38,Snapper,8822549820693649903,20,2,1,2,0
1723287376,27,Catfish,3689205977798543376,30,4,4,20,5
1723287496,47,Eel,3566053330588801433,15,1,1,17,0
1723287617,92,Lobster,8295510958407961017,12,6,1,19,0
1723287737,5059,Great white shark,390358564975762784,28,7,2,9,5
1723287858,69,Grouper,10628265432798866179,16,1,4,5,0
1723287978,52,Bluegill,17614501071901818613,19,4,4,10,0
1723288099,62,Barracuda,13869340934692488811,13,4,2,8,0
1723288219,19,Trout,2799915094080762068,19,4,1,16,0
1723288340,53,Bluegill,16726308010675658192,19,6,3,18,0
1723288461,46,Eel,9936537971517454873,20,3,1,11,0
1723288581,50,Damsel Fish,4950663822565530629,25,1,1,3,0
1723288702,11,Sardine,8359433734860873595,15,2,2,13,0
1723288823,53,Bluegill,16655006370298458762,20,4,4,2,0
1723288943,70,Angel Fish,11639448839186053858,21,3,1,7,0
1723289064,39,Snapperfish,16449172472368429807,19,7,2,10,1
1723289184,35,Triple Tail,3397392061554787149,27,6,2,19,6
1723289305,2,Tilapia,554543407927856297,20,5,1,17,0
1723289425,28,Anchovy,6204745384135930883,18,6,2,4,0
1723289546,26,Catfish,3765139695681503933,31,3,2,18,0
1723289666,32,Cod,6384027202867705063,17,5,2,12,0
1723289787,70,Angel Fish,18342678070222651921,15,3,2,13,0
1723289907,23,Pufferfish,5180936767298957379,23,3,2,7,0
1723290028,83,Crab,15031774415657721203,15,5,1,18,0
1723290149,3,Tilpia,3175137886030571176,20,3,2,2,0
1723290269,19,Trout,4128039604354521571,15,5,1,18,0
1723290390,81,Starfish,16509587416921333956,19,5,1,19,0
1723290510,13,Sardine,16327314280361689721,18,1,4,4,0
1723290631,68,Grouper,15421898252326168346,22,7,2,4,0
1723290751,23,Pufferfish,16238280903513666385,18,6,1,4,0
1723290872,29,Herring,11626175299598754396,12,6,4,18,0
1723290993,64,Piranha,6295556466795574098,23,2,2,3,0
1723291113,53,Bluegill,16035458625725417900,22,4,4,15,1
1723291234,23,Pufferfish,17389551469779059911,15,1,1,12,0
1723291354,17,Spot Fish,1132089860551438827,21,6,4,10,0
1723291475,61,Barracuda,3847507483343081628,14,4,2,6,0
1723291595,38,Snapper,7936109646796928550,15,2,3,17,1
1723291716,77,Turtle,11578834883069587583,19,3,4,3,0
1723291836,83,Crab,2939794379334797178,21,5,4,10,1
1723291957,84,Crab,4209437301548557155,31,5,3,4,6
1723292078,100,Jellyfish,12927665769098445971,30,4,3,4,0
1723292198,80,Starfish,7189617565341632918,23,2,3,7,0
1723292319,65,Piranha,1264609719746695738,20,1,3,4,0
1723292439,24,Pufferfish,8784552840371328050,27,4,1,5,1
1723292560,63,Barracuda,13069579302739816703,17,7,2,7,0
1723292680,47,Eel,14138960737819241994,23,4,1,8,0
1723292801,7,Bass,10003690101506933515,21,5,1,8,0
1723292921,34,Triple Tail,2480552728884090066,12,6,4,15,2
1723293042,83,Crab,13749293966430692504,14,1,1,8,0
1723293162,83,Crab,8704184891551033334,22,6,3,2,0
1723293283,67,Grouper,14172756219484211259,15,4,1,8,0
1723293404,32,Cod,12079146432413125618,23,1,4,6,0
1723293524,92,Lobster,5047693782501958902,19,5,3,17,0
1723293645,47,Eel,11966988387097815809,25,5,3,2,0
1723293765,86,Shrimp,7200048020381080905,23,3,1,2,0
1723293886,28,Anchovy,11981222215052323992,23,6,3,10,0
1723294006,13,Sardine,1240111703447272896,17,3,4,1,0
1723294127,70,Angel Fish,5271928161267826780,22,6,2,10,0
1723294247,81,Starfish,2469192764429391930,20,2,4,11,0
1723294368,8,Bass,889068268271380199,14,3,3,16,0
1723294488,49,Damsel Fish,15988394027473577736,15,1,3,6,0
1723294609,61,Barracuda,4807995380751917038,18,1,2,20,0
1723356583,92,Lobster,10634831625828480818,25,3,4,7,0
1723356704,11,Sardine,15495302974762865795,17,4,1,8,0
1723356824,5027,Cutthroat Trout,8916435337302452011,23,2,1,6,0
1723357706,11,Sardine,10682810255855374164,19,4,4,4,0
1723357827,49,Damsel Fish,2512400536673275957,20,3,2,10,0
1723357947,34,Triple Tail,3251090985672942868,22,2,2,19,0
1723358068,31,Cod,14430769593872611390,15,2,1,11,0
1723358188,5028,404 Fish,8274615309037112797,13,6,1,14,0
1723358309,74,Mola Mola Fish,14071434005571330474,24,4,4,3,3
1723358429,3,Tilpia,758034244036013459,26,4,2,1,0
1723358549,13,Sardine,17706943027134036852,19,6,4,20,5
1723358670,67,Grouper,11325976056191428430,19,1,2,17,0
1723358790,81,Starfish,17042737328107278074,21,6,1,19,0
1723358911,13,Sardine,8540822067202999840,20,3,4,2,0
1723359031,82,Starfish,10038350179911521335,27,7,3,18,18
1723359152,27,Catfish,11626724928895391878,31,2,2,5,0
1723359272,34,Triple Tail,8003977617171446623,14,5,1,13,0
1723359393,28,Anchovy,16589686412302252739,20,4,3,17,0
1723359513,34,Triple Tail,11698248596052246829,14,3,3,6,0
1723359634,16,Trout,11766759379941672630,15,3,4,16,0
1723359754,81,Starfish,10823646566657694007,20,1,3,7,0
1723359875,40,Anglerfish,1706493528101235334,19,4,1,14,0
1723359995,53,Bluegill,3992820219345893193,24,2,2,11,0
1723360116,28,Anchovy,5119788178855880863,13,3,2,1,0
1723360236,5031,Boot,12027621151699510411,19,1,3,17,0
1723360357,99,Jellyfish,16287625871347372413,21,2,1,6,0
1723360477,26,Catfish,14726643623774258387,25,2,3,16,0
1723360598,92,Lobster,1256611349047911297,25,2,3,11,0
1723360718,55,Spearfish,1353408490593428988,22,2,2,4,0
1723360839,99,Jellyfish,4519506639810820646,19,4,2,6,0
1723360960,1,Tilapia,15168293445779004064,16,6,2,3,0
1723361080,83,Crab,12859469676741132137,14,6,4,4,0
1723361201,70,Angel Fish,10627772171103587408,16,5,3,5,0
1723361321,5067,Pop-eyed goldfish,751323979185647477,20,3,2,15,0
1723361442,59,Salmon,424897970015562450,12,6,3,11,0
1723361562,62,Barracuda,4962774985516945608,15,2,3,6,0
1723361683,68,Grouper,8821322639286786228,23,4,2,13,0
1723361803,67,Grouper,15372560299262302788,20,1,1,14,0
1723361924,62,Barracuda,2500189612021614560,18,6,3,3,1
1723362044,67,Grouper,10449601896796203355,23,2,3,19,0
1723362165,61,Barracuda,8939534096196006886,19,2,3,9,0
1723362285,29,Herring,16238890667415168928,24,6,3,12,0
1723362406,20,Trout,3824188837473172826,28,4,3,18,7
1723362526,14,Sardine,1642149033365121366,16,3,3,15,0
1723362647,46,Eel,12302747411627520907,12,4,2,6,0
1723362767,83,Crab,9225569696620943420,23,6,4,8,6
1723362888,37,Snapper,7458046771867486777,21,3,3,9,0
1723363008,49,Damsel Fish,18386535425407822613,12,5,3,20,0
1723363129,17,Spot Fish,13641327104052053575,19,3,3,18,1
1723363249,59,Salmon,14109238859616750834,22,4,4,20,2
1723363370,32,Cod,12086973246204419945,14,5,4,18,0
1723363491,58,Salmon,7169295940045049258,19,1,3,18,0
1723363611,92,Lobster,3100687506522284409,12,4,2,18,0
1723363732,16,Trout,10349050662521958679,21,2,1,15,0
1723363852,52,Bluegill,12469133008228742378,19,4,1,8,0
1723363973,74,Mola Mola Fish,11983663882598122039,18,3,1,13,0
1723364093,70,Angel Fish,16492231337763186545,22,6,1,18,5
1723364214,49,Damsel Fish,2554859336060973836,20,1,4,7,0
1723364334,86,Shrimp,511016272956837469,19,1,4,4,0
1723364455,39,Snapperfish,5782933293231313323,28,6,1,6,1
1723364575,61,Barracuda,17232418267852089110,19,1,2,19,0
1723364696,55,Spearfish,6147681442675806808,16,3,3,1,0
1723364816,5031,Boot,6688937601971346376,20,1,1,3,0
1723364937,48,Electric Eel,11849361790090150068,29,4,3,12,2
1723365058,27,Catfish,4972947241545869087,21,7,4,19,7
1723365178,17,Spot Fish,3162089798893470338,15,4,1,15,0
1723365299,28,Anchovy,11092549018330207682,18,1,2,12,0
1723365419,71,Angel Fish,10486672765006386048,23,2,2,15,0
1723365540,59,Salmon,1338127548431721452,22,1,2,7,0
1723365661,65,Piranha,9259744772322906499,24,6,2,17,0
1723365781,59,Salmon,9387255072760985059,20,2,2,12,0
1723365902,78,Turtle,13565735468657918900,19,3,1,3,0
1723366022,32,Cod,13748329953605105428,20,6,4,10,0
1723366143,62,Barracuda,15579171178917610421,25,3,2,19,9
1723366264,52,Bluegill,422436099659753074,19,2,2,18,0
1723366384,13,Sardine,8265163528255683486,19,3,3,5,0
1723366505,52,Bluegill,17358810651054567506,14,4,4,3,0
1723366625,37,Snapper,7022230736189746751,21,6,1,13,0
1723366746,8,Bass,14454333739245838340,17,4,2,13,0
1723366867,16,Trout,11652340400284734643,17,5,4,3,0
1723366987,11,Sardine,8834062936813637472,19,4,4,12,0
1723367108,67,Grouper,10016273906078109763,15,4,2,3,0
1723367228,80,Starfish,7328072001863397953,17,2,1,13,0
1723367349,12,Sardine,13647792395495133256,22,3,1,19,0
1723367469,67,Grouper,10216947817038366024,23,5,1,6,0
1723367590,67,Grouper,4710690515328335578,22,3,1,8,0
1723367711,7,Bass,3120869292609616985,24,5,2,9,0
1723367831,4,Perch,14877967982951248854,19,5,2,14,0
1723367952,99,Jellyfish,3349329537242385097,16,2,4,15,0
1723368073,86,Shrimp,16533841046114875846,21,6,2,7,0
1723368193,23,Pufferfish,3326595399311775960,19,5,2,14,0
1723368314,64,Piranha,5566574806633992472,21,4,1,20,0
1723368434,3,Tilpia,8682880941381034888,21,2,2,17,0
1723368555,40,Anglerfish,803753653883757686,21,3,1,14,0
1723368676,99,Jellyfish,16557401788460555507,21,3,3,14,0
1723368796,46,Eel,12669040283680543084,16,5,1,3,0
1723368917,34,Triple Tail,17256976877928653232,21,2,3,8,0
1723369037,70,Angel Fish,3328964521872547349,17,4,3,16,0
1723369158,16,Trout,11927000788382772881,19,4,4,6,0
1723369278,5,Perch,863137645093432395,17,6,4,12,12
1723369399,8,Bass,12498936012000303536,14,2,1,5,0
1723369520,34,Triple Tail,13319005340417808180,24,2,2,17,0
1723369640,47,Eel,678971281993595264,14,6,4,7,0
1723369761,23,Pufferfish,1041313269361571648,21,4,2,6,1
1723369881,58,Salmon,2508751356661409249,19,1,4,13,0
1723370002,64,Piranha,7681091984256576108,19,3,3,19,0
1723370122,28,Anchovy,18042886541379017719,22,4,1,14,0
1723370243,61,Barracuda,12841089043422259568,25,4,2,3,0
1723370363,52,Bluegill,1237775908373638679,21,6,4,14,5
1723370484,11,Sardine,12221041914753177848,16,3,2,17,0
1723370605,63,Barracuda,11272741801078795707,24,6,2,12,1
1723370725,20,Trout,2002717374535624108,26,7,4,2,0
1723370846,29,Herring,17859564075105361391,24,3,2,20,0
1723370966,13,Sardine,9147385390523670487,21,2,1,18,0
1723371087,63,Barracuda,12974692807940329568,27,4,3,4,0
1723371207,31,Cod,6569196138696942056,17,5,2,9,0
1723371328,43,Clownfish,12038533719689000128,20,3,3,6,0
1723371448,34,Triple Tail,4296157716389213007,24,1,2,14,0
1723371569,31,Cod,16574036693775558892,15,1,2,8,0
1723371689,34,Triple Tail,11612533155647347357,18,4,1,8,0
1723371810,7,Bass,7131306894512108982,19,6,4,17,1
1723371930,37,Snapper,13391944659427162708,15,2,3,2,0
1723372051,84,Crab,12442761350507199228,24,2,1,15,0
1723372171,49,Damsel Fish,3744889493255097644,16,5,4,7,0
1723373641,32,Cod,1988629726206795211,19,2,3,11,0
1723373761,11,Sardine,6737998235418600988,21,3,4,18,2
1723373882,83,Crab,9528205867501805904,22,5,2,12,4
1723374003,67,Grouper,15282672342849135029,19,6,4,14,0
1723374123,90,Seahorse,3626767043868582197,24,3,1,8,0
1723374244,49,Damsel Fish,14748783733049093678,19,3,4,12,0
1723374364,69,Grouper,4708948311916657851,20,3,2,7,0
1723374485,28,Anchovy,4093176988110071531,24,4,2,12,0
1723374606,29,Herring,14305857544361831293,18,3,4,5,0
1723374726,25,Catfish,12790625221262660763,19,2,3,4,0
1723374847,25,Catfish,11824165193106276357,15,5,4,17,3
1723374967,16,Trout,4712442162990697396,13,2,1,13,0
1723375088,61,Barracuda,1573558021917159659,24,3,3,4,0
1723375208,86,Shrimp,14013553155870953416,23,2,1,13,0
1723375329,52,Bluegill,7617468149668909885,19,6,3,1,0
1723375450,17,Spot Fish,16532982177880954441,23,5,2,6,2
1723375570,4,Perch,17216106340891297705,17,3,2,3,0
1723375691,23,Pufferfish,8866416327506951174,19,3,4,1,0
1723375811,5,Perch,1445416506594004947,19,2,1,6,0
1723375932,81,Starfish,3390849307558976397,19,1,4,11,0
1723376052,48,Electric Eel,4412625026133703445,23,3,3,18,0
1723376173,30,Herring,15413773782972564809,20,5,2,8,0
1723376293,37,Snapper,8498367910736107097,20,3,3,7,0
1723376414,55,Spearfish,16750724455188105386,18,6,1,12,0
1723376534,13,Sardine,7758513521952596370,22,3,1,19,0
1723376655,38,Snapper,9435723804474866042,12,3,3,14,0
1723376775,4,Perch,16295543426267587592,20,2,1,2,0
1723376896,11,Sardine,1593354296894133435,17,6,3,10,11
1723377016,99,Jellyfish,15257027064031015178,17,3,3,8,0
1723377137,19,Trout,15126097284874040399,16,4,3,14,0
1723377257,29,Herring,6650374011796660749,21,3,3,16,0
1723377378,3,Tilpia,3247488416694971821,19,2,1,17,0
1723377499,53,Bluegill,6325158148397324693,17,6,3,18
1723377619,29,Herring,14033224783967323587,21,5,1,7,0
1723377740,92,Lobster,17776138386180778632,17,2,1,12
