1720420143,13,Sardine,10625533997781917014,23,3,2,2,0
1720420143,71,Angel Fish,2164008914294070959,18,6,4,8,0
1720420143,99,Jellyfish,13146562722093498513,19,4,3,8,0
1720420143,32,Cod,6028953279069286591,20,4,3,17,0
1720420143,81,Starfish,3791419063997499281,14,4,2,11,0
1720420143,75,Mola Mola Fish,13933411870219340070,17,7,4,17,0
1720420143,34,Triple Tail,11382683058044064186,18,6,3,8,0
1720420143,23,Pufferfish,18381054172372470209,17,2,4,7,0
1722770118,63,Barracuda,5418656840994240193,20,3,3,8,0
1722770238,58,Salmon,6380373966714944260,20,4,3,18,2
1722770363,16,Trout,2058960580357828783,17,2,4,15,0
1722770589,25,Catfish,11727892660016967830,18,3,2,4,3
1722771320,64,Piranha,8215915829913319080,21,4,3,6,0
1723372180,83,Crab,16426898807497485207,16,4,2,8,0
1723372384,61,Barracuda,14055859481932931824,17,5,2,6,0
1723372509,44,Clownfish,5373207080362398357,19,4,2,7,0
1723372651,99,Jellyfish,348387523025593581,18,1,2,12,0
1723372928,62,Barracuda,6302621135558413028,18,6,4,3,0
1723373129,44,Clownfish,11413036073438774433,18,4,4,11,0
1723373295,50,Damsel Fish,9950402699650886504,15,1,2,6,0
1723373504,70,Angel Fish,13747159478900938255,20,3,2,8,0
1723373629,74,Mola Mola Fish,683488156592747094,19,6,2,7,0
1723373769,55,Spearfish,10730969863859009760,22,5,2,1,0
1723373904,22,Pufferfish,5330687427328058185,18,4,3,8,0
1723374028,65,Piranha,2659676144176216574,26,4,3,4,0
1731603142,74,Mola Mola Fish,471584423206942544,21,5,1,18,0
1731603327,5027,Cutthroat Trout,5719180986582907218,23,4,3,18,0
1731603450,82,Starfish,4030119622505374075,33,2,4,6,0
