71,Angel Fish,16109859120072241171,17,1,1,13
14,Sardine,2672209222684762355,22,1,1,12
62,Barracuda,255244101204807497,20,6,3,20
37,Snapper,781637210054445700,19,6,3,15
29,Herring,18032763997802113186,14,2,2,9
89,Seahorse,6403095974076638445,21,3,1,5
19,Trout,4643112972926579364,21,2,4,12
62,Barracuda,444930247922884864,20,1,4,10
77,Turtle,3070644147938344925,12,1,4,12
34,Triple Tail,11751870160591622749,23,4,1,16
18,Trout,3367224222485458551,24,7,1,3
47,Eel,8077749420450195049,20,2,3,11
77,Turtle,3974161668709321148,19,2,3,20
5,Perch,15270149615286080790,15,4,4,12,0
15,Spotfish,11911766056079013341,23,6,1,3,3
40,Anglerfish,6474775681264109362,14,5,3,14,0
47,Eel,4517308858510963595,19,1,1,14,0
87,Shrimp,16001070438262473958,26,6,1,18,7
44,Clownfish,15177419314570398831,18,2,4,2,0
33,Cod,14887030150180297898,22,5,1,6,0
18,Trout,9008793056946939346,28,2,4,8,5
69,Grouper,15384739573611316760,15,3,3,9,0
65,Piranha,16079236686823162459,20,3,3,7,0
64,Piranha,11318541305844173715,21,3,4,5,0
84,Crab,14222762876786892076,21,2,3,18,0
82,Starfish,11063945427407443349,28,5,2,13,2
71,Angel Fish,6862294958832717161,24,3,2,2,0
25,Catfish,6327819608507653357,22,4,3,3,0
82,Starfish,1016684634950608444,22,5,2,11,8
77,Turtle,7629903278257630632,19,2,1,17,0
67,Grouper,12907466824415235986,13,4,3,7,0
39,Snapperfish,7086025650287901540,20,3,1,14,0
55,Spearfish,15859385646498064062,16,3,2,13,0
5,Perch,2985488849171978661,20,5,4,9,0
66,Piranha,17227758677244251899,20,6,1,19,0
3,Tilpia,17870685602762285317,19,2,4,3,0
57,Spearfish,10664751464725026676,29,6,1,3,6
22,Pufferfish,10576161543768040122,21,2,4,5,0
14,Sardine,9557973646306313492,18,3,2,1,0
5059,Great white shark,1144613720267036518,23,2,2,15,0
52,Bluegill,13300128105757599781,21,1,2,15,0
23,Pufferfish,14696314271397420603,13,4,4,10,0
61,Barracuda,1463034677273747229,24,1,2,15,0
55,Spearfish,15522224158850593590,25,5,2,20,3
7,Bass,9403304164886227622,13,3,3,7,0
38,Snapper,12848530918161487657,15,3,2,8,0
31,Cod,9290545439066217444,24,4,2,19,1
1,Tilapia,13258942953544379032,19,1,3,3,1
70,Angel Fish,16993863893893145203,15,2,4,17,0
78,Turtle,10822491265995853806,20,2,3,11,0
70,Angel Fish,12559184092135932353,21,5,2,6,4
70,Angel Fish,5740302024814913109,23,6,4,5,2
5,Perch,6713929973569818751,20,5,2,1,0
49,Damsel Fish,7993512677748034378,21,6,3,6,2
22,Pufferfish,6430990432799548560,18,1,4,10,0
67,Grouper,4514863725191195031,18,1,2,14,0
8,Bass,13140139622579364043,19,2,1,17,0
19,Trout,10497363738425714492,17,5,3,17,0
10,Sardine,9915921096137410047,18,5,3,9,0
61,Barracuda,13525600351079995994,16,5,2,19,0
68,Grouper,13481501942530406093,22,2,1,3,0
38,Snapper,12688690412299767498,23,5,4,1,0
59,Salmon,6892598169331229959,17,4,3,15,0
5,Perch,12616432557070040528,16,5,3,16,0
23,Pufferfish,8680858367164953053,19,4,3,4,0
58,Salmon,17278549125702703695,22,1,2,1,0
48,Electric Eel,9010585718706194902,33,2,3,16,0
4,Perch,12941192478232038475,21,3,3,15,0
61,Barracuda,769076987268737179,20,6,3,12,1
