1720420143,16,Trout,8978483104158870889,21,5,3,15
1720420143,5059,Great white shark,12116142542424930137,30,6,3,3
1720420143,24,Pufferfish,12737129872854348988,26,5,2,18
1720420143,55,Spearfish,10645624476393117542,19,4,1,16
1720420143,23,Pufferfish,243044933567138597,22,5,1,9
1720420143,55,Spearfish,17708044896193795604,16,4,4,10
1720420143,50,Damsel Fish,12862533741385359460,16,2,2,8
1720420143,74,Mola Mola Fish,17206697318907787758,21,3,2,15
1720420143,57,Spearfish,7562613027914517856,25,5,2,20
1720420143,55,Spearfish,3275945195680142581,19,2,2,3
1720420143,55,Spearfish,3543859571657762004,22,5,3,16
1720420143,20,Trout,13098482338578533856,18,6,3,10
1720420143,5027,Cutthroat Trout,9607649046122174595,24,3,3,19
1720420143,62,Barracuda,17100597545870894044,15,4,1,7
1720420143,65,Piranha,16700102070486506364,13,4,1,10
1720420143,104,Boot,14091110142726336906,15,3,3,7
1720420143,41,Anglerfish,10474313805354210543,24,2,2,6
1720420143,4,Perch,9494007829460938563,17,2,1,9
