50,Damsel Fish,6890301257227182670,21,1,4,14
11,Sardine,5738155070225463662,19,4,4,9
17,Spot Fish,295668170277469221,18,2,3,12
69,Grouper,17244410836920838582,18,2,3,2
23,Pufferfish,7468539162931366841,15,3,1,13
13,Sardine,7199478363893130598,22,1,1,2
44,Clownfish,1390775998278661865,22,2,4,10
32,Cod,2624139437798750045,23,4,1,14
77,Turtle,6305260405411387176,15,4,1,10
59,Salmon,8608378463579569686,19,2,3,17
50,Damsel Fish,17599076569256820505,23,1,1,10
19,Trout,4363665778367539506,23,6,3,2
35,Triple Tail,12877886088136405802,22,7,4,15
23,Pufferfish,12826675656508262514,18,6,2,12
60,Green Salmon,12524863344053946657,29,3,2,10
37,Snapper,17427355330822614990,17,4,2,13
1,Tilapia,18034133366583288444,21,4,1,9
16,Trout,12466994426653419164,22,1,1,7
13,Sardine,7086722087021451684,16,1,1,18
32,Cod,10287142815970014767,19,6,1,12
19,Trout,6305914523584895276,25,3,1,7
10,Sardine,8905620147608418907,26,1,1,11
31,Cod,255616143751232203,21,6,3,7
1,Tilapia,8968925174137750867,23,5,1,18
28,Anchovy,15854453321635642418,15,6,4,12
60,Green Salmon,1922921315690767794,19,6,2,12
31,Cod,17898868872442102046,14,2,4,15
47,Eel,5725720674586905052,19,4,1,1
89,Seahorse,6914208504752626167,17,2,2,17
71,Angel Fish,11028968906538796226,18,5,1,6
8,Bass,14738614200339235940,24,6,4,18
37,Snapper,14661456947332095180,19,1,2,18
71,Angel Fish,15061881691512477755,20,6,4,9
90,Seahorse,11804425280467524077,22,4,3,21
12,Sardine,10019958111548474182,24,7,4,16
10,Sardine,16533834871733019095,17,3,3,19
74,Mola Mola Fish,7438692224399422631,17,6,2,7
9,Bass,16202630804835391606,31,4,2,17
9,Bass,13294401824669626772,22,4,2,12
59,Salmon,12534894714373378902,20,4,1,13
97,Golden Takoyaki,16111294936891884115,29,10,6,23
31,Cod,12518556984556999849,21,4,3,11
87,Shrimp,13457364121457787931,28,4,4,8
55,Spearfish,13701319116910750799,20,6,2,15
17,Spot Fish,10336001187143898502,14,2,4,16
59,Salmon,1272551202271397570,15,4,4,11
56,Spearfish,6482986091341172685,29,2,2,6
13,Sardine,16035653527362164172,24,2,4,10
21,Trout,13224134474808370527,24,2,3,21
79,Turtle,10400784149585446544,25,7,2,11
55,Spearfish,11160666189097048786,18,2,2,8
46,Eel,2343398828825624228,21,1,3,11
5049,Axolotl,18398238282956560979,18,6,4,12
100,Jellyfish,13815342205032948664,24,2,3,15
71,Angel Fish,5668042457168970264,16,1,1,14
5010,Blahaj,342350828247116012,31,10,6,19
71,Angel Fish,17828085272100562847,20,6,3,13
17,Spot Fish,4239730263203942780,19,1,2,18
89,Seahorse,13466810168369532366,13,4,1,15
46,Eel,12214082484281782773,15,6,3,10
33,Cod,975231496021680284,27,4,1,12
16,Trout,11589792138508965936,20,4,4,16
55,Spearfish,15904474718821969132,23,1,1,14
19,Trout,15232430347364014216,24,2,3,11
11,Sardine,7593118582734588486,18,5,3,13
81,Starfish,13971129508512755452,21,6,3,11
7,Bass,5695816230221998058,15,3,3,1
1,Tilapia,1412097113624415423,19,6,1,11
11,Sardine,13883512541762086900,17,1,1,10
29,Herring,5104912657416077838,21,3,4,17
38,Snapper,4053149199268099637,14,1,2,7
4,Perch,9312402678096643662,20,3,1,19
5,Perch,2683580213092798557,17,1,4,10
81,Starfish,17361501522600018517,21,6,1,2
80,Starfish,9757137540805934182,20,2,4,20
2,Tilapia,13616601301227615891,21,3,4,5
77,Turtle,2203775540018599634,21,5,2,10
5,Perch,6080860567971157547,16,6,4,20,3
3,Tilpia,4427957824580464497,23,4,2,16,0
10,Sardine,17058290389550124492,22,6,1,11,2
75,Mola Mola Fish,5027911368109373949,28,3,4,15,0
50,Damsel Fish,10359452008697006384,21,5,2,5,0
81,Starfish,4410784873310935687,12,1,2,3,0
8,Bass,1875888249686722340,20,4,4,17,0
10,Sardine,11216029143656491432,18,6,2,18,0
5,Perch,18129761225917795438,21,4,2,8,0
44,Clownfish,13894441705313460243,24,1,3,18,0
5026,GamerPieJess fish,2726562188439675757,31,4,3,15,0
49,Damsel Fish,499274806065444178,14,2,4,3,0
62,Barracuda,6016572522785048745,21,4,1,4,0
59,Salmon,8530018041137102090,21,4,1,3,0
30,Herring,13598328056568711403,18,3,4,15,1
86,Shrimp,12582738287433861498,14,4,3,6,0
77,Turtle,2312118112175626647,17,1,3,1,0
29,Herring,428830056825619835,16,1,1,8,0
67,Grouper,15458754025421805704,23,6,1,10,0
26,Catfish,6884148231557833688,24,4,1,3,0
101,Red Handfish,3873132545032885218,31,7,6,18,6
34,Triple Tail,10709859607543000092,21,4,4,4,0
80,Starfish,1917235239800685514,19,1,4,5,0
81,Starfish,7945055536127489249,22,4,3,17,6
58,Salmon,9842695048773340310,18,2,3,6,0
93,Blue Lobster,11622476121503152813,19,5,4,14,0
14,Sardine,10056628445508469775,17,5,2,19,0
38,Snapper,8986612989733172400,12,4,4,10,0
39,Snapperfish,13706443143606015622,25,5,2,4,0
10,Sardine,6578215465505022317,18,4,2,14,0
40,Anglerfish,2910934219382614507,18,1,4,14,0
22,Pufferfish,1376604889120000931,14,4,3,17,0
5026,GamerPieJess fish,3819298115411262298,29,3,1,6,0
59,Salmon,2187993378057150722,22,6,4,8,0
47,Eel,11028723029487083614,24,1,4,6,0
17,Spot Fish,3334372567234040180,21,2,1,13,0
6,Perch,3028642259852092599,33,6,1,17,8
17,Spot Fish,13356127347819709595,18,1,2,18,0
5026,GamerPieJess fish,17871246672156488684,23,3,2,7,0
5059,Great white shark,9992847935636925516,28,7,4,8,19
5031,Boot,13680512280613316816,16,3,2,12,0
100,Jellyfish,2824503463017875488,28,5,3,19,3
73,Rainbow Trout,12016351293349200916,37,4,6,22,21
97,Golden Takoyaki,4246050096337777220,33,8,6,12,14
20,Trout,14428882185216975825,21,2,2,3,0
50,Damsel Fish,15145886912916536367,19,1,3,12,0
16,Trout,1996722317216330629,20,2,3,16,0
71,Angel Fish,8893640058912736113,19,5,4,10,1
24,Pufferfish,13901819361722364961,14,4,4,7,0
3,Tilpia,10980828308835031363,14,1,4,17,0
81,Starfish,5041284131524650104,15,6,4,2,0
48,Electric Eel,8364516363205302887,26,7,4,5,6
88,Shrimp King,8602164187406895894,32,4,6,16,7
38,Snapper,12923202281706323418,16,5,3,18,0
89,Seahorse,10797549947833438956,16,2,4,18,0
33,Cod,1557355306854391464,20,3,4,17,0
78,Turtle,16326295135877817928,21,4,4,9,1
18,Trout,9565527359499809287,30,4,1,14,1
50,Damsel Fish,8954811261445753256,19,5,3,10,2
74,Mola Mola Fish,1588015022159194796,23,5,3,9,0
86,Shrimp,12046755286163925075,15,5,3,12,0
16,Trout,15191223181915542363,19,1,3,17,0
1,Tilapia,1719022803928347884,16,4,3,12,0
52,Bluegill,12820735806688954962,21,3,1,16,0
71,Angel Fish,4197904021471860111,17,6,4,13,3
16,Trout,14266131035661203656,21,4,4,3,0
10,Sardine,16789581305022852123,16,1,3,6,0
36,Triple Tail,13732443194671497501,20,7,3,14,0
67,Grouper,16358382759470839854,20,6,3,11,0
3,Tilpia,1332210000472129121,16,6,3,18,3
23,Pufferfish,14245716111817003353,17,3,3,2,0
65,Piranha,13419729801509867922,22,4,2,2,0
49,Damsel Fish,15645886126736401988,18,1,3,19,0
29,Herring,2926939362641259043,19,3,3,15,0
20,Trout,16624263314366443526,22,3,3,7,2
51,Damsel Fish,16424061162334667361,23,5,2,10,1
5031,Boot,12349293305204141187,22,5,4,4,0
19,Trout,11946968847520875398,14,6,1,9,0
11,Sardine,6833560980156324244,19,2,4,2,0
31,Cod,2346926825660112238,20,1,4,18,0
99,Jellyfish,12409653737578850682,15,6,2,10,0
29,Herring,12438827162515228185,20,5,1,12,0
62,Barracuda,3696078923228910044,23,6,2,5,3
16,Trout,16203503836058933098,25,3,2,19,0
35,Triple Tail,4767908738557357900,23,2,1,14,0
29,Herring,11549966828278155811,24,6,1,11,2
23,Pufferfish,15274980702504525258,17,2,4,2,0
54,Redgill,9600350318596979934,31,4,2,2,0
30,Herring,9097243971453662739,16,6,1,6,0
7,Bass,17146096239378726121,16,1,2,14,0
5031,Boot,108418043135277404,15,4,3,5,0
17,Spot Fish,12621140577182504598,24,4,3,17,0
25,Catfish,15434603271148590047,20,5,4,15,0
5059,Great white shark,9903118041686053675,30,5,2,11,2
70,Angel Fish,11513489084254629458,14,2,4,12,0
3,Tilpia,13211671012876556453,22,2,1,9,0
80,Starfish,15665188408354193830,22,5,2,5,1
21,Trout,13812199576805689290,24,6,1,6,0
44,Clownfish,8141585271745591595,19,2,1,10,0
59,Salmon,18134039057272540871,17,4,2,9,2
79,Turtle,6535691209797134997,23,9,4,9,6
4,Perch,8549406635319426457,23,4,3,13,1
16,Trout,16229655208023742085,22,2,1,20,0
17,Spot Fish,17517644618780692859,21,6,1,20,4
64,Piranha,11534323311121036556,17,2,2,4,0
90,Seahorse,16898577343663523679,23,5,3,21,3
58,Salmon,11035020824910119360,20,2,3,9,0
55,Spearfish,3755187722976673046,18,4,3,20,0
31,Cod,16051888798395254513,20,2,4,13,0
40,Anglerfish,11875230023319881310,21,4,4,18,0
23,Pufferfish,9770072701856776753,18,6,1,5,0
