1720420143,40,Anglerfish,7201810781269832289,20,2,2,16,0
1720420143,24,Pufferfish,8418728266393553759,29,6,4,7,3
1720420143,14,Sardine,4191451116431682737,14,3,3,20,1
1720420143,29,Herring,11434388892208339107,13,5,1,1,0
1720420143,1,Tilapia,4065389028490858644,13,5,3,19,0
1720420143,32,Cod,15762238831168333878,22,6,1,16,1
1720676802,58,Salmon,7811061171191621156,23,6,1,15,0
1720677000,5059,Great white shark,6625781690894660140,21,2,3,13,0
1720929311,37,Snapper,4187839759969210641,19,4,3,14,1
1720930826,39,Snapperfish,1406653261652437987,25,5,3,18,0
1720933567,37,Snapper,17322859518212420080,24,5,4,10,0
1720934303,43,Clownfish,13828416962496539839,17,2,2,8,0
1720934444,94,Lobster,2735933772379101152,25,6,1,14,6
1723908841,38,Snapper,16372644244593256774,17,5,1,4,0
1723908987,49,Damsel Fish,3105538240990061468,14,4,1,11,2
1723909158,61,Barracuda,9078244931624515405,17,3,3,17,0
1723909323,74,Mola Mola Fish,4862913219793816467,15,4,4,7,0
1723909548,34,Triple Tail,1384955857058584310,17,5,1,3,0
