1720420143,4,Perch,2998684604581505449,16,5,3,18
1720420143,65,Piranha,14439047328749805249,13,3,1,8
1720420143,37,Snapper,16883205539538383661,23,5,4,13
1720420143,11,Sardine,13060155004214080804,18,6,1,19
1720420143,1,Tilapia,14108187459659672033,16,4,4,17
1720420143,16,Trout,988266620124677319,19,4,4,11
1720420143,17,Spot Fish,6033748179360777803,19,1,3,1
1720420143,9,Bass,15867644000041677791,28,4,2,14
1720420143,69,Grouper,7320201314119444730,22,3,2,13
1720420143,81,Starfish,5605648609400186470,22,5,2,5
1720420143,75,Mola Mola Fish,13642285464902710425,27,7,3,12,14
1720420143,28,Anchovy,14693747674698207395,17,2,3,4,0
1720420143,69,Grouper,13146421548124111499,15,3,2,6,0
1720420143,5,Perch,4104383192853919220,15,5,4,12,0
1720420143,1,Tilapia,7101075436014279297,17,5,3,2,0
1720420143,2,Tilapia,17292047692080536885,16,5,4,4,0
1720420143,5029,{NULL}fish,858863316785486151,100,0,0,0,0
1720420143,32,Cod,591094466782616527,14,3,3,13,0
1720420143,3,Tilpia,11145072607240657948,17,5,2,10
1720420143,55,Spearfish,2426751920308613245,17,5,2,8,0
1720420143,19,Trout,16518266035027234338,16,5,2,10,0
1720420143,13,Sardine,14054774805634849188,20,2,3,3,0
1720420143,72,Angelfish,13044558132573344630,23,7,1,19,0
1720420143,74,Mola Mola Fish,8379611573201859422,22,1,2,6,0
1720420143,19,Trout,586642680845807288,26,5,3,7,2
1720420143,25,Catfish,445951456216748632,19,6,1,11,0
1720420143,80,Starfish,15301573187887163952,16,2,3,15,0
1720420143,57,Spearfish,1883071001688273535,26,3,1,14,0
