1720420143,11,Sardine,11144681618567536828,18,5,4,20
1720420143,60,Green Salmon,12066490564300024678,26,5,4,8
1720420143,103,{NULL}fish,11296436874618624581,100,0,0,0
1720420143,53,Bluegill,14156178467532495975,22,3,4,3
1720420143,11,Sardine,6818353397116485032,14,2,2,16
1720420143,16,Trout,12668640482250162576,21,2,2,16
1720420143,74,Mola Mola Fish,2786846669375586824,25,5,3,13
1720420143,5,Perch,7659416230713537122,19,6,2,12
1720420143,44,Clownfish,12724881057621171158,15,6,1,14
1720420143,90,Seahorse,2724613264901789802,33,2,3,17
1720420143,69,Grouper,15277668454996515174,14,2,4,2
1720420143,5,Perch,11273551363816568781,19,4,4,3
1720420143,93,Blue Lobster,13605107093652069792,21,3,1,10
1720420143,53,Bluegill,15817447680833293011,21,2,4,19
1720420143,40,Anglerfish,3183635537708518341,18,1,2,14
1720420143,25,Catfish,15011847486603932800,15,3,3,4
1720420143,7,Bass,12941782290070421634,13,4,4,12
1720420143,44,Clownfish,12117028898181092513,23,2,3,17
1720420143,3,Tilpia,5073851739787089431,20,4,1,19
1720420143,37,Snapper,2427706778277607089,18,1,1,4
1720420143,78,Turtle,3914573293908126441,17,2,4,12
1720420143,48,Electric Eel,11988550073991577131,19,2,1,8
1720420143,56,Spearfish,9361722445729603200,29,4,2,21
1720420143,89,Seahorse,12517468628371755643,14,1,4,6
1720420143,27,Catfish,6821326677846339424,25,2,1,12
1720420143,72,Angelfish,11675500695850855073,30,7,3,16
1720420143,16,Trout,1513155804766068402,18,2,2,4
1720420143,16,Trout,17427631158592509876,16,6,1,20
1720420143,77,Turtle,11879019111314383629,23,1,3,13
1720420143,53,Bluegill,15888003443723372753,20,1,1,8
1720420143,1,Tilapia,11159744213785621492,17,5,1,3
1720420143,94,Lobster,9937693074557960572,21,2,2,19
1720420143,33,Cod,9785547789693431067,27,4,1,14
1720420143,29,Herring,8202147205588467456,19,5,1,12
1720420143,11,Sardine,13406612522635145279,21,5,3,10
1720420143,19,Trout,4011352112238585555,12,1,1,9
1720420143,11,Sardine,16787138928009595470,19,4,1,4
1720420143,25,Catfish,9778525465267076662,20,6,2,14
1720420143,69,Grouper,15918618958943571065,17,2,1,2
1720420143,65,Piranha,17663859373086041348,21,4,1,4
1720420143,71,Angel Fish,4007948672553603571,12,5,2,1
1720420143,104,Boot,13532828806542125353,25,5,3,14
1720420143,8,Bass,14006553328996357901,18,2,2,3
1720420143,53,Bluegill,16251462111408984950,15,3,3,16
1720420143,45,Clownfish,10955784155702895758,26,4,4,4
1720420143,20,Trout,11963698922260441776,29,7,2,4
1720420143,1,Tilapia,6653761160724042563,20,2,3,8
1720420143,62,Barracuda,12187243229159528804,19,6,1,1
1720420143,33,Cod,8404866317719268447,21,2,1,7
1720420143,23,Pufferfish,3931654463268444512,13,2,2,10
1720420143,46,Eel,8051215716651693782,16,6,4,20
1720420143,56,Spearfish,13188780308181297987,25,4,1,15
1720420143,46,Eel,7349872126387468382,23,1,2,13
1720420143,23,Pufferfish,12417769303123123145,19,6,3,20
1720420143,87,Shrimp,1757834750824798585,30,6,2,8
1720420143,16,Trout,11072025491759948351,21,6,2,3
1720420143,104,Boot,13311148421207709767,19,5,2,16
1720420143,98,Jellyfish,28895206546077320,31,7,2,15
1720420143,28,Anchovy,18340746723229542183,16,4,2,15
1720420143,31,Cod,4849465419100494220,14,5,1,2
1720420143,104,Boot,342612663532168262,24,6,4,1
1720420143,38,Snapper,3507053762179030249,25,3,3,15
1720420143,1,Tilapia,481838021707119724,26,2,4,5
1720420143,37,Snapper,14695883673426023271,14,1,4,20
1720420143,28,Anchovy,3207542584342871164,26,1,3,6
1720420143,81,Starfish,11593195214112899480,13,6,4,20
1720420143,5,Perch,531321657021173273,23,6,2,12
1720420143,71,Angel Fish,14048718170371789596,22,3,4,8
1720420143,20,Trout,4310499229148154981,21,2,2,18
1720420143,23,Pufferfish,414300254504649779,19,2,3,3
1720420143,31,Cod,3635985199382583665,19,2,2,14
1720420143,23,Pufferfish,13710906604018305125,23,4,2,11,0
1720420143,37,Snapper,3988122561228928980,19,5,2,5,3
1720420143,43,Clownfish,5037778073399260189,18,3,4,13,2
1720420143,71,Angel Fish,15228845409318158985,17,6,1,4,0
1720420143,11,Sardine,13927566691997751587,23,1,4,14,0
1720420143,13,Sardine,14670265257120568094,17,3,1,1,0
1720420143,43,Clownfish,7440626014352465745,20,3,2,6,0
1720420143,31,Cod,1227486026851947055,16,4,3,12,0
1720420143,61,Barracuda,791955117894724182,19,1,1,10,0
1720420143,68,Grouper,1756818683243095852,22,4,3,15,0
1720420143,59,Salmon,10101121488767429108,22,2,4,4,0
1720420143,3,Tilpia,8538802351207067933,18,2,1,1,0
1720420143,32,Cod,11643432471349230138,26,3,3,12,0
1720420143,5,Perch,6689781183944104546,16,1,1,14,0
1720420143,86,Shrimp,8841272990665489803,20,3,1,12,0
1720420143,58,Salmon,11191514671549645827,25,5,3,8,0
1720420143,46,Eel,9339088446616389932,18,6,3,7,0
1720420143,5059,Great white shark,5679344629568012844,22,3,4,8,0
1720420143,89,Seahorse,2316940680315081640,20,3,3,12,0
1720420143,55,Spearfish,11762377432925908701,12,4,3,13,0
