1774120595,110,Pop-eyed goldfish,2608541394624237526,25,6,3,2
1774120724,28,Anchovy,10689889007482619461,19,4,1,6
1774120939,31,Cod,626845444717661618,16,1,4,2
1774121067,20,Trout,3179564290140243398,20,3,3,17
1774121385,7,Bass,9887614339685500565,22,6,4,6
1774121555,83,Crab,14462186149500526159,17,3,1,8
1774121711,74,Mola Mola Fish,4494397548579226329,19,4,3,15
1774121834,104,Boot,10910047184565870590,26,5,1,7
1774121971,53,Bluegill,10811913853286900663,18,3,1,14
1774122276,1,Tilapia,1662150711003094031,17,6,4,18
1774122399,64,Piranha,5299215136691437204,17,1,4,19
1774122524,59,Salmon,13336954495945155829,18,3,2,20
1774122675,70,Angel Fish,1851887112017406628,25,2,1,20
1774122933,75,Mola Mola Fish,14421940514900479490,33,5,3,20
1774123131,32,Cod,6546891735263089996,18,2,1,2
1774123260,78,Turtle,7122831705802010711,30,7,1,3
1774123483,100,Jellyfish,7738170243313493015,24,4,4,4
1774123975,83,Crab,9535906025105045477,16,2,2,12
1774124146,49,Damsel Fish,13695547560131081679,20,5,4,19
1774124278,37,Snapper,5871803090005951365,19,5,4,1
1774124426,46,Eel,2245697569395545510,17,1,4,3
1774124645,61,Barracuda,18205491751711243637,20,2,4,16
1774126462,62,Barracuda,12562474079568959557,26,6,2,17
1774126588,31,Cod,13281536118183436852,21,2,3,3
1774126827,33,Cod,16070400639418701490,18,3,1,21
1774127005,74,Mola Mola Fish,4066697291017805383,12,6,2,3
1774127137,8,Bass,3569264496082540507,19,4,2,20
1774127261,93,Blue Lobster,4664677898834652232,27,7,2,4
1774127385,41,Anglerfish,10396765094794093696,23,4,3,8
1774128080,48,Electric Eel,12696787171501492262,28,6,2,5
1774128213,74,Mola Mola Fish,3909116182812616827,18,5,2,9
1774128482,56,Spearfish,4145730648243736086,21,5,1,13
1774129391,90,Seahorse,15724982892406314330,28,2,3,19
1774129998,28,Anchovy,16935234902169665440,16,4,1,8
