1720420143,46,Eel,6400716691636019394,19,2,3,14
1720420143,19,Trout,11889530309617810639,24,3,4,19
1720420143,5067,Pop-eyed goldfish,9465648873991465889,29,3,2,8
1720420143,13,Sardine,17293866920572891479,18,2,2,12
1720420143,46,Eel,8640260147729518531,21,3,2,3
1720420143,47,Eel,2695676057287418138,21,1,3,11
1720420143,25,Catfish,819190807301879731,19,3,2,2
1720420143,22,Pufferfish,1621630150466280592,16,6,4,14
1720420143,32,Cod,10460910974259035447,20,2,1,13
1720420143,16,Trout,17280986359508744592,19,3,3,4
1720420143,71,Angel Fish,11129597687557210960,19,6,4,10
1720420143,13,Sardine,10192192450807669414,12,3,1,19
1720420143,7,Bass,10248201589022338599,20,2,4,5
1720420143,47,Eel,4535854808067911141,15,6,4,4
1720420143,8,Bass,18021751062000150824,15,2,1,17
1720420143,19,Trout,12787789241563410964,21,5,3,8
1720420143,3,Tilpia,4255373911980684281,17,6,2,17
1720420143,69,Grouper,10283469687963424033,21,2,4,1
1720420143,47,Eel,6032305258193961919,17,4,1,12
1720420143,37,Snapper,5095577986081944118,18,1,3,12
1720420143,22,Pufferfish,4952400304019302861,21,1,4,12
1720420143,7,Bass,11590721913405334996,20,1,1,9
1720420143,1,Tilapia,1418266902431267501,17,1,4,17
1720420143,95,Octopus,9862390068979549255,27,6,4,7
1720420143,81,Starfish,6191643324794266757,19,3,3,7
1720420143,25,Catfish,4687329231622772950,22,6,4,4
1720420143,89,Seahorse,3132342075050849145,18,2,1,15
1720420143,77,Turtle,6800955050419760487,17,4,4,3
1720420143,19,Trout,8105868248304690860,18,3,3,3
1720420143,47,Eel,3915831741363654740,19,2,1,3
1720420143,23,Pufferfish,9416298683607562304,19,5,1,20
1720420143,84,Crab,16558294840480778287,20,4,3,21
1720420143,43,Clownfish,1509963039985644115,14,5,3,11
1720420143,3,Tilpia,920850451275683443,16,3,3,18
1720420143,5067,Pop-eyed goldfish,17150055355921329877,20,2,2,21
1720420143,7,Bass,13992159765031634463,18,2,1,17
1720420143,14,Sardine,994181408607876660,18,3,4,4
1720420143,43,Clownfish,16510952221690278181,20,2,4,19
1720420143,81,Starfish,15237394289879096114,23,5,2,1
1720420143,4,Perch,6202477350887112221,14,3,4,18
1720420143,28,Anchovy,4882115622426398164,18,2,3,2
1720420143,23,Pufferfish,13548764012705466367,18,2,1,20
1720420143,68,Grouper,16168111009973094860,26,4,2,11
1720420143,5031,Boot,8757002941911818319,16,6,2,10
1720420143,78,Turtle,16593544578439113124,25,7,2,8
1720420143,55,Spearfish,15333385541415125175,18,2,3,16
1720420143,14,Sardine,4085437618913585155,20,2,4,15
1720420143,8,Bass,3686860821185882208,22,6,3,11
1720420143,43,Clownfish,16932529648877551496,17,5,4,10
1720420143,65,Piranha,12462238104934264607,14,6,1,5
1720420143,7,Bass,1247430694303971930,19,3,3,20
1720420143,74,Mola Mola Fish,5843851633290600165,18,5,1,12
1720420143,40,Anglerfish,17642138031059237222,16,6,1,6
1720420143,63,Barracuda,16156767299255052399,24,4,2,18
1720420143,59,Salmon,16976194902166781670,26,2,3,19
1720420143,40,Anglerfish,6310722632933150447,13,4,2,5
1720420143,62,Barracuda,1419184649790220837,19,4,1,3
1720420143,5,Perch,10758134080579755307,20,6,3,19
1720420143,93,Blue Lobster,11336041839596847743,26,6,1,3
1720420143,3,Tilpia,2067907105635580733,26,5,4,16
1720420143,44,Clownfish,910434782835380536,16,6,1,11
1720420143,65,Piranha,3582982584278605595,18,5,4,9
1720420143,74,Mola Mola Fish,15694639108907280738,17,4,2,1
1720420143,40,Anglerfish,15882789958852631794,16,5,2,19
1720420143,19,Trout,2940034973555921874,19,1,1,14
1720420143,90,Seahorse,5197388368097878333,20,6,1,21
1720420143,74,Mola Mola Fish,6493503110967447964,25,1,3,20
1720420143,60,Green Salmon,1630770675303032247,25,5,4,3
1720420143,100,Jellyfish,16267950665756904056,24,2,2,18
1720420143,69,Grouper,7598775008101536238,25,2,3,3
1720420143,47,Eel,10772309252068875585,20,4,4,12
1720420143,65,Piranha,10098691053937848621,17,1,1,14
1720420143,17,Spot Fish,16340267096166750846,21,3,3,9
1720420143,14,Sardine,6546285507528483294,19,3,1,8
1720420143,34,Triple Tail,6928728962840832426,24,5,4,1
1720420143,7,Bass,8541943340289830523,13,1,4,3
1720420143,24,Pufferfish,2980054141081414122,24,3,4,18
1720420143,23,Pufferfish,15063904661249868931,18,1,4,2
1720420143,37,Snapper,16468542650711507052,15,5,4,14
1720420143,10,Sardine,17897926675106877322,19,1,4,19
1720420143,3,Tilpia,14919620031365694441,24,1,4,9
1720420143,28,Anchovy,10813466049954166216,16,4,3,8
1720420143,22,Pufferfish,4882988231401520310,17,3,4,17
1720420143,7,Bass,111012811870354366,21,3,1,19
1720420143,7,Bass,7263382932970624928,17,5,4,10
1720420143,11,Sardine,7917763609866174512,18,1,1,11
1720420143,13,Sardine,9326626580807210059,20,6,1,4
1720420143,13,Sardine,4669285999648300704,20,1,3,19
1720420143,77,Turtle,2663015769460308496,16,5,1,1
1720420143,37,Snapper,5213468922641905862,22,2,4,5
1720420143,5031,Boot,17560880078401340484,16,5,1,12
1720420143,28,Anchovy,11604509082226864000,16,2,3,5
1720420143,40,Anglerfish,16223835259604907698,23,5,1,4
1720420143,84,Crab,10864368809953903615,20,4,2,9
1720420143,55,Spearfish,14801876766312922860,16,6,2,13
1720420143,28,Anchovy,887733000522787025,14,5,1,7
1720420143,32,Cod,13969729648532691806,23,1,4,14
1720420143,43,Clownfish,14672213098499321374,22,4,2,12
1720420143,14,Sardine,14533152575408123079,18,2,3,19
1720420143,34,Triple Tail,3072460710601669723,20,5,4,9
1720420143,28,Anchovy,2037423489184974488,25,6,2,11
1720420143,50,Damsel Fish,17891501020111536364,14,4,1,16
1720420143,77,Turtle,2023162832904328056,20,6,2,12
1720420143,46,Eel,16911517992702468040,20,5,2,1
1720420143,34,Triple Tail,2186271442800620399,19,2,4,3
1720420143,55,Spearfish,9407661963231969912,17,1,2,1
1720420143,53,Bluegill,1429907701175863750,21,4,4,7
1720420143,3,Tilpia,13693605519849384515,21,1,1,7
1720420143,81,Starfish,14248930491135473212,19,2,3,16
1720420143,13,Sardine,16413237551440689544,20,1,4,3
1720420143,37,Snapper,18157598483903370178,23,2,3,5
1720420143,1,Tilapia,7284438058274524260,17,4,3,11
1720420143,77,Turtle,10237990510309931664,18,2,1,6
1720420143,19,Trout,10900781707585577038,20,5,2,13
1720420143,65,Piranha,17777813675732518635,21,2,4,4
1720420143,16,Trout,11458675350814130336,22,1,2,19
1720420143,11,Sardine,13651049169853718756,26,1,2,5
1720420143,7,Bass,15728615180880265928,22,1,4,9
1720420143,14,Sardine,8653055550967917820,24,1,4,1
1720420143,23,Pufferfish,14393980758272058159,22,3,1,17
1720420143,32,Cod,10308793375663812823,14,3,1,18
1720420143,23,Pufferfish,16697897672449747068,16,2,2,3
1720420143,30,Herring,4447206877577807214,15,4,1,18
1720420143,5031,Boot,14374757817336765714,17,3,1,1
1720420143,25,Catfish,3414851937996966307,24,5,3,13
1720420143,5029,{NULL}fish,5876899556608964904,100,0,0,0
1720420143,56,Spearfish,4525768781670536999,18,6,4,5
1720420143,38,Snapper,6142601688733837277,18,1,2,3
1720420143,4,Perch,16369021092923836401,16,5,3,11
1720420143,43,Clownfish,15737359740087267759,25,1,4,15
1720420143,19,Trout,12931210617603738839,23,2,4,18
1720420143,32,Cod,2133943870690082110,20,2,3,18
1720420143,78,Turtle,7384003303257569329,21,4,4,12
1720420143,32,Cod,5444938954072091060,17,5,1,1
1720420143,4,Perch,14944372499208785228,18,4,3,12
1720420143,5067,Pop-eyed goldfish,15754971277720043926,28,4,4,3
1720420143,53,Bluegill,17193039674609715623,15,5,2,14
1720420143,50,Damsel Fish,4280005951326604287,18,1,3,19
1720420143,71,Angel Fish,8307554114512034244,18,5,2,6
1720420143,11,Sardine,2509237424274611625,23,1,2,17
1720420143,41,Anglerfish,10294879816204723490,23,2,4,14
1720420143,7,Bass,14090191551762555134,17,6,2,9
1720420143,4,Perch,4963356764382299923,20,6,4,11
1720420143,45,Clownfish,17942490925842972220,24,5,4,2
1720420143,7,Bass,1796266424189884010,25,5,1,19
1720420143,5,Perch,17922183799987016096,23,3,4,9
1720420143,4,Perch,363009948066576228,16,4,1,17
1720420143,89,Seahorse,18438894950691421882,20,5,3,2
1720420143,43,Clownfish,9479164706693793436,15,4,1,9
1720420143,4,Perch,16138091477882551939,15,4,1,9
1720420143,13,Sardine,17103457410572162259,21,3,1,14
1720420143,4,Perch,9144015945901550184,20,4,1,6
1720420143,16,Trout,14895148991508284956,18,4,1,3
1720420143,29,Herring,8232746995070167985,24,6,3,12
1720420143,53,Bluegill,6703036388393703590,25,1,2,15
1720420143,16,Trout,4105938653638836213,21,5,3,18
1720420143,65,Piranha,16864010069888841344,26,1,1,4
1720420143,14,Sardine,7157870974181235234,14,3,4,12
1720420143,13,Sardine,17580134411834245369,19,1,4,15
1720420143,14,Sardine,11063890884332640109,19,3,2,14
1720420143,62,Barracuda,14459297804720536697,20,2,4,16
1720420143,37,Snapper,10681880646105493273,22,2,3,5
1720420143,4,Perch,4327900120086771994,13,4,1,11
1720420143,16,Trout,17194094966914661049,14,2,2,4
1720420143,28,Anchovy,8070724572505347609,22,5,1,15
1720420143,32,Cod,1905137269812566922,23,3,1,7
1720420143,81,Starfish,6445386609997230723,13,3,4,16
1720420143,1,Tilapia,14569613733486399866,20,2,4,7
1720420143,1,Tilapia,18059510964142988,21,1,4,15
1720420143,47,Eel,15263897242066791775,18,1,1,8
1720420143,94,Lobster,14596431500463679464,29,6,1,16
1720420143,22,Pufferfish,7492040164671424524,18,2,2,13
1720420143,32,Cod,10331494169693448212,21,2,4,14
1720420143,32,Cod,18269326425344481567,20,5,3,12
1720420143,14,Sardine,223834885582677560,26,6,2,14
1720420143,32,Cod,5905666602861291868,22,1,3,6
1720420143,5,Perch,8083523303996053833,18,1,3,18
1720420143,69,Grouper,14265438952595716452,20,4,1,7
1720420143,41,Anglerfish,7512306874056957426,25,4,2,5
1720420143,93,Blue Lobster,16720980520630512752,27,3,4,2
1720420143,65,Piranha,1446156158356238489,21,1,4,15
1720420143,59,Salmon,631608582872843393,18,6,2,8
1720420143,53,Bluegill,12698409368344243053,21,1,3,12
1720420143,38,Snapper,897610170114805096,16,6,2,9
1720420143,7,Bass,2717540200704961584,16,4,3,12
1720420143,37,Snapper,9207357422620191435,22,2,2,14
1720420143,7,Bass,5036752593656326243,15,2,4,18
1720420143,7,Bass,6216079683296264241,15,6,3,19
1720420143,55,Spearfish,7498763511398958167,17,3,3,2
1720420143,34,Triple Tail,5784771387241463279,17,1,1,15
1720420143,47,Eel,10746119049768605342,18,1,1,6
1720420143,34,Triple Tail,17546256719805068011,19,6,2,16
1720420143,6,Perch,15995842438948417596,29,7,4,18
1720420143,56,Spearfish,14290683777516437541,26,2,2,9
1720420143,37,Snapper,6616094296754644448,14,5,2,12
1720420143,11,Sardine,166062148943461042,22,3,2,12
1720420143,4,Perch,3079665709879770236,18,1,3,15
1720420143,7,Bass,17569854441318034733,14,4,1,4
1720420143,28,Anchovy,2203391251502380706,17,6,1,10
1720420143,7,Bass,4402062677991281907,20,1,3,16
1720420143,89,Seahorse,13504080632355202101,24,6,4,13
1720420143,16,Trout,17764488859840535876,15,2,3,20
1720420143,50,Damsel Fish,1659074347878152848,24,4,2,9
1720420143,28,Anchovy,1524360905970274874,20,5,4,18
1720420143,7,Bass,16596175671285961118,24,4,1,10
1720420143,23,Pufferfish,17977722434031953051,16,5,4,1
1720420143,16,Trout,2979867357411527022,24,2,2,14
1720420143,74,Mola Mola Fish,6896866415843068814,24,1,4,2
1720420143,37,Snapper,13367544535501204362,17,1,3,19
1720420143,23,Pufferfish,16456804617678975371,12,6,2,20
1720420143,28,Anchovy,5486193374281366184,20,3,4,8
1720420143,16,Trout,8276888373238608855,20,2,3,15
1720420143,37,Snapper,4258929113830341654,21,3,1,9
1720420143,53,Bluegill,17805237047378452272,19,1,4,3
1720420143,32,Cod,6174731976275787368,19,2,3,6
1720420143,4,Perch,8962809469040289916,22,5,1,20
1720420143,13,Sardine,12764753338688868976,16,2,1,10
1720420143,13,Sardine,12293927191414828430,19,3,2,6
1720420143,62,Barracuda,9511274444775755045,16,1,4,8
1720420143,78,Turtle,4477337457914757935,30,3,3,20
1720420143,15,Spotfish,15559658793836936716,22,7,3,4
1720420143,3,Tilpia,12391869614722559560,18,1,2,5
1720420143,28,Anchovy,8634879517470587054,20,6,4,12
1720420143,11,Sardine,11850102784177401293,23,2,4,11
1720420143,28,Anchovy,13097074932039152531,19,2,4,20
1720420143,81,Starfish,15138435645639890343,21,1,2,16
1720420143,72,Angelfish,14144515715501509819,21,5,2,11
1720420143,77,Turtle,8195398760069925053,19,6,3,16
1720420143,45,Clownfish,1240455364542813767,28,4,1,16
1720420143,28,Anchovy,10197486515350203758,16,6,4,5
1720420143,37,Snapper,6802619344050375805,18,6,1,6
1720420143,33,Cod,1812738942676650266,26,5,1,5
1720420143,50,Damsel Fish,5634307755220041232,21,1,2,13
1720420143,78,Turtle,11110212783142369760,25,6,2,12
1720420143,4,Perch,12690576349937568181,15,3,2,15
1720420143,8,Bass,7187456503071712504,15,1,2,4
1720420143,62,Barracuda,13851128939134809366,19,6,2,4
1720420143,65,Piranha,6907750572864508470,15,6,3,17
1720420143,16,Trout,18294397862744697706,18,6,3,20
1720420143,37,Snapper,8533307404365206997,18,2,2,10
1720420143,89,Seahorse,15640440698430154695,24,6,3,19
1720420143,59,Salmon,7399131186610504130,24,5,4,12
1720420143,38,Snapper,12081403174869800655,24,2,2,9
1720420143,32,Cod,8671437794854127712,22,3,2,3
1720420143,25,Catfish,15536465964142188608,22,6,2,2
1720420143,37,Snapper,5610908605512589050,24,6,1,5
1720420143,13,Sardine,9333898187079407449,22,6,2,5
1720420143,59,Salmon,14138923317808615478,18,6,1,7
1720420143,16,Trout,8552389719601595647,22,6,3,14
1720420143,4,Perch,13554148801770573949,13,6,2,15
1720420143,28,Anchovy,644138720107688469,18,3,3,7
1720420143,34,Triple Tail,7625565508025101211,19,2,1,4
1720420143,32,Cod,5696008113036903593,18,4,3,15
1720420143,59,Salmon,10322251804819531328,23,3,3,18
1720420143,59,Salmon,11756439962995556825,19,5,2,17
1720420143,4,Perch,8740848167823204706,15,6,1,5
1720420143,32,Cod,16957575230796838546,14,1,1,20
1720420143,1,Tilapia,1803016490947183453,24,6,3,6
1720420143,71,Angel Fish,6142402596005423107,21,4,4,8
1720420143,4,Perch,9580767792813645670,13,5,3,9
1720420143,16,Trout,16806680297384114997,16,3,1,4
1720420143,28,Anchovy,14798010936369281181,16,1,1,1
1720420143,53,Bluegill,10373427217729969174,16,1,3,13
1720420143,7,Bass,10704013126627984688,21,5,2,15
1720420143,32,Cod,6619222913870462593,25,2,4,20
1720420143,74,Mola Mola Fish,4363553000540697388,25,3,1,17
1720420143,77,Turtle,488732137743357757,17,2,3,19
1720420143,5067,Pop-eyed goldfish,1094541354476689628,25,7,2,12
1720420143,13,Sardine,12663152473042178024,14,3,3,13
1720420143,55,Spearfish,18146459961247002443,21,4,4,4
1720420143,69,Grouper,1803643071622474689,17,4,4,14
1720420143,6,Perch,10053803343238875669,19,3,1,12
1720420143,59,Salmon,3900293899889214585,19,1,4,13
1720420143,69,Grouper,8668884138318956938,15,3,1,8
1720420143,55,Spearfish,1621431923440899006,23,6,3,13
1720420143,36,Triple Tail,8963270161938406009,21,5,4,5
1720420143,55,Spearfish,8964657672290444175,19,1,4,7
1720420143,41,Anglerfish,1283831360908490076,21,4,2,16
1720420143,44,Clownfish,5470347228327322143,20,2,2,6
1720420143,60,Green Salmon,4175427079169229994,21,4,1,2
1720420143,29,Herring,6230256268223218629,17,1,1,20
1720420143,57,Spearfish,13095337494519989718,22,6,4,7
1720420143,29,Herring,4566893147704223093,20,5,2,10
1720420143,46,Eel,13600093754245797347,17,1,3,18
1720420143,32,Cod,16596722394609383839,15,6,3,19
1720420143,77,Turtle,17402209222287931302,18,3,2,7
1720420143,10,Sardine,13814033570644095406,16,3,1,16
1720420143,18,Trout,15354884289657519203,29,6,1,15
1720420143,37,Snapper,18490741721421983,15,1,3,6
1720420143,7,Bass,8679463928618746902,26,6,4,14
1720420143,19,Trout,9373780072082204030,15,4,3,16
1720420143,59,Salmon,17368415651949937660,26,4,3,2
1720420143,72,Angelfish,11617481847502786510,29,4,1,14
1720420143,19,Trout,5380107743484641209,25,4,2,10
1720420143,9,Bass,10253469737294543370,31,7,4,2
1720420143,77,Turtle,10084716493885904599,15,3,2,6
1720420143,30,Herring,10376065070839799257,17,2,4,19
1720420143,16,Trout,1236029087726792762,18,5,1,7
1720420143,11,Sardine,3952492345407084337,18,1,3,15
1720420143,37,Snapper,11893730234416421338,15,3,3,14
1720420143,7,Bass,520852639593493678,20,2,2,17
1720420143,3,Tilpia,12917151812543894123,19,4,3,3
1720420143,7,Bass,1013273400168860466,25,6,4,18
1720420143,19,Trout,11392487045600538535,21,2,1,11
1720420143,19,Trout,6388284000532727792,21,4,4,9
1720420143,38,Snapper,3579703783885936444,14,2,3,11
1720420143,16,Trout,10086152526384762467,16,6,4,3
1720420143,37,Snapper,12621346101367426274,22,2,2,19
1720420143,15,Spotfish,9018982792375702343,27,4,3,6
1720420143,7,Bass,13775679648810971808,20,1,4,20
1720420143,77,Turtle,17192029824997332550,19,2,2,6
1720420143,53,Bluegill,8595138717867736447,16,2,1,7
1720420143,74,Mola Mola Fish,14250265147582970922,15,5,3,12
1720420143,53,Bluegill,11015628405019176238,22,2,2,1
1720420143,17,Spot Fish,16259950773560095445,17,2,2,17
1720420143,62,Barracuda,17806186875942620229,15,1,2,6
1720420143,17,Spot Fish,17829754713895587943,18,1,2,20
1720420143,30,Herring,11782464089067134080,15,1,3,15
1720420143,31,Cod,10535719134221249331,16,3,2,19
1720420143,5049,Axolotl,1871949117258492689,26,6,1,13
1720420143,90,Seahorse,4477081675428522731,29,7,1,11
1720420143,38,Snapper,5112466923957110448,17,5,3,10
1720420143,32,Cod,5363531526399879670,14,2,1,9
1720420143,5027,Cutthroat Trout,5066065366432370736,22,2,3,8
1720420143,40,Anglerfish,3837948800201575165,16,1,4,20
1720420143,5067,Pop-eyed goldfish,2140808973465825012,26,5,4,9
1720420143,8,Bass,3130090758042332893,13,6,1,2
1720420143,33,Cod,6530827508627098090,28,6,1,5
1720420143,45,Clownfish,11194793781734509391,29,5,3,9,0
1720420143,35,Triple Tail,11392453385569463174,14,7,2,7,0
1720420143,8,Bass,474896937916997879,19,5,1,7,0
1720420143,47,Eel,14672020618204594113,17,4,2,18,0
1720420143,69,Grouper,14939292378585285960,20,6,2,15,0
1720420143,7,Bass,18228679899010120023,20,4,4,7,0
1720420143,12,Sardine,5821100556212364357,16,4,1,21,0
1720420143,99,Jellyfish,8140708412421350530,20,6,4,18,2
1720420143,3,Tilpia,6210107429459258730,23,2,1,1,0
1720420143,61,Barracuda,7214629188912946334,18,3,1,15,0
1720420143,3,Tilpia,12738575814357196999,16,6,1,6,0
1720420143,8,Bass,15029752785653021359,23,5,3,4,0
1720420143,19,Trout,5382665846830094165,24,1,3,5,0
1720420143,75,Mola Mola Fish,2335153688016469767,25,7,1,17,28
1720420143,36,Triple Tail,974913554127067246,22,3,1,5,0
1720420143,7,Bass,1870202964699822343,13,3,1,19,0
1720420143,1,Tilapia,10996709006113641849,20,6,1,11,0
1720420143,94,Lobster,3267231308340422561,22,2,3,9,0
1720420143,45,Clownfish,7083128846505796164,27,6,3,17,10
1720420143,19,Trout,16264910440249263042,19,2,1,8,0
1720420143,47,Eel,1042516064821329573,18,1,4,15,0
1720420143,29,Herring,7481015728793818366,18,6,3,2,0
1720420143,86,Shrimp,7440417341609709174,16,6,1,11,0
1720420143,43,Clownfish,4518710756573919989,20,5,3,7,0
1720420143,38,Snapper,1084622222081237040,18,4,4,20,0
1720420143,44,Clownfish,6508786093274416044,20,4,1,9,0
