1720420143,4,Perch,6164231140911853938,14,5,2,7,0
1720420143,5029,{NULL}fish,15397419280196846908,100,0,0,0,0
1720420143,29,Herring,15591977438551395439,18,1,4,19,0
1720420143,49,Damsel Fish,2470174521517870888,18,5,3,3,0
1723847248,30,Herring,4964178170795620185,17,2,3,16,0
1723847372,35,Triple Tail,13453412162043248050,24,7,3,11,5
1723847494,88,Shrimp King,16513779650583476460,33,8,6,19,23
1723847900,91,Golden Seahorse,10214569220578588087,21,6,2,22,0
1723848024,10,Sardine,6307519278423790047,21,5,2,6,0
1723848180,18,Trout,11674608841706346374,23,7,4,10,0
1723848315,59,Salmon,3371234252859598136,17,5,3,5,0
1723848437,22,Pufferfish,2206708863296594235,13,3,2,8,0
1723848570,50,Damsel Fish,6071186975513432585,25,1,4,14,0
1723848720,47,Eel,17283628891992703051,20,2,4,14,0
1723849537,28,Anchovy,17172297274003857629,19,2,2,5,0
1723849734,84,Crab,17258499663363593526,25,7,1,19,0
1723849919,84,Crab,12004751293916487423,30,6,3,13,20
1723850058,42,Anglerfish,5385601015090546732,27,3,2,17,0
1723850207,14,Sardine,7398519419501045564,20,1,3,14,0
1723850343,78,Turtle,5845586721306347836,25,2,1,17,0
1723850526,37,Snapper,14383295872369414447,22,2,1,19,0
