1733298177,3,Tilpia,10158771452419475697,16,2,4,13,0
1733298298,28,Anchovy,16621315409798491326,19,4,2,9,0
1733298561,30,Herring,13485964395025339278,20,2,2,6,0
1733298713,61,Barracuda,16975674507256799354,18,5,3,16,7
1733298897,17,Spot Fish,3919055391063386918,17,3,3,3,0
1733299236,49,Damsel Fish,3690440664422397035,17,6,1,16,0
1733299483,47,Eel,11875474853319985540,19,3,4,13,0
1733299645,8,Bass,17759649883926572914,18,4,4,14,0
1733562289,46,Eel,12282137784281295844,17,4,1,3,0
1733562411,83,Crab,9165550285032810760,16,2,2,1,0
1733562536,52,Bluegill,1710215901527583618,26,1,2,2,0
1733562788,49,Damsel Fish,12338087974057536167,20,1,3,1,0
1733562954,23,Pufferfish,5006698980224598646,24,1,4,8,0
1733563088,19,Trout,3339403989583395590,18,1,3,5,0
1733563438,58,Salmon,15014597184950238452,13,4,2,8,0
1733563568,42,Anglerfish,11423710423207293437,24,4,4,8,0
1733563693,69,Grouper,4060412591845790450,24,3,4,17,3
1733563835,23,Pufferfish,2430862954819276809,20,4,4,10,0
1733563981,92,Lobster,5244922957094733743,24,3,2,2,0
1733564103,28,Anchovy,2988815943801712690,23,1,3,1,0
1733564261,55,Spearfish,400635771562519575,23,4,4,18,0
1733564383,23,Pufferfish,9984386474858633104,23,3,4,17,0
1733564508,18,Trout,13267462750056154776,22,7,2,11,0
1733564629,83,Crab,8858635121163690684,22,4,3,3,4
1733564752,37,Snapper,7648217387007939680,22,2,4,8,0
1733566594,76,Mola Mola Fish,16394377840869926899,25,4,3,15,0
1733567253,51,Damsel Fish,6927225634188204273,24,6,1,18,0
