1733037336,59,Salmon,12148337568191587365,13,3,4,12,0
1733037658,43,Clownfish,9528323970965562589,23,4,2,5,0
1733037957,104,Boot,7771623209926201606,23,4,2,7,0
1733038081,104,Boot,12630681487460295752,15,5,4,12,0
1733038294,20,Trout,9992730365064905573,25,7,1,11,0
1733038499,67,Grouper,13321899107374716928,19,6,1,4,0
1733038622,23,Pufferfish,4084168471786345165,15,6,2,11,0
1733038997,41,Anglerfish,5352164458705898238,29,7,3,7,10
1733039126,38,Snapper,11276838288224547698,23,2,4,17,0
1733039334,5027,Cutthroat Trout,14119043929430702972,29,3,2,14,0
1733039457,34,Triple Tail,374738169975702487,16,4,2,10,3
1733039659,77,Turtle,5121938397017003950,20,5,2,17,6
1733039817,28,Anchovy,2910612560691554758,17,5,4,12,0
1733040082,7,Bass,2862809171367964874,20,4,2,1,0
1733040206,87,Shrimp,10697432041409068529,19,5,4,17,0
1733040328,84,Crab,14169696039618077046,31,6,3,17,13
1733040595,19,Trout,731951799283404794,21,3,2,12,0
1733040895,3,Tilpia,12702823000104734180,21,5,2,2,0
1733041348,47,Eel,4834375918072206694,17,5,2,13,2
1733041692,19,Trout,7877754256788955138,17,2,3,12,0
1733042020,25,Catfish,15878433230251721024,19,5,3,10,0
1733042226,74,Mola Mola Fish,8495283222503397043,15,2,4,6,0
1733042541,99,Jellyfish,15503293367316176729,19,1,3,16,1
1733042865,70,Angel Fish,17787654694155793663,21,1,3,9,0
1733043440,13,Sardine,6871236435633367750,13,6,2,6,0
1733043562,36,Triple Tail,15006201821319570389,25,5,3,21,1
