1720420143,38,Snapper,8003755397472440781,21,3,3,8
1720420143,77,Turtle,7763196707981523416,20,1,2,6
1720420143,43,Clownfish,844932044153444298,20,6,2,4
1720420143,59,Salmon,11607558944842688236,26,4,1,9
1720420143,28,Anchovy,1840791054288224514,13,4,1,4
1720420143,11,Sardine,2046050005980527754,17,5,1,10
1720420143,46,Eel,7230690533368703571,14,4,3,20
1720420143,1,Tilapia,10263470101971530120,21,4,3,13
1720420143,34,Triple Tail,13511596385063364409,14,6,3,3
1720420143,16,Trout,9016128627976980053,16,2,3,3
1720420143,86,Shrimp,10972708523341256985,23,5,4,5,3
