1720921095,83,Crab,9015470648879611908,24,3,4,20,3
1720921220,71,Angel Fish,12875148402680420779,15,5,4,17,0
1720921339,65,Piranha,10279579514560624451,16,6,2,9,1
1720921464,50,Damsel Fish,9335802909695046311,12,6,2,1,0
1720921584,90,Seahorse,6751951427684837936,30,7,1,19,12
1720922735,19,Trout,11891255535528975806,13,3,2,9,0
1720922890,3,Tilpia,12589159398042483072,18,6,3,3,0
1720923023,59,Salmon,11313679669038941063,19,2,4,1,0
1720923145,17,Spot Fish,3847826564006596324,20,1,2,18,0
1720923310,30,Herring,5864961116941316525,16,5,1,17,0
1720923431,93,Blue Lobster,7553979840013882769,19,5,1,16,0
1720923586,92,Lobster,10578346515327315553,19,2,4,20,0
1720923707,61,Barracuda,14945456776306808150,21,2,1,18,0
1720923851,64,Piranha,1002805683888578126,14,6,1,18,0
1720923976,81,Starfish,9286810379141231216,22,6,4,5,0
1720924519,83,Crab,5700143654590267763,19,1,3,5,0
1720924642,5,Perch,693238837326681595,19,4,4,4,0
1720924762,37,Snapper,6365607927669546354,23,2,2,1,0
