1720420143,22,Pufferfish,7376735919282375500,16,1,1,11,0
1720420143,7,Bass,14977268093150713732,20,4,4,1,0
1720420143,49,Damsel Fish,7266688113204119475,21,2,2,2,0
1720420143,58,Salmon,29766839293877709,22,1,1,14,0
1720420143,17,Spot Fish,347737918560060647,19,6,2,6,0
1720420143,5,Perch,7777223202631223539,16,1,2,8,0
1720420143,69,Grouper,11680277209494664219,20,3,2,8,0
1720420143,11,Sardine,6614044461479690245,17,1,4,4,0
1720420143,62,Barracuda,10822550646462432684,20,2,3,16,0
1720420143,31,Cod,10398072268816444753,21,1,3,16,0
1720420143,13,Sardine,11153243323649139573,24,2,2,18,0
1720420143,64,Piranha,5615743932445855469,17,4,3,17,0
1720420143,55,Spearfish,2298224542787577914,12,4,4,12,0
1720420143,16,Trout,12533598072572852193,18,3,2,10,0
1720420143,70,Angel Fish,3540336373730873936,20,3,3,13,0
1720420143,59,Salmon,15979119055513141493,22,2,4,9,0
1720420143,52,Bluegill,1851564696153423080,20,5,1,7,5
1720420143,62,Barracuda,2761420659161593435,20,1,2,1,0
1720420143,5059,Great white shark,6105335904491685109,27,5,4,3,5
1720420143,43,Clownfish,9208600640327868941,25,3,1,2,0
1720420143,8,Bass,453341458212709916,20,6,3,16,1
1720420143,7,Bass,7638164715972185700,21,1,4,11,0
1720420143,64,Piranha,13099536588652373073,23,4,2,7,0
1720420143,8,Bass,14498236639989301011,21,2,1,18,0
1720420143,20,Trout,1294510598741528168,26,2,3,9,0
1720420143,93,Blue Lobster,2127747538724037920,25,6,4,9,0
1720420143,31,Cod,15338396263233340916,18,5,2,15,3
1720420143,17,Spot Fish,13196549727770592739,21,2,4,19,0
1720420143,46,Eel,14449681842871924486,19,3,2,17,0
1720420143,44,Clownfish,4676949164158340049,20,3,3,11,0
1720420143,89,Seahorse,16873890880856779900,20,2,3,12,0
1720420143,2,Tilapia,15697802036479357601,23,2,2,10,0
1720420143,47,Eel,4076231206225478838,17,3,1,1,0
1720420143,3,Tilpia,6700479740068525719,23,1,1,7,0
1720420143,74,Mola Mola Fish,13764238899663632578,21,4,4,13,0
1720420143,6,Perch,16239660991477838978,24,2,1,14,0
1720420143,13,Sardine,2558909520810189044,25,3,3,2,0
1720420143,86,Shrimp,16577195395518650993,18,2,3,17,0
1720420143,10,Sardine,3288849875420364266,19,3,3,10,0
1720420143,16,Trout,17420323825324102711,19,4,1,20,0
1720420143,104,Boot,8896371870872333964,20,2,3,3,0
1720420143,46,Eel,14963090092446268189,20,2,1,9,0
1720420143,65,Piranha,12485414696694377325,18,2,4,10,0
1720420143,69,Grouper,17029727815963730646,24,3,2,15,0
1720420143,5067,Pop-eyed goldfish,7770228972147364389,34,3,3,18,8
1720420143,78,Turtle,13738380400697218439,25,3,1,16,0
1720420143,67,Grouper,15369659531142593317,12,6,3,1,0
1720420143,104,Boot,10338533222703263616,16,1,3,8,0
1720420143,16,Trout,8257358212397768898,14,6,3,6,0
1720420143,74,Mola Mola Fish,13190573500099448233,13,3,4,12,0
1720420143,17,Spot Fish,622826382301818435,17,4,3,15,0
1720420143,89,Seahorse,9966451830674230570,12,3,1,17,1
1720420143,32,Cod,13696325203374232454,24,2,4,3,0
1720420143,81,Starfish,17471223626273574743,20,5,3,3,0
1720420143,28,Anchovy,16133380059529102221,17,5,4,3,0
1720420143,81,Starfish,7192324315948756056,13,6,4,1,0
1720420143,14,Sardine,3836391272009162513,15,6,4,3,0
1720420143,53,Bluegill,16872420130043028483,19,2,1,13,0
1720420143,11,Sardine,6829598678964928320,23,4,4,7,3
1720420143,23,Pufferfish,15197697841286919327,19,1,2,17,0
1720420143,77,Turtle,17265126655416671950,20,6,2,11,0
1720420143,7,Bass,3973438082065584664,19,6,1,3,0
1720420143,26,Catfish,7847416981714159064,25,6,1,19,0
1720420143,33,Cod,3012943314996520468,28,6,2,8,0
1720420143,88,Shrimp King,11191468259037888665,31,4,6,10,5
1720420143,2,Tilapia,12734590481233655895,20,3,2,5,0
1720420143,19,Trout,17981517100835632682,19,3,3,5,0
1720420143,5,Perch,1431937948428060521,19,4,2,17,0
1720420143,5028,404 Fish,13346601609642410424,28,4,3,10,2
1720420143,91,Golden Seahorse,12355022479323310844,22,4,4,12,3
1720420143,74,Mola Mola Fish,10022189020046937191,17,3,4,3,0
1720420143,64,Piranha,3145469882990434179,19,6,3,2,0
1720420143,50,Damsel Fish,335452352375819903,19,2,2,2,0
1720420143,77,Turtle,18423245769467389151,19,3,2,11,0
1720420143,25,Catfish,17308211641009952199,20,1,4,11,0
1720420143,104,Boot,5098565828580134007,21,4,2,18,0
1720420143,53,Bluegill,6976959483124884618,23,3,4,7,0
1720420143,57,Spearfish,5094854219028568871,24,2,1,2,0
1720420143,45,Clownfish,6314043083782850214,24,5,4,18,12
1720420143,10,Sardine,17482349757392143509,22,2,1,1,0
1720420143,52,Bluegill,16895995199219448044,14,2,3,19,0
1720420143,89,Seahorse,9804288956615709741,17,2,3,5,0
1720420143,36,Triple Tail,18244500889066213799,19,3,3,8,0
1720420143,47,Eel,9835991110212441273,17,5,3,13,0
1720420143,20,Trout,4884704836934024735,24,6,2,4,1
1720420143,22,Pufferfish,10239916117281520008,18,1,1,18,0
1720420143,11,Sardine,6252631477804965738,19,6,2,13,0
1720420143,74,Mola Mola Fish,6294151256063492864,24,1,4,2,0
1720420143,103,{NULL}fish,18058976674739511701,100,0,0,0,0
1720420143,16,Trout,5895489972009256262,18,6,4,12,7
1720420143,89,Seahorse,11171511275879051838,19,1,4,10,0
1720420143,50,Damsel Fish,5580620004553684998,16,2,3,2,0
1720420143,13,Sardine,344979881145538975,19,1,3,17,0
1720420143,2,Tilapia,14406299342616299418,13,6,4,8,0
1720420143,74,Mola Mola Fish,11107959686013228484,19,6,2,1,2
