1720420143,84,Crab,17890503493396046141,30,6,2,17
1720420143,23,Pufferfish,4972352831772249450,21,1,1,7
1720420143,40,Anglerfish,17783207479040495601,19,2,1,1
1720420143,4,Perch,4381110238573190599,19,5,1,14
1720420143,13,Sardine,5035440090093316137,19,5,2,11
1720420143,11,Sardine,18299745198344005809,21,4,1,1
1720420143,29,Herring,2330858790550183943,18,4,2,2
1720420143,28,Anchovy,16172826138597706542,21,4,4,4
1720420143,32,Cod,17702157934333747814,15,6,2,10
1720420143,22,Pufferfish,3548862744408143899,15,3,3,14
1720420143,10,Sardine,9495338754483367994,20,1,2,5
1720420143,51,Damsel Fish,13106908698281027203,19,7,3,16
1720420143,98,Jellyfish,4810590835074802073,32,7,1,11
1720420143,90,Seahorse,8931750117080248553,29,7,1,7
1720420143,47,Eel,15906407567705768986,20,1,2,2
1720420143,81,Starfish,13334046876801908730,17,2,4,14
1720420143,19,Trout,17156670803989487921,20,1,3,19
1720420143,32,Cod,6751426506966621560,19,5,4,6
1720420143,55,Spearfish,16707406776496964006,15,1,4,5
1720420143,6,Perch,9842519123178983737,21,7,3,18
1720420143,13,Sardine,1306229994016695539,15,1,2,16
1720420143,89,Seahorse,10449917040978230392,17,4,2,8
1720420143,75,Mola Mola Fish,1382571224379408070,30,7,3,4
1720420143,11,Sardine,5768214111389604508,25,4,2,8
1720420143,28,Anchovy,15361735955407795931,17,2,1,1
1720420143,39,Snapperfish,16943937838095094849,23,7,1,20
1720420143,16,Trout,15475867501806248411,17,3,1,10
1720420143,46,Eel,18298807855088204085,19,1,1,1
1720420143,1,Tilapia,4887640398626610492,21,1,1,2
1720420143,14,Sardine,2858955945146783214,22,5,4,4
1720420143,62,Barracuda,9759559405016572804,20,3,2,18
1720420143,20,Trout,14629822047628505972,27,4,3,19
1720420143,19,Trout,8532962655038083869,19,4,2,18
1720420143,74,Mola Mola Fish,2682060950318038467,16,5,3,2
1720420143,13,Sardine,7729278399045843501,23,5,1,15
1720420143,89,Seahorse,2471332629782408177,17,2,1,1
1720420143,71,Angel Fish,10005156471813580667,23,6,2,9
1720420143,32,Cod,8162441014781594013,20,5,3,6
1720420143,62,Barracuda,1079341327993365555,23,3,3,2
1720420143,17,Spot Fish,10943524844236064384,16,1,2,19
1720420143,31,Cod,16742198634817099790,18,4,3,18
1720420143,3,Tilpia,12099103263577598440,14,6,2,18
1720420143,33,Cod,3834389719363537255,20,7,4,14
1720420143,4,Perch,10347306303933918695,24,5,3,15
1720420143,98,Jellyfish,13318656437571883135,28,2,3,3
1720420143,62,Barracuda,1059218085982345870,16,6,4,2
1720420143,25,Catfish,17279573163024842680,25,3,3,5
1720420143,47,Eel,4839535532404019367,21,4,1,18
1720420143,53,Bluegill,13192946606320928095,12,5,3,14
1720420143,16,Trout,10944492089693824018,19,1,4,11
1720420143,29,Herring,706497174298425924,18,6,3,14
1720420143,24,Pufferfish,3717226798277763229,24,5,2,11
1720420143,1,Tilapia,6807860343886084501,22,5,2,8
1720420143,3,Tilpia,16622438956476600660,19,4,2,2
1720420143,13,Sardine,14275932491862988015,17,6,4,12
1720420143,81,Starfish,9626641556626431302,22,6,3,10
1720420143,32,Cod,15643762668422864508,26,3,4,7
1720420143,1,Tilapia,3812747432826212549,14,5,4,5
1720420143,89,Seahorse,7765530131175635670,23,3,1,2
1720420143,18,Trout,7513017839048106787,28,2,4,2
1720420143,46,Eel,161967468516668259,18,3,2,13
1720420143,3,Tilpia,15834666419584557971,17,3,4,13
1720420143,7,Bass,1015301979742871392,14,3,1,10
1720420143,56,Spearfish,3235019326098617668,26,2,2,4
1720420143,59,Salmon,373467575097093389,21,4,2,20
1720420143,46,Eel,7345308860998172653,23,3,2,2
1720420143,89,Seahorse,17964683740195266775,20,5,3,17
1720420143,4,Perch,7868490669252145510,19,5,3,8
1720420143,71,Angel Fish,14496729322057195265,26,6,1,7
1720420143,4,Perch,2328605276262034522,20,1,3,17
1720420143,95,Octopus,9935926617118731273,19,2,1,6
1720420143,31,Cod,1498676071965659383,16,4,2,3
1720420143,33,Cod,11329584812194877693,22,5,4,21
1720420143,22,Pufferfish,3834735569924698465,21,6,2,6
1720420143,39,Snapperfish,15195297174883571725,30,6,3,3
1720420143,57,Spearfish,9917846599755736540,22,5,3,16
1720420143,94,Lobster,16333038098393779259,28,2,3,18
1720420143,37,Snapper,9784109073758004903,12,6,2,2
1720420143,20,Trout,14898440524296478732,25,5,4,3
1720420143,23,Pufferfish,14573668306025533877,13,2,3,1
1720420143,50,Damsel Fish,14912835380241788817,16,6,4,4
1720420143,19,Trout,3742431699842371150,20,6,1,16
1720420143,65,Piranha,18121347631280346049,19,1,2,9
1720420143,11,Sardine,17069790198151433566,18,4,4,12
1720420143,31,Cod,2049645538473324733,16,1,4,5
1720420143,77,Turtle,17522467829815564013,21,2,1,9
1720420143,75,Mola Mola Fish,10821355614827069804,25,7,1,13
1720420143,63,Barracuda,7581853843341018255,26,5,3,7
1720420143,56,Spearfish,15007589492411722286,22,6,3,16
1720420143,43,Clownfish,1393595801767913577,20,6,3,9
1720420143,20,Trout,5485465820913416007,17,2,2,12
1720420143,37,Snapper,9323420777192512161,13,1,4,17
1720420143,60,Green Salmon,8603411124671992498,22,2,4,5
1720420143,100,Jellyfish,4090433697498384942,28,2,2,19
1720420143,62,Barracuda,5780904063802088198,18,2,3,1
1720420143,26,Catfish,9963252565189753846,25,6,4,2
1720420143,44,Clownfish,3844850474043169134,22,2,1,19
1720420143,22,Pufferfish,1367352474320425234,15,4,4,18
1720420143,104,Boot,5553737021394353695,18,3,2,14
1720420143,39,Snapperfish,10375049310326628060,32,2,4,2
1720420143,74,Mola Mola Fish,5503143849303175934,20,5,1,20
1720420143,77,Turtle,2942366395983306362,16,1,4,2
1720420143,16,Trout,9732313746502140025,20,1,1,11
1720420143,50,Damsel Fish,8294356817717536702,20,2,3,19
1720420143,32,Cod,3739065580515912412,18,4,1,6
1720420143,28,Anchovy,16341498808191126123,17,2,4,18
1720420143,89,Seahorse,15759356161133693188,14,3,2,9
1720420143,50,Damsel Fish,16734399415748457989,21,6,2,17
1720420143,32,Cod,8180499967196142156,23,1,3,13
1720420143,51,Damsel Fish,9805835350687057369,23,6,1,19
1720420143,3,Tilpia,644470479879996498,17,3,3,15
1720420143,39,Snapperfish,4909603688679309521,29,7,3,20
1720420143,56,Spearfish,3188159437894479731,23,7,4,15
1720420143,3,Tilpia,15399054055476651432,19,4,3,2
1720420143,89,Seahorse,4635215649132413744,18,4,1,9
1720420143,28,Anchovy,12998849073925670035,18,5,4,12
1720420143,62,Barracuda,4013785024582489698,20,2,2,15
1720420143,60,Green Salmon,11326124478790130574,30,3,1,13
1720420143,103,{NULL}fish,454681198930314967,100,0,0,0
1720420143,12,Sardine,841612787933388751,25,4,2,5
1720420143,30,Herring,14324318834225406352,18,1,4,20
1720420143,5028,404 Fish,5910397025956987848,24,7,3,20
1720420143,7,Bass,217904347057146465,19,3,1,20
1720420143,7,Bass,1807206613928378355,15,2,4,12
1720420143,10,Sardine,13410004606670854113,21,4,3,10
1720420143,68,Grouper,12276151717721851560,23,6,2,19
1720420143,59,Salmon,16148317394481708817,23,5,4,17
1720420143,33,Cod,7785211557384326783,30,3,2,6
1720420143,38,Snapper,11609890447578688075,20,2,4,18
1720420143,69,Grouper,1402918013221418980,20,2,4,7
1720420143,93,Blue Lobster,4281673641875471760,25,2,4,4
1720420143,25,Catfish,7214675458889791187,14,2,4,20
1720420143,3,Tilpia,1074973647099284972,17,3,4,11
1720420143,22,Pufferfish,17474155482000246183,22,5,3,6
1720420143,102,Axolotl,17232211894529233313,28,3,1,9
1720420143,62,Barracuda,9653247754898782051,23,5,3,6
1720420143,68,Grouper,17086909433454544625,28,4,2,4
1720420143,31,Cod,14567790574791234165,15,5,4,9
1720420143,57,Spearfish,11112484677360183142,25,4,3,21
1720420143,97,Golden Takoyaki,11794901833616195589,29,10,6,9
1720420143,4,Perch,16710241998106010538,19,1,1,1
1720420143,69,Grouper,6348668926462408176,19,4,2,8
1720420143,14,Sardine,17733741921356303737,15,5,1,9
1720420143,34,Triple Tail,15227408392926715322,12,4,1,11
1720420143,55,Spearfish,16534257680066797811,19,1,1,14
1720420143,59,Salmon,427010039617139946,14,3,3,2
1720420143,11,Sardine,5697047113860271259,14,3,2,1
1720420143,8,Bass,11626160131681819180,13,3,1,11
1720420143,16,Trout,6893179324871539326,20,5,2,15
1720420143,34,Triple Tail,15563604365236104328,22,6,3,11
1720420143,13,Sardine,5973145789305257220,19,6,2,4
1720420143,44,Clownfish,8557094341336951915,17,1,3,12
1720420143,25,Catfish,10382632281504529412,18,2,4,20
1720420143,26,Catfish,7992963783480439189,25,2,1,4
1720420143,17,Spot Fish,9855680750328797319,19,4,3,16
1720420143,79,Turtle,1273537493721653412,33,8,2,13
1720420143,45,Clownfish,5190650068554028320,30,6,4,20
1720420143,25,Catfish,14712908405948447007,21,4,2,7
1720420143,68,Grouper,11900370707295812690,21,6,3,15
1720420143,13,Sardine,18403327810431058748,16,2,4,6
1720420143,32,Cod,3217515039645347192,21,3,2,11
1720420143,71,Angel Fish,13756096080460848400,24,4,2,6
1720420143,56,Spearfish,10071017588985855488,24,5,4,7
1720420143,62,Barracuda,5850081912670994225,23,1,4,19
1720420143,16,Trout,8423377019938631676,19,5,2,17
1720420143,74,Mola Mola Fish,17863618393216251951,22,2,1,10
1720420143,62,Barracuda,3095837788026484502,19,2,4,15
1720420143,72,Angelfish,7705928783764897954,24,2,3,20
1720420143,90,Seahorse,505177302089515200,27,7,1,15
1720420143,1,Tilapia,9962115612631162719,15,2,4,17
1720420143,25,Catfish,18315319447475554794,15,2,1,13
1720420143,81,Starfish,11267282185268956062,19,4,3,16
1720420143,33,Cod,17068303032016537027,30,2,2,14
1720420143,25,Catfish,494972862824113614,19,4,3,6
1720420143,30,Herring,10331095109888049532,17,5,1,14,0
1720420143,32,Cod,12232614518495961012,24,3,2,2,0
1720420143,41,Anglerfish,5769227285739149726,33,5,1,18,0
1720420143,28,Anchovy,4154884580755272187,25,1,1,13,0
1720420143,49,Damsel Fish,8415307431744783030,23,5,2,7,0
1720420143,74,Mola Mola Fish,2335763220288864433,21,6,2,2,0
1720420143,29,Herring,769863198693559076,18,3,3,3,0
1720420143,50,Damsel Fish,160624015073403176,19,5,3,13,1
1720420143,25,Catfish,4956033063729365774,18,6,2,10,0
1720420143,5027,Cutthroat Trout,674568140737136019,28,6,1,9,0
1720420143,79,Turtle,16734442270750786031,21,6,3,19,0
1720420143,70,Angel Fish,7938325744049028275,22,6,4,9,0
1720420143,59,Salmon,11983528641768687776,24,5,1,13,5
1720420143,47,Eel,18383795196403209080,16,4,1,7,0
1720420143,53,Bluegill,8946547382449739344,14,2,1,5,0
1720420143,81,Starfish,4692075544749450149,20,2,4,14,0
1720420143,79,Turtle,9510440072963152749,21,8,2,4,1
1720420143,8,Bass,7140729990596291122,17,3,4,15,0
1720420143,10,Sardine,2020388251855170228,24,3,2,2,3
1720420143,68,Grouper,9845411246861910157,27,3,1,20,2
1720420143,13,Sardine,3299256114567915634,12,2,1,3,0
1720420143,46,Eel,737417681870189220,16,6,1,8,1
1720420143,59,Salmon,3263418051306267378,25,6,1,3,2
1720420143,2,Tilapia,2843869347613889038,15,4,4,4,0
1720420143,62,Barracuda,14749758876613103276,18,1,4,16,0
1720420143,54,Redgill,18402134281681438938,19,2,1,6,0
1720420143,25,Catfish,5600489413119801734,18,5,3,12,1
1720420143,41,Anglerfish,3356251633434222848,30,5,4,19,7
1720420143,40,Anglerfish,266495641889414874,23,1,2,13,0
1720420143,10,Sardine,604979030490805596,22,1,4,7,0
1720420143,65,Piranha,7298276358526642245,17,3,3,16,0
1720420143,14,Sardine,13748966084462403167,18,4,4,19,0
1720420143,4,Perch,7371775530013505279,16,2,3,2,0
1720420143,97,Golden Takoyaki,373593484490607970,41,5,6,13,15
1720420143,61,Barracuda,18063125916842595918,17,1,3,12,0
1720420143,6,Perch,16427432371840397513,19,5,1,4,0
1720420143,24,Pufferfish,16656159262104315309,23,5,4,5,2
1720420143,3,Tilpia,16830975691541071253,21,5,3,10,0
1720420143,78,Turtle,11377771956149459897,22,5,3,18,6
1720420143,67,Grouper,14319115232399426223,16,4,1,6,1
1720420143,89,Seahorse,10049923973315283320,14,6,2,19,0
1720420143,14,Sardine,3084560453800901772,24,2,3,14,1
1720420143,104,Boot,16958498277825269003,20,1,2,9,0
1720420143,59,Salmon,5366287504046655796,20,4,1,14,0
1720420143,75,Mola Mola Fish,15468271711120743215,22,7,2,19,0
1720420143,19,Trout,7122311015287641666,13,6,1,8,0
1720420143,25,Catfish,1242963571759342861,19,4,2,17,5
1720420143,11,Sardine,10783165989611644808,19,2,2,12,0
1720420143,22,Pufferfish,17028707063308276234,26,3,4,13,0
1720420143,13,Sardine,14031836052556944047,20,6,3,2,0
1720420143,47,Eel,11396182080666891425,23,6,4,11,0
1720420143,51,Damsel Fish,11507707196641615402,24,4,1,12,2
1720420143,50,Damsel Fish,11879966813620577419,22,5,4,3,0
1720420143,106,Sakhalin sturgeon,4636889729135885255,33,6,6,16,0
1720420143,93,Blue Lobster,2108043364107041758,27,7,3,19,9
1720420143,5067,Pop-eyed goldfish,9972582627660265493,18,3,2,2,1
1720420143,40,Anglerfish,13525546207488284221,21,3,1,7,0
1720420143,5067,Pop-eyed goldfish,11993939200334146652,28,4,2,10,0
1720420143,55,Spearfish,18124883405497367493,24,4,4,4,0
1720420143,50,Damsel Fish,7370946905651263766,20,4,1,6,0
1720420143,98,Jellyfish,16010438530212791672,23,4,2,16,0
1720420143,40,Anglerfish,631873913529039032,18,1,1,7,0
1720420143,56,Spearfish,3301760907255025046,22,7,3,4,0
1720420143,50,Damsel Fish,13659801578679681061,18,3,3,7,0
1720420143,8,Bass,3127481895883964928,20,2,4,18,0
1720420143,4,Perch,9310866336666719153,20,4,2,15,0
1720420143,62,Barracuda,17690349221855211784,14,1,2,11,0
1720420143,56,Spearfish,2251143257141912804,32,3,4,11,0
1720420143,49,Damsel Fish,6721139563439700959,19,3,1,19,0
1720671274,51,Damsel Fish,17363436926194960792,28,2,2,12,0
1720677607,62,Barracuda,16481049513111833100,13,4,1,6,0
1720678008,69,Grouper,202966652250970406,16,2,3,5,0
1720678215,22,Pufferfish,10251939284933153221,25,5,3,18,6
1720682610,5028,404 Fish,14838997052558895437,21,6,4,8,0
1720682928,55,Spearfish,14997883285448760310,19,3,4,6,0
1723274579,22,Pufferfish,15134910667335153109,19,4,2,14,0
1723275039,83,Crab,2875043477329037730,23,1,1,2,0
1723275225,60,Green Salmon,12700094202552792932,32,7,4,16,24
1723275367,72,Angelfish,15050131187122313318,22,2,1,16,0
1723276253,83,Crab,11525365864816664250,19,5,3,4,0
1723276396,32,Cod,15191426517807415153,20,4,3,8,0
1723276833,37,Snapper,6549921870745231549,21,1,4,12,0
1723280596,17,Spot Fish,15988943737174293372,22,6,4,13,3
1723283111,91,Golden Seahorse,6292678393500627138,25,4,1,10,0
1723290248,93,Blue Lobster,8162626361030169236,19,3,3,14,0
1723360688,91,Golden Seahorse,11959939358022493341,23,7,6,14,9
1723361303,47,Eel,2291878750734918603,21,5,2,9,0
1723361422,39,Snapperfish,16653982016318106146,20,4,4,12,0
1723361948,47,Eel,6298523695616061683,18,6,4,11,4
1723362070,34,Triple Tail,2550634560008910920,25,5,1,11,0
1723363394,23,Pufferfish,17257722879012746391,15,2,1,6,0
1723363630,57,Spearfish,4613579102384118136,23,4,1,8,0
1723363749,55,Spearfish,9582972091974440431,17,4,3,13,0
1723369825,5027,Cutthroat Trout,11661219115595605772,28,5,1,2,0
1723370221,55,Spearfish,1711584321185144537,18,5,4,13,0
1723370922,30,Herring,5107607546061961078,17,3,2,9,0
1723372639,18,Trout,17355745246815711490,20,6,1,20,4
1723372910,73,Rainbow Trout,10787959411694198750,27,5,6,23,4
1723373056,22,Pufferfish,9541114845318891182,19,6,1,8,0
1723376618,42,Anglerfish,9765828745529363996,24,5,2,15,0
1731594732,46,Eel,6044211582707235089,16,1,2,4,0
1731594863,16,Trout,2205562595541324852,21,6,2,15,0
1731595247,87,Shrimp,8981340423613159731,20,3,1,10,0
