1720420143,31,Cod,4401164094301499669,20,2,4,8
1720420143,10,Sardine,7392808137343513532,23,3,3,6
1720420143,89,Seahorse,2473614028941294204,18,6,1,11
1720420143,34,Triple Tail,10901224896979483466,20,6,3,13
1720420143,34,Triple Tail,8022344130150636710,17,1,2,10
1720420143,77,Turtle,15508762094655521243,21,1,2,14
1720420143,84,Crab,12990972501219679040,27,3,4,5
1720420143,81,Starfish,3832598052191926369,19,1,1,6
1720420143,39,Snapperfish,4001202660535367898,22,5,4,16
1720420143,50,Damsel Fish,14875681358644001005,22,4,1,18
1720420143,57,Spearfish,13361349815900394218,28,2,4,2
1720420143,31,Cod,1606221061363448817,19,2,1,5
1720420143,17,Spot Fish,18220648681583938138,23,5,3,1
1720420143,54,Redgill,5325344118347317828,26,6,3,15
1720420143,38,Snapper,15661851747437787024,19,3,3,18
1720420143,1,Tilapia,11919137519027679114,19,5,1,13
1720420143,14,Sardine,16432939199806054588,18,1,4,6
1720420143,22,Pufferfish,1378321331486156280,15,1,4,5
1720420143,13,Sardine,8136996630426129567,22,2,1,18
