1720420143,23,Pufferfish,12107528188150887537,23,4,4,20
1720420143,16,Trout,18134463797861964671,15,3,4,7
1720420143,31,Cod,13459875788273313478,21,2,4,17
1720420143,20,Trout,12519246456754296467,29,5,4,12
1720420143,4,Perch,2716236009402230995,15,3,4,12
1720420143,13,Sardine,12178231849820686635,13,2,3,2
1720420143,32,Cod,7750040503726193077,20,1,2,8
1720420143,62,Barracuda,17968693834577146446,22,3,1,17
1720420143,5059,Great white shark,1293683647106572940,24,4,2,4
1731316295,13,Sardine,280963549035508381,18,2,3,6,0
1731316426,43,Clownfish,2757223961364901613,15,2,2,7,0
