1720684680,32,Cod,7594981717837322225,24,4,3,6,0
1720684807,50,Damsel Fish,2550965960110981679,16,1,4,4,0
1720684938,10,Sardine,16645296122461837886,18,5,2,17,0
1720685170,64,Piranha,10650637597665600988,18,3,4,17,3
1720685349,13,Sardine,10460216419830905039,15,5,4,13,1
1720685477,110,Pop-eyed goldfish,9543401134458694076,22,7,4,21,12
1720685732,70,Angel Fish,4462867909401282187,20,1,3,3,0
1720685982,83,Crab,551816068357879974,17,4,1,1,0
1720921234,83,Crab,5669151940893684558,17,4,2,7,0
1720923048,80,Starfish,6972213446563881002,18,2,4,19,0
1720923476,55,Spearfish,9908332123532778107,17,5,4,8,0
1723367843,59,Salmon,1228674064277586600,20,2,1,13,0
1723367970,55,Spearfish,228032458405118676,20,4,2,2,0
1723368095,10,Sardine,4717401395866240571,24,2,1,13,0
