18,Trout,12862099629970081560,23,6,4,4
71,Angel Fish,5422586240216444690,24,2,3,17
14,Sardine,14418886169529220970,22,3,2,1
13,Sardine,8858043726740412245,16,1,3,4
30,Herring,17596216910851665553,19,3,4,4
7,Bass,4474608580902488802,12,5,3,10
34,Triple Tail,14368419442349083376,19,1,2,7
90,Seahorse,9916030461846462184,31,2,2,18
15,Spotfish,6806029763404091437,26,6,3,9
10,Sardine,5458303505633869099,18,2,3,19
69,Grouper,7298622931320633453,13,1,1,10
5,Perch,3772984336645972805,19,3,1,2
3,Tilpia,2994339716965233980,16,6,4,18
7,Bass,17701745054007980039,15,2,4,6
22,Pufferfish,8706502243443999970,16,3,3,14
5,Perch,13508276557183620878,20,5,4,7
71,Angel Fish,9528544253276145088,21,5,2,8
