1720420143,43,Clownfish,9531752535169082361,16,5,4,8
1720420143,32,Cod,2576539100119984318,19,4,3,11
1720420143,3,Tilpia,3812594832878123442,13,4,1,8
1720420143,23,Pufferfish,5344954504590794812,20,6,2,2
1720420143,6,Perch,14093365325034867939,26,7,1,17
1720420143,81,Starfish,15028256510336290082,15,5,1,17
1720420143,93,Blue Lobster,18161668592994889168,32,7,4,12
1720420143,50,Damsel Fish,1768779076657175650,18,5,4,11
1720420143,11,Sardine,1753314384508975320,15,2,4,12
1720420143,94,Lobster,6560549236197828911,28,5,4,20
1720420143,43,Clownfish,10755014277757076880,22,5,1,7
1720420143,44,Clownfish,3149664672893485031,18,5,2,1
1720420143,59,Salmon,1514697524430066673,16,1,2,4
1720420143,37,Snapper,1641830139637644892,19,6,1,14
1720420143,55,Spearfish,8155768757759178078,14,6,2,3
1720420143,17,Spot Fish,8304394190671725697,19,1,4,13
1720420143,19,Trout,4821040814357748450,18,4,2,11
1720420143,17,Spot Fish,14541017431118230133,19,5,4,1
1720420143,38,Snapper,1941455826842242306,14,5,2,12
1720420143,65,Piranha,6783826492777482262,15,1,3,15
1720420143,19,Trout,10177167590356829180,21,4,3,6
1720420143,69,Grouper,18379397318190438891,19,3,2,12
1720420143,11,Sardine,12923912448307587907,18,3,1,13
1720420143,72,Angelfish,10639010437842566951,27,5,2,13
1720420143,55,Spearfish,17952603940312038307,19,1,2,18
1720420143,10,Sardine,877637473748890661,16,5,2,18
1720420143,5010,Blahaj,1698444680842342277,35,7,6,12
1720420143,14,Sardine,8921589332910456532,21,5,4,13
1720420143,1,Tilapia,13704374842881245546,21,5,3,3
1720420143,69,Grouper,9687918516363808339,17,4,2,11
1720420143,34,Triple Tail,2569364853618918571,20,2,4,2
1720420143,26,Catfish,15870662640329944255,26,2,3,2
1720420143,5,Perch,11797207014824692990,13,3,3,13
1720420143,31,Cod,1768434807558103564,19,2,4,4
1720420143,11,Sardine,17529362690276938617,25,5,3,4
1720420143,79,Turtle,14074132039388520778,25,9,1,16
1720420143,23,Pufferfish,3433131629136893999,19,3,4,12
1720420143,30,Herring,14235023549712160065,16,3,4,5,0
1720420143,50,Damsel Fish,13766189454675107840,19,1,1,2,0
1720420143,59,Salmon,9007152793850762254,22,4,3,3,0
1720420143,38,Snapper,16793976071789685632,13,6,2,14,0
1720420143,76,Mola Mola Fish,10555071006755973071,19,10,4,18,7
1720420143,24,Pufferfish,11417124174002676531,21,3,3,16,0
1720420143,83,Crab,3933303254950208736,18,2,1,6,0
1720420143,47,Eel,14642026568905649594,18,1,4,2,0
1720420143,47,Eel,17028400237317429906,17,6,1,15,0
1720420143,34,Triple Tail,16193056672254549729,18,5,4,20,2
1720420143,18,Trout,9257424078415794599,19,3,2,4,0
1720420143,95,Octopus,1417479988317922090,26,4,4,13,2
1720420143,4,Perch,133395426161869192,24,2,4,20,0
1720420143,49,Damsel Fish,3543607952052034253,26,5,3,15,0
1720420143,80,Starfish,682557720802750800,14,4,3,20,0
1720420143,7,Bass,6917473133047307781,15,1,3,7,0
1720420143,5049,Axolotl,510438670897496177,33,6,2,11,0
1720420143,101,Red Handfish,1234147194344804990,27,6,6,21,21
1720420143,5,Perch,7687923332896709107,18,3,3,14,0
1720420143,40,Anglerfish,16873974185943969293,26,5,2,14,2
1720420143,55,Spearfish,16169292916445192533,20,6,1,13,0
1720420143,80,Starfish,6890460114339458280,15,4,1,10,0
1720420143,5028,404 Fish,2516728225432364602,21,5,2,16,0
1720420143,53,Bluegill,4159509573006990800,20,5,4,10,0
1720420143,5,Perch,6136314868878129598,17,3,3,20,0
1720420143,22,Pufferfish,1802191666738661205,22,6,4,5,8
1720420143,90,Seahorse,11065603492265792307,26,5,4,18,4
1720420143,10,Sardine,2033366539031602839,17,5,3,6,0
1720420143,22,Pufferfish,3950954541042099273,20,5,3,3,1
1720420143,61,Barracuda,9660402780215031331,21,2,2,19,0
1720420143,53,Bluegill,10664845969466365037,16,3,2,18,0
1720420143,101,Red Handfish,2733360603229186554,31,7,6,15,7
1720420143,25,Catfish,3040709992040000635,17,1,1,17,0
1720420143,24,Pufferfish,3923381573378522204,31,6,4,5,1
1720420143,15,Spotfish,1899539557621213530,20,2,1,6,0
1720420143,5028,404 Fish,3467169930178437964,20,4,1,7,0
1720420143,96,Octopus,12189729670530000381,21,10,2,15,0
1720420143,7,Bass,2486493610325618838,20,6,2,14,0
1720420143,68,Grouper,13490682114809816932,24,4,3,18,0
1720420143,100,Jellyfish,3327549909339616720,19,4,1,20,3
1720420143,14,Sardine,15446013380125915925,16,6,4,15,0
1720420143,3,Tilpia,3037194771360563967,15,5,4,5,0
1720420143,53,Bluegill,7952050104528348319,19,5,2,14,0
1720420143,46,Eel,17521960673467657375,21,4,2,15,0
1720420143,48,Electric Eel,14219155990083271737,33,3,4,15,0
1720420143,69,Grouper,16288135032247262299,21,1,3,4,0
1720420143,23,Pufferfish,11531467305730494290,14,6,2,15,0
1720420143,96,Octopus,13743302226640435042,30,5,5,18
1720420143,10,Sardine,14379527737742116113,21,6,4,19,0
1720420143,23,Pufferfish,18038485688952014255,22,5,4,3,0
1720420143,90,Seahorse,17241147857582337303,22,6,4,18,0
1720420143,72,Angelfish,3000662451759370950,29,4,1,15,0
1720420143,49,Damsel Fish,6106170435923381899,17,3,2,10,0
1720420143,67,Grouper,7894021977452744334,20,5,2,15,0
1720420143,42,Anglerfish,8273015920987353199,26,7,3,14,0
1720420143,59,Salmon,220256123566132727,19,1,2,6,0
1720420143,87,Shrimp,10486538904521455243,26,5,1,17,2
1720420143,24,Pufferfish,17544769762990561413,24,2,2,5,0
1720420143,39,Snapperfish,3962011302514434540,34,6,4,18
