1720420143,46,Eel,6181662318795932311,20,3,1,20
1720420143,45,Clownfish,2170535260693226311,24,3,1,2
1720420143,59,Salmon,13841808079349205341,16,1,2,5
1720420143,5,Perch,15254958558320793479,12,5,4,10
1720420143,31,Cod,4293413066813337243,18,1,2,13
1720420143,23,Pufferfish,17382287202670886265,24,4,2,10
1720420143,37,Snapper,8515579863143235083,17,2,4,7
1720420143,56,Spearfish,12613223510225041315,27,4,4,3
1720420143,47,Eel,8085229778889689244,22,5,2,16
1720420143,31,Cod,10480371860396202575,18,6,4,19
1720420143,22,Pufferfish,344136665949758669,16,5,4,8
1720420143,25,Catfish,7987637476526923172,16,1,1,17
1720420143,5031,Boot,11481082062772628808,19,4,3,6
1720420143,53,Bluegill,2212645231154882200,19,6,3,18
1720420143,45,Clownfish,7265643019672172517,31,2,4,13
1720420143,44,Clownfish,6034892254767775033,14,1,4,17
1720420143,19,Trout,6582991571343598423,17,5,2,4
1720420143,74,Mola Mola Fish,18017357269324762611,16,5,1,17
1720420143,75,Mola Mola Fish,17795445429808421667,26,2,4,15
1720420143,19,Trout,15530325017403108056,20,4,1,16
1720420143,79,Turtle,2572497759806258678,28,4,2,11
1720420143,79,Turtle,1089585137502834558,25,3,2,11
1720420143,8,Bass,5772950418588101244,18,5,3,1
1720420143,103,{NULL}fish,18376548304846195401,100,0,0,0
1720420143,46,Eel,1337213537994349787,16,2,1,16
1720420143,34,Triple Tail,7103423322941698313,21,5,2,14
1720420143,74,Mola Mola Fish,4254907096707077899,20,1,3,14
1720420143,77,Turtle,16924944175387977909,16,6,2,17
1720420143,57,Spearfish,12893959520576657441,21,2,1,21
1720420143,5,Perch,4684263501357577538,19,2,1,1
1720420143,10,Sardine,17088390632812135968,19,4,4,20
1720420143,55,Spearfish,3446948029213556946,17,6,3,18
1720420143,43,Clownfish,2972221841110906467,23,4,1,16
1720420143,5026,GamerPieJess fish,11695264568256626698,28,7,4,14
1720420143,71,Angel Fish,11557684112041949556,24,1,3,15
1720420143,71,Angel Fish,10651275735807563066,25,6,3,8
1720420143,30,Herring,9139606979927135144,21,6,1,9
1720420143,44,Clownfish,541527355015862148,20,6,4,2
1720420143,31,Cod,12933940467307646592,13,5,2,17
1720420143,47,Eel,10476457962207919495,17,5,2,12
1720420143,50,Damsel Fish,15021360835375423412,15,4,3,11
1723275146,16,Trout,5537436008296271293,19,5,2,7,1
1723276276,1,Tilapia,12556769205370395136,19,3,4,16,0
