1720420143,38,Snapper,12983471376133226551,14,2,1,13
1720420143,31,Cod,12793313944483513129,21,2,4,6
1720420143,59,Salmon,12417223111445329288,17,4,3,9
1720420143,43,Clownfish,2792128107173229013,21,3,3,1
1720420143,26,Catfish,14824335854703302497,21,7,3,10
1720420143,99,Jellyfish,9325882415601577961,17,2,3,14
1720420143,81,Starfish,3314399829654900385,21,5,2,9
1720420143,37,Snapper,10337709995297562339,16,2,2,19,1
1720420143,74,Mola Mola Fish,2401041475280625696,14,4,1,6,0
1720420143,43,Clownfish,13203660332983817581,26,2,3,12,0
1720420143,28,Anchovy,13779960239945861003,17,2,4,14,0
