1720420143,32,Cod,3267181907699875990,16,1,2,3
1720420143,43,Clownfish,8289220799723142818,25,1,4,10
1720420143,47,Eel,10584045832894938065,18,5,1,2
1720420143,16,Trout,9835547825508113973,23,1,2,1
1720420143,74,Mola Mola Fish,13075962100213642907,22,4,1,3
1720420143,31,Cod,9127138298694382436,21,3,3,18
1720420143,1,Tilapia,6146856845000580785,15,3,4,16
1720420143,5031,Boot,4743997416358422197,22,6,4,13
1720420143,50,Damsel Fish,16184166161946952001,24,4,2,12
1720420143,14,Sardine,1468214162309056567,19,1,2,11
1720420143,41,Anglerfish,10084690864282554231,31,2,2,13
1720420143,1,Tilapia,1243827631736782469,23,3,3,15
1720420143,5067,Pop-eyed goldfish,17344198257407152529,15,2,3,16
1720420143,13,Sardine,2408383090517731640,17,1,4,2
1720420143,16,Trout,2314146453536717882,16,3,1,17
1720420143,7,Bass,8562312287971150866,18,6,4,19
1720420143,31,Cod,2289810609704838692,16,5,3,18
1720420143,24,Pufferfish,17295764816164016337,25,6,2,15
1720420143,55,Spearfish,8774531972647754876,20,6,3,11
1720420143,34,Triple Tail,15281449301076313288,16,6,4,7,10
1720420143,37,Snapper,15398324241408993368,19,4,1,3,0
1720420143,93,Blue Lobster,11372094194096936217,27,3,3,6,0
1720420143,64,Piranha,14385903117222777459,23,5,4,6,0
1720420143,2,Tilapia,10114304157945381315,19,5,4,6,0
1720420143,71,Angel Fish,16935058228559643047,19,3,2,19,0
1720420143,61,Barracuda,17559837746443842613,12,5,4,7,0
1720420143,77,Turtle,69270648754936863,21,1,1,7,0
1720420143,16,Trout,1164210560725142532,25,4,2,8,0
1720420143,38,Snapper,7201283062278910599,13,4,3,20,0
1720420143,19,Trout,16836562497205815539,22,5,3,1,0
1720420143,44,Clownfish,5762167797295604065,20,4,3,6,0
1720420143,58,Salmon,17290342497493432360,23,5,2,18,0
1720420143,5028,404 Fish,4429180296975864991,33,2,2,11,0
1720420143,1,Tilapia,13908027097186216852,15,5,4,1,2
1720420143,50,Damsel Fish,10482327733341695776,21,1,1,17,0
1720420143,61,Barracuda,13259649860908184129,25,2,2,13,0
1720420143,43,Clownfish,3591527933366653729,20,2,1,14,0
1720420143,71,Angel Fish,11156733467894546128,21,5,4,2,0
1720420143,34,Triple Tail,16610399009813027314,19,2,4,18,0
1720420143,62,Barracuda,15522866051307760233,18,3,1,9,0
1720420143,19,Trout,3792729966898999502,15,2,4,14,0
1720420143,12,Sardine,1476823236703272356,28,4,1,19,6
1720420143,5028,404 Fish,5056482339720036187,28,6,2,21,5
1720420143,80,Starfish,3460416046307355245,24,3,4,11,0
1720420143,55,Spearfish,9933065521783001811,20,6,2,14,0
1720420143,2,Tilapia,1229421010321011540,15,2,4,13,0
1720420143,33,Cod,3792912826081889543,16,4,3,7,0
1720420143,8,Bass,5756892472621268063,19,4,3,4,0
1720420143,57,Spearfish,261681838567357559,28,4,4,5,4
1720420143,58,Salmon,9506000243246835349,26,5,1,15,0
1720420143,24,Pufferfish,14230802098507810700,22,7,2,21,0
1720420143,53,Bluegill,552626116531602811,22,6,1,12,0
1720420143,26,Catfish,1096430226926126107,30,6,4,7,0
1720420143,14,Sardine,1725652082975634547,18,2,1,7,0
1720420143,71,Angel Fish,3091055918286184120,14,2,2,14,0
1720420143,65,Piranha,4488568614443412305,22,6,4,10,8
1720420143,84,Crab,12031733703301193463,23,6,1,5,0
1720420143,19,Trout,2471458575195405865,13,6,4,17,0
1720420143,60,Green Salmon,8784042643685842725,24,5,3,20,0
1720420143,89,Seahorse,13199833157827229100,19,1,2,15,0
1720420143,99,Jellyfish,16676166798336968873,21,4,1,17,0
1720672234,69,Grouper,5907362911332462503,12,2,3,1,0
