1720420143,30,Herring,12493614555634149299,25,1,4,14
1720420143,27,Catfish,8044505424846914253,28,4,1,17
1720420143,50,Damsel Fish,6574220576650537615,24,6,3,12
1720420143,28,Anchovy,2460176856728117739,18,4,2,12
1720420143,1,Tilapia,3393754662421395893,20,1,1,9
1720420143,71,Angel Fish,12036359254706710034,13,4,1,3
1720420143,4,Perch,17816198975002687240,20,3,1,18
1720420143,22,Pufferfish,1927333423640855661,19,4,2,19
1720420143,23,Pufferfish,10156920113654414526,16,1,3,10
1720420143,11,Sardine,11531454430370048922,20,4,4,1
1720420143,3,Tilpia,13376616994722950896,19,1,2,9
1720420143,28,Anchovy,10166425804874543665,23,1,2,6
1720420143,29,Herring,14145873663189609049,20,5,3,6
1720420143,81,Starfish,15634476346898710155,15,5,4,3
1720420143,28,Anchovy,8265073157983855954,17,4,3,7
1720420143,32,Cod,13877484965716195167,20,5,3,17
1720420143,30,Herring,16960996377860210226,16,6,2,12
1720420143,23,Pufferfish,2718309967686100325,17,2,4,12
1720420143,3,Tilpia,17008010822898317468,13,5,1,12
1720420143,23,Pufferfish,13580854282652524864,14,2,3,12
1720420143,7,Bass,3401144596164210043,17,5,3,15
1720420143,44,Clownfish,14635456210566683509,14,5,2,5
1720420143,81,Starfish,7608287834257385741,12,3,1,4,0
1720420143,32,Cod,8553519848451896350,12,4,1,19,0
1720420143,23,Pufferfish,1982405909770520409,13,5,3,2,0
1720420143,80,Starfish,15375657065746975774,14,3,2,5,0
1720420143,62,Barracuda,14019714853826434111,16,4,3,4,0
1720420143,62,Barracuda,14199031588056272284,18,3,2,12,0
1720420143,38,Snapper,8759527422014991303,23,2,2,13,0
1720420143,89,Seahorse,16850119298659155785,21,5,4,11,0
1720420143,11,Sardine,207499954063574694,12,4,4,3,0
1720420143,44,Clownfish,16628217852105511137,17,6,1,4,0
1720420143,11,Sardine,18244613824067798374,13,4,4,6,0
1720420143,86,Shrimp,13773355895477106709,18,6,4,2,0
1720420143,86,Shrimp,13790279053006248697,20,2,3,9,0
1720420143,49,Damsel Fish,12391540478602579959,19,5,2,19,0
1720420143,11,Sardine,7234733585027199681,20,6,1,20,0
1720420143,62,Barracuda,15031751560140847643,22,4,4,2,0
1720420143,32,Cod,8302367383331729466,19,2,4,8,0
1720420143,83,Crab,3840456602489400319,24,5,3,20,0
1720420143,98,Jellyfish,5461700095473168124,23,6,3,14,7
1720420143,65,Piranha,11214274165088997780,20,5,2,6,0
1720420143,74,Mola Mola Fish,7132692727596407591,18,2,1,9,0
1720420143,84,Crab,9931138394207921168,20,2,2,13,0
1720420143,4,Perch,8016382429650834832,22,4,2,13,0
1720420143,92,Lobster,15452232682590009046,12,4,4,19,0
1720420143,10,Sardine,15409665418497012965,20,4,4,1,0
1720420143,7,Bass,109552103522875102,18,2,2,7,0
1720420143,70,Angel Fish,8945981722166064764,22,2,1,4,0
1720420143,78,Turtle,5439926522739770327,27,2,4,6,0
1720420143,22,Pufferfish,4019665538266192871,21,3,1,6,0
1720420143,49,Damsel Fish,10968449342115199467,23,2,2,1,0
1720420143,55,Spearfish,6583561821525524263,19,5,4,4,6
