99,Jellyfish,9679651653828196078,18,6,2,18,0
25,Catfish,4234727748969037509,21,4,1,13,0
25,Catfish,12109831934115690259,21,3,4,18,0
1,Tilapia,13600291209049439596,18,1,4,2,0
33,Cod,1533274728443111391,35,4,4,13,11
22,Pufferfish,16249481522819197767,21,3,2,7,0
5031,Boot,1491522611827240501,18,2,1,11,0
2,Tilapia,10619011551798554131,17,4,4,17,0
77,Turtle,17371659860607248227,21,2,4,20,0
92,Lobster,9584728847416249291,21,3,3,13,0
92,Lobster,9647509669274241607,21,4,1,17,0
5031,Boot,3538465576387370043,13,1,4,5,0
78,Turtle,5567845554017025653,24,5,3,19,0
34,Triple Tail,13550197257980476984,15,6,3,6,0
53,Bluegill,16958641559291988356,17,1,3,11,0
38,Snapper,16573919049562517663,12,5,1,1,0
58,Salmon,2142042933753818138,19,6,2,4,2
69,Grouper,9049599133101491766,18,5,3,18,0
17,Spot Fish,7700337734593307203,20,3,4,3,0
77,Turtle,11795299030495968670,21,6,3,19,3
13,Sardine,14423861940869087458,17,2,1,10,0
69,Grouper,18265232625429953214,17,2,4,15,0
100,Jellyfish,9721432102647455894,29,4,1,11,0
100,Jellyfish,15565948775230041903,25,6,1,2,0
56,Spearfish,2408374427911230676,27,3,4,18,0
