1720420143,10,Sardine,6282833485102042063,21,6,3,8,0
1720420143,40,Anglerfish,10045027862198766881,13,3,3,15,0
1720420143,61,Barracuda,17920546254357684633,22,2,1,17,0
1720420143,78,Turtle,6205618659755596012,20,6,4,21,4
1720420143,10,Sardine,209102395845192956,14,3,1,16,0
1720420143,37,Snapper,4824211285727583933,12,3,4,3,0
1720420143,77,Turtle,2366053406497111245,17,6,2,10,0
1720420143,104,Boot,11153957312395885782,24,5,3,8,5
1720420143,38,Snapper,18106761687877605183,19,1,3,18,0
1720420143,56,Spearfish,5130182446126488842,27,7,1,8,0
1720420143,4,Perch,9941627663048204941,18,1,4,17,0
1720420143,77,Turtle,4799426668643002495,20,4,1,17,0
1720420143,1,Tilapia,14443717858497163473,16,2,4,6,0
1720420143,37,Snapper,17547808156812968032,18,2,2,5,0
1720420143,46,Eel,17865479152780045719,22,1,3,8,0
1720420143,44,Clownfish,11440276810836718150,23,1,4,12,0
1722666405,53,Bluegill,4557921138571920745,14,6,3,7,0
1723463603,61,Barracuda,11389886350448373695,16,3,2,3,0
1723465611,70,Angel Fish,17569726602565716921,24,6,2,9,4
1731606522,51,Damsel Fish,11875537969328849187,23,2,3,16,0
1731606832,75,Mola Mola Fish,8191383053095040612,21,6,2,16,0
1731607411,62,Barracuda,16207759848610934887,22,5,1,18,1
1731671708,2,Tilapia,12918269379890825442,18,4,4,9,0
1731672977,19,Trout,6419578983836593017,20,4,2,14,0
1731673619,10,Sardine,2668764858502237335,19,2,3,9,0
1731674206,29,Herring,14498550493203214268,26,5,3,9,2
1731675195,74,Mola Mola Fish,5653017548998971466,19,3,3,19,0
1731676910,38,Snapper,6590937256426645476,19,3,2,10,0
1731678803,92,Lobster,7278564385192952048,20,1,2,4,0
1731679395,17,Spot Fish,932054828037094973,21,6,2,20,0
1731680159,31,Cod,4888112346966696433,24,6,3,12,2
1731680429,59,Salmon,15925748017038268211,15,2,1,12,0
1731680939,5059,Great white shark,7879106131056197646,20,7,4,21,0
1731681300,52,Bluegill,1608458181874807796,20,3,1,12,0
1731681423,93,Blue Lobster,18255511241676685902,21,2,3,9,0
1731681605,32,Cod,11608018537645948309,21,1,1,9,0
1731681933,35,Triple Tail,15228295768779050279,22,5,2,16,0
1731682183,50,Damsel Fish,796412995990927510,17,1,1,10,0
1731682307,57,Spearfish,7110403144374917155,25,7,1,20,0
1731682480,93,Blue Lobster,2495725672873245397,29,6,1,2,0
1731682613,5067,Pop-eyed goldfish,1646810577868568375,27,7,3,13,0
1731682744,93,Blue Lobster,14712157912531161340,24,6,1,6,0
1731682886,89,Seahorse,6182417397310933625,25,3,1,4,0
1731683055,58,Salmon,6662235849847530915,16,2,3,12,0
1731683255,15,Spotfish,13695012246497549331,26,7,1,7,0
1731683901,31,Cod,8091357545057711340,17,1,4,20,0
1731684213,53,Bluegill,14005871198940512564,17,6,3,4,0
1731684336,47,Eel,2295933946922668375,20,4,4,14,0
1731684485,1,Tilapia,10763129756587545825,22,4,3,18,4
1731684884,49,Damsel Fish,1443924151861739875,24,3,2,20,0
1731685008,15,Spotfish,13120179973570730496,28,2,4,10,0
1731685210,39,Snapperfish,5439353649633283784,20,2,1,16,0
1731685991,81,Starfish,5998011080980803253,14,2,1,16,0
1731686491,62,Barracuda,837237563218838088,16,1,2,6,0
1731687199,86,Shrimp,15352571403979642988,21,5,4,3,6
1731687322,22,Pufferfish,14794403054905098763,21,6,1,17,1
1731687445,32,Cod,16378510873571629690,19,5,1,2,0
1731687610,7,Bass,1192293051381915781,23,6,1,19,0
1731687900,75,Mola Mola Fish,11915396826413166925,17,3,2,8,0
1731688023,30,Herring,3712010129659840562,21,6,4,7,0
1731688200,96,Octopus,12929649393451173659,28,6,2,8,0
1731688354,74,Mola Mola Fish,9817602777528367063,21,3,2,18,0
1731688529,5067,Pop-eyed goldfish,17597251696493167034,26,5,4,8,3
1731688713,3,Tilpia,2108986099367620749,21,1,2,14,0
1731688844,67,Grouper,323199842912083542,12,4,2,12,0
1731689043,17,Spot Fish,3224206988428860485,23,2,3,18,0
1731689345,86,Shrimp,13560915664252635056,17,5,4,2,0
1731689571,93,Blue Lobster,6618950343410972213,33,2,2,9,0
1731690172,13,Sardine,11038418828154128107,21,5,1,11,0
1731690443,3,Tilpia,13782566102704108056,26,5,3,19,11
1731690637,53,Bluegill,12179292017926319521,24,4,1,14,0
1731691383,60,Green Salmon,15035274775526745671,27,5,4,7,0
1731691575,20,Trout,4715130288580479691,27,6,4,21,2
1731691915,92,Lobster,5028721957295051210,19,4,4,5,0
1731692073,74,Mola Mola Fish,14619488912667450802,24,6,3,12,1
1731692420,34,Triple Tail,11715571249415067252,19,5,2,18,0
1731692560,34,Triple Tail,1747956507344505518,17,2,1,13,0
1731692870,19,Trout,17244529480309789075,18,2,2,6,0
1731692991,49,Damsel Fish,16723281351031221875,13,1,2,9,0
1731693383,69,Grouper,18117784267141074848,21,3,1,3,0
1731693531,69,Grouper,9516302542055505494,18,3,4,10,0
1731693808,8,Bass,18048949134902436812,24,5,4,2,0
1731693934,47,Eel,8983901127229633663,19,5,1,4,0
1731694395,17,Spot Fish,13113839442979361334,18,1,3,1,0
1731694999,50,Damsel Fish,15745111585478212486,22,5,2,12,4
1731695627,62,Barracuda,9401992396513690567,23,4,1,1,0
1731695915,14,Sardine,2666653962264877282,20,2,1,20,0
1731696234,7,Bass,16124908887253659578,16,3,1,2,0
1731696891,37,Snapper,2014188164022112077,22,2,1,19,0
1731852649,43,Clownfish,14518277449572454624,19,6,4,7,2
