1720420143,100,Jellyfish,17489030042317046642,18,6,2,10
1720420143,22,Pufferfish,11402790462109653053,17,5,2,2
1720420143,16,Trout,10214419696315389189,20,5,4,12
1720420143,77,Turtle,117111144909651616,19,2,4,4
1720420143,46,Eel,2570635382424980491,18,4,4,13
1720420143,31,Cod,4446241488921723338,20,3,2,20
1720420143,23,Pufferfish,2071386538179769970,20,6,4,9
1720420143,44,Clownfish,11538284169350863389,22,4,3,6
1720420143,1,Tilapia,6066417068731787519,17,2,3,10
1720420143,43,Clownfish,15719747355864526646,21,1,4,12
1720420143,5067,Pop-eyed goldfish,7326029341296475785,29,7,1,7
1720420143,98,Jellyfish,9913396883209220918,18,5,1,4
1720420143,54,Redgill,12885617636730134790,21,4,3,19
1720420143,53,Bluegill,2392344117738548262,15,5,3,14
1720420143,38,Snapper,5976070773329427928,20,3,1,4
1720420143,91,Golden Seahorse,1669362429839427006,17,6,5,17,7
1720420143,47,Eel,7573064960264795275,17,5,1,9,1
1720420143,2,Tilapia,15909452696696780293,19,6,4,13,1
1720420143,17,Spot Fish,2634437336850815241,15,3,1,8,0
1720420143,48,Electric Eel,12709102087409359620,27,6,4,20,3
1720420143,47,Eel,16244421748956487066,17,4,1,7,0
1720420143,80,Starfish,6857511337314346131,24,4,1,7,0
1720420143,34,Triple Tail,841231067719493688,18,1,1,3,0
1720420143,19,Trout,6117339672412007218,24,1,4,15,0
1720420143,77,Turtle,7027808699287675956,22,2,1,4,0
1720420143,55,Spearfish,18077156761757804320,22,3,2,11,0
1720420143,44,Clownfish,11798974008907860206,17,4,4,6,1
1720420143,77,Turtle,18188073344332384480,17,3,4,10,0
1720420143,5,Perch,13214110345413083958,22,6,4,5,3
1720420143,35,Triple Tail,12970285120158875133,16,7,2,21,0
1720420143,96,Octopus,13582425440657350645,23,5,3,12,0
1720420143,43,Clownfish,3831524669503906985,18,3,2,4,0
1720420143,70,Angel Fish,18281025417736240135,21,4,1,12,0
1720420143,19,Trout,6594468825447294902,21,6,1,1,0
1720420143,25,Catfish,1167362118173343472,17,4,3,13,0
1720420143,43,Clownfish,9330095671041610252,18,3,1,13,0
1720420143,30,Herring,8781005472549971599,24,4,3,16,0
1720420143,94,Lobster,14665738204505635911,32,3,4,9,0
1720420143,10,Sardine,17657209588459468395,15,5,1,15,0
1720420143,50,Damsel Fish,2621597460647278405,22,6,2,6,0
1720420143,68,Grouper,4663695892745417172,20,7,4,7,0
1720420143,43,Clownfish,3767499653385125248,18,4,4,12,1
1720420143,30,Herring,4873381861846824349,23,3,1,5,0
1720420143,90,Seahorse,5174541571084877346,26,3,2,4,0
1720420143,44,Clownfish,2348162705407105855,23,1,1,15,0
1720420143,45,Clownfish,17982123357469266406,33,5,2,3,9
1720420143,76,Mola Mola Fish,8328162439395252866,29,9,3,20,8
1720420143,18,Trout,11170290284116575055,29,7,2,18,9
1720420143,19,Trout,8163631181392793891,20,3,3,8,0
1720420143,14,Sardine,17638768504288149213,20,6,2,9,0
1720420143,1,Tilapia,17253522449528675882,15,5,3,3,0
1720420143,68,Grouper,12475743587720905001,26,2,3,21,0
1720420143,10,Sardine,2280638766614627310,12,3,2,8,0
1720420143,47,Eel,12180712359774120534,17,2,1,14,0
1720420143,93,Blue Lobster,14544905715290122745,26,4,2,7,0
1720420143,96,Octopus,8440448146997422113,28,9,5,9,15
1720420143,34,Triple Tail,11597637942239711098,19,2,4,8,0
1720420143,1,Tilapia,6663755238419993138,14,2,4,16,0
1720420143,33,Cod,12185170102994354019,24,3,4,14,0
1720420143,40,Anglerfish,12885462483176544836,20,1,1,19,0
1720420143,31,Cod,4961213713422050541,22,6,3,11,11
1720420143,90,Seahorse,14064969934610222170,16,5,4,7,0
1720420143,66,Piranha,17720730035747108387,29,4,1,16,5
