9,Bass,336810581554218058,23,5,3,8,2
2,Tilapia,17029706070206054592,15,2,2,9,0
37,Snapper,14815365270148195168,16,2,3,14,0
64,Piranha,12185224961009831325,16,2,3,20,0
22,Pufferfish,15151461098690042400,17,4,1,3,0
71,Angel Fish,5749160029589229502,18,2,3,6,1
2,Tilapia,12956556334074709256,12,4,3,17,0
52,Bluegill,727435180341458590,22,5,1,10,0
68,Grouper,15525588759125184673,25,5,4,17,3
32,Cod,16195690395816903850,23,2,3,1,0
4,Perch,5045274700026943577,17,1,4,3,0
2,Tilapia,4569509694320516723,23,3,3,14,0
61,Barracuda,6645630384518050002,21,1,1,18,0
70,Angel Fish,789426839829343682,19,3,3,2,0
32,Cod,14795261522128316196,18,5,3,8,3
