1720420143,89,Seahorse,2057937305885191200,19,1,3,15
1720420143,4,Perch,6865043384413151055,15,1,4,6
1720420143,51,Damsel Fish,16051213922225333563,21,3,3,13
1720420143,59,Salmon,567344682114744869,26,5,3,20
1720420143,32,Cod,2710608507010730563,14,5,2,5
1720420143,8,Bass,3228652694777100474,22,4,3,13
1720420143,29,Herring,2465757196993588122,24,4,1,1
1720420143,5029,{NULL}fish,1033662686773133285,100,0,0,0
1720420143,34,Triple Tail,15389348121691266706,19,2,4,2
1720420143,77,Turtle,10998407295965356688,21,5,3,16
1720420143,7,Bass,9165509365952275483,17,4,3,17
1720420143,34,Triple Tail,3832685287557002202,17,1,1,17
1720420143,5031,Boot,11202609730106432166,18,1,3,19
1720420143,32,Cod,13036545443720806402,22,5,4,7
1720420143,11,Sardine,4422264200390863874,13,5,3,4
1720420143,19,Trout,5366022574380496907,17,5,4,15
1720420143,3,Tilpia,9986168950800860309,23,1,4,14
1720420143,59,Salmon,5081639214923177513,25,3,4,4
1720420143,38,Snapper,9569068004982602974,17,5,3,11
1720420143,34,Triple Tail,13967367464485662687,20,6,2,9
1720420143,23,Pufferfish,8477384213714012459,19,5,4,1
1720420143,38,Snapper,13883896040842760892,16,2,4,6
1720420143,74,Mola Mola Fish,7364434167387062573,16,5,1,18
1720420143,5029,{NULL}fish,7050675340893248147,100,0,0,0
1720420143,1,Tilapia,592591396552280655,18,3,3,7
1720420143,62,Barracuda,9231859300288018537,20,2,3,12
1720420143,83,Crab,17097103259023612423,21,4,4,12,0
1720420143,5,Perch,8137531614652958268,22,5,4,2,2
1720420143,100,Jellyfish,2240523491594028788,22,2,1,20,0
1720420143,55,Spearfish,10288773486538940151,18,5,1,4,0
1720420143,35,Triple Tail,12539198050036342764,18,2,3,6,0
