1723285835,34,Triple Tail,10263601527316992098,20,6,2,3,1
1723285976,24,Pufferfish,2011825216959717946,23,2,3,9,1
1723286102,17,Spot Fish,1940826068263870191,15,3,1,1,0
1723286989,34,Triple Tail,17981619410951090946,19,6,4,2,0
1723287317,71,Angel Fish,7445548076760667146,25,4,2,3,2
1723287451,22,Pufferfish,13632937973914505237,17,6,3,13,0
1723287646,71,Angel Fish,15385652598253410014,21,1,4,4,0
1723287922,51,Damsel Fish,6038373618813639593,31,4,3,20,1
1723288559,39,Snapperfish,8863802461189888661,16,7,4,15,0
1723288834,68,Grouper,18279912797451246902,25,3,3,3,0
1723289079,61,Barracuda,6072909624517637465,17,6,3,14,3
1723289402,29,Herring,9388285996452587297,25,1,4,5,0
1723289679,34,Triple Tail,5030232234120101326,18,5,4,2,0
1723290115,47,Eel,4273766398010843323,17,4,4,20,0
1723290234,46,Eel,15380389467478920183,20,5,3,2,0
1723290423,40,Anglerfish,2563401166623315446,16,3,4,1,0
1723290561,92,Lobster,17403280090621887062,20,3,1,7,0
1723290691,99,Jellyfish,2872124674729458134,22,3,4,18,0
1723290814,3,Tilpia,15494571824682556661,18,4,1,15,0
1723290939,47,Eel,12196094240149161519,19,6,1,2,0
1723291065,61,Barracuda,113622295294901255,18,2,2,7,0
1723291982,5031,Boot,55983264684103128,20,6,2,12,0
1723292117,3,Tilpia,6548838316588226141,21,3,1,10,0
1723292249,13,Sardine,14865654484415969059,19,1,1,11,0
1723292381,14,Sardine,4193620249278656535,22,5,1,3,0
1723293393,96,Octopus,14395732716192329816,27,6,3,5,3
1723294326,31,Cod,12996798521977810158,24,1,3,5,0
1723294501,4,Perch,4176622608240404908,16,4,1,11,0
