1720420143,71,Angel Fish,4860484260603224271,20,1,4,9
1720420143,29,Herring,8591932875553734223,23,5,1,15
1720420143,29,Herring,17622895728788423304,22,1,4,4
1720420143,13,Sardine,3885730615217945034,22,6,3,15
1720420143,13,Sardine,379779339009539500,22,5,1,19
1720420143,74,Mola Mola Fish,8364419192557150134,21,5,4,19
1720420143,76,Mola Mola Fish,5000276052354255886,19,6,6,18
1720420143,34,Triple Tail,14210791477229479769,20,3,3,20
1720420143,10,Sardine,6456834521076581242,25,1,4,19
1720420143,72,Angelfish,17399085588269148093,20,7,2,18
