1720420143,11,Sardine,12933113080031858019,17,6,3,1
1720420143,104,Boot,2349979620689843908,18,5,2,18
1720420143,23,Pufferfish,15121355225780057869,25,6,2,20
1720420143,103,{NULL}fish,7296165117165965601,100,0,0,0
1720420143,28,Anchovy,3814607051583493197,21,4,3,4
1720420143,72,Angelfish,16690590822187580550,24,5,1,8
1720420143,16,Trout,3075566320222118989,19,2,4,14
1720420143,98,Jellyfish,12981992284493718954,30,4,1,14
1720420143,74,Mola Mola Fish,5997290580530117185,19,4,3,16
1720420143,14,Sardine,6654367385229927548,17,3,2,6
1720420143,3,Tilpia,4210005504523546362,23,5,3,4
1720420143,21,Trout,609194270197372307,29,6,3,14
1720420143,34,Triple Tail,3683618080889179838,19,2,1,13
1720420143,37,Snapper,3861206935582814778,18,6,2,13
1720420143,16,Trout,11482200070670324681,13,5,2,4
1720420143,1,Tilapia,2492064214578629755,22,6,2,10
1720420143,29,Herring,7131118508210244414,22,1,1,5
1720420143,5059,Great white shark,4562472014222340062,28,3,1,17
1720420143,102,Axolotl,4993665494267083712,26,8,4,11
1720420143,68,Grouper,412630653140721411,27,5,2,18
1720420143,44,Clownfish,8607660724999000667,24,3,3,7
1720420143,10,Sardine,14976114719901111826,19,6,3,12
1720420143,40,Anglerfish,2700028483968118872,23,3,1,20
1720420143,20,Trout,14272269547131266599,32,4,3,11
1720420143,60,Green Salmon,8454982076142423577,32,5,2,5
1720420143,22,Pufferfish,2483773607376270,16,5,2,8
1720420143,14,Sardine,9719945329878224150,22,1,4,14
1720420143,40,Anglerfish,5421212236489923734,16,3,3,17
1720420143,87,Shrimp,2570390485260185279,28,4,2,2
1720420143,89,Seahorse,11952096541338306970,20,6,4,4
1720420143,68,Grouper,2291782542210044855,25,4,4,11
1720420143,77,Turtle,16822119664691911684,19,5,4,10
1720420143,69,Grouper,3165912962697054093,18,4,1,12
1720420143,69,Grouper,7957359549986165520,18,2,4,18
1720420143,8,Bass,4246448296650566243,17,1,2,8
1720420143,53,Bluegill,17309042006164396222,19,2,2,5
1720420143,27,Catfish,9285423400189033246,17,3,1,17
1720420143,5010,Blahaj,14528180038722684258,29,7,6,19
1720420143,54,Redgill,16750624452978624315,30,4,1,4
1720420143,77,Turtle,6923978346537195816,16,6,1,12
1720420143,35,Triple Tail,7909942148957261907,22,4,1,6
1720420143,44,Clownfish,12124442510304914711,20,3,3,13
1720420143,16,Trout,4883086190341490783,14,4,2,2
1720420143,7,Bass,17599267804392534129,22,1,1,17
1720420143,16,Trout,9678708087957117469,23,5,3,19
1720420143,40,Anglerfish,1826188412872626240,18,3,2,9
1720420143,3,Tilpia,1830946597700312796,17,3,4,16
1720420143,16,Trout,598023645585874443,14,5,4,17
1720420143,81,Starfish,12705507133525226788,25,2,3,8
1720420143,7,Bass,16263164831678866746,18,3,4,11
1720420143,16,Trout,14533016454328096206,18,6,3,7
1720420143,81,Starfish,8818050823142017845,16,4,1,14
1720420143,59,Salmon,12408530926522301017,13,2,3,12
1720420143,60,Green Salmon,7584988019232340717,21,4,1,17
1720420143,32,Cod,1390726334322782298,22,3,2,19
1720420143,62,Barracuda,16171267846830587502,16,4,3,2
1720420143,37,Snapper,8422576185499214835,20,5,2,11
1720420143,5,Perch,15610576774399780033,17,2,2,7
1720420143,15,Spotfish,3764390208403703391,28,7,3,12
1720420143,4,Perch,9888941533043116235,17,3,3,14
1720420143,78,Turtle,14979317332147402151,22,7,2,5
1720420143,31,Cod,10258433813658287511,21,4,3,6
1720420143,3,Tilpia,14872697087344142273,22,6,2,4
1720420143,77,Turtle,13371610219845454920,20,2,1,3
1720420143,9,Bass,11982416364002556591,20,6,3,21
1720420143,74,Mola Mola Fish,8920749717184905813,22,4,1,5
1720420143,19,Trout,2348845683162933032,16,4,4,2
1720420143,68,Grouper,7977314122120398792,29,5,2,21
1720420143,17,Spot Fish,5945991619553958665,21,6,1,5
1720420143,4,Perch,12960774079108006243,22,1,4,2
1720420143,4,Perch,2850375288225496153,21,2,1,13
1720420143,4,Perch,3921440408071786452,20,2,3,4
1720420143,11,Sardine,5858034224821189671,22,1,3,9
1720420143,41,Anglerfish,1807857443776116873,31,7,1,11
1720420143,1,Tilapia,9780462689816230354,16,6,1,7
1720420143,32,Cod,6768567290482594637,19,6,3,18
1720420143,4,Perch,17960286324077827495,20,3,4,2
1720420143,15,Spotfish,2087432485416796195,23,6,3,6
1720420143,31,Cod,16145819068477459768,20,6,3,8
1720420143,50,Damsel Fish,13416028439048462203,19,1,3,14
1720420143,55,Spearfish,4326952045466253666,19,3,2,12
1720420143,25,Catfish,5162158389652838648,12,4,4,13
1720420143,19,Trout,13151828694002573682,18,5,3,18
1720420143,5059,Great white shark,11171902098847998698,30,3,4,17
1720420143,15,Spotfish,10419915231800781560,34,6,1,4
1720420143,79,Turtle,16343866123546121954,20,5,6,6
1720420143,105,GamerPieJess fish,18192741209478055607,28,3,1,4
1720420143,55,Spearfish,6072366178401170225,21,4,1,16
1720420143,74,Mola Mola Fish,11147789323759704031,18,4,3,18
1720420143,44,Clownfish,12562975297936873809,26,1,4,14
1720420143,13,Sardine,6728769864384000123,24,6,2,8
1720420143,13,Sardine,2517679129447134422,13,6,4,17
1720420143,65,Piranha,17888637460560668055,20,4,3,10
1720420143,17,Spot Fish,10666514828240944742,20,2,2,9
1720420143,48,Electric Eel,16004755417962903155,32,4,1,7
1720420143,76,Mola Mola Fish,14774773158189829704,29,8,4,6
1720420143,50,Damsel Fish,17483536312825297274,19,6,2,14
1720420143,28,Anchovy,4449231851754982850,20,2,3,5
1720420143,71,Angel Fish,8492742365279227452,13,6,1,14
1720420143,71,Angel Fish,2324478824785603387,20,4,3,3
1720420143,14,Sardine,5192171134165658078,17,5,4,4
1720420143,22,Pufferfish,12141875126729100473,15,6,4,8
1720420143,37,Snapper,3156900415070940495,19,3,3,2
1720420143,90,Seahorse,6617740213568933432,25,3,2,19
1720420143,22,Pufferfish,7778994170737176497,16,5,4,14
1720420143,46,Eel,656294524173633750,22,2,2,6
1720420143,46,Eel,12462239688267767769,24,2,1,16
1720420143,9,Bass,5233435138220003974,23,2,2,2
1720420143,11,Sardine,5845612442774013683,22,1,4,13
1720420143,28,Anchovy,11287107353529590653,18,4,2,18
1720420143,74,Mola Mola Fish,9442561048880149653,22,2,1,13
1720420143,54,Redgill,12017527086335881360,22,5,4,8
1720420143,7,Bass,1882384692068321495,15,1,3,11
1720420143,11,Sardine,14135677583550423263,13,6,2,14
1720420143,76,Mola Mola Fish,3887096321965707062,27,5,2,6
1720420143,3,Tilpia,13646178996769417687,16,2,3,6
1720420143,90,Seahorse,7973340689585708380,22,7,2,5
1720420143,102,Axolotl,12016562326352028270,26,9,3,13
1720420143,38,Snapper,13824070348022312955,15,2,4,3
1720420143,1,Tilapia,11530159863606081648,23,4,4,14
1720420143,14,Sardine,759536004045101050,22,1,1,17
1720420143,55,Spearfish,18195365913379776442,17,4,4,13
1720420143,60,Green Salmon,3544596512503516588,28,3,4,14
1720420143,71,Angel Fish,10601062039762968953,16,2,1,19
1720420143,50,Damsel Fish,15339921435182648078,20,4,3,3
1720420143,43,Clownfish,9424315705422297671,23,4,1,12
1720420143,51,Damsel Fish,6095566601758160566,19,3,1,20
1720420143,90,Seahorse,15415480775197548964,24,7,4,21
1720420143,87,Shrimp,12989258545810335351,24,3,4,20
1720420143,101,Red Handfish,481163486652017512,27,5,6,15
1720420143,5059,Great white shark,17767780578931677496,24,6,2,5
1720420143,31,Cod,12530062747242613142,19,2,3,17
1720420143,17,Spot Fish,7552765895041480484,16,2,3,14
1720420143,93,Blue Lobster,13853658963849536588,26,2,1,2
1720420143,10,Sardine,6367240372295631840,17,3,3,7
1720420143,5,Perch,4943110623243112628,23,5,4,7
1720420143,16,Trout,2183765866251099957,15,4,4,11
1720420143,40,Anglerfish,13397248175889856413,20,5,2,10
1720420143,50,Damsel Fish,11699038600175356347,17,6,1,16
1720420143,8,Bass,2711685513895116161,13,3,3,12
1720420143,77,Turtle,5568699791057986936,24,2,2,16
1720420143,4,Perch,773130850338528418,15,6,2,16
1720420143,84,Crab,11826176124643849927,30,6,2,3
1720420143,44,Clownfish,15519339065220455799,23,2,3,1
1720420143,37,Snapper,8222830932569555377,16,4,4,18
1720420143,35,Triple Tail,15237095326302499200,26,6,4,16
1720420143,17,Spot Fish,8569245450395082898,17,1,3,5
1720420143,69,Grouper,9672549604291704741,16,6,3,18
1720420143,25,Catfish,16223307471793497608,19,1,3,10
1720420143,65,Piranha,12343145213513118001,12,6,1,18
1720420143,23,Pufferfish,13749858702799238475,15,6,1,6
1720420143,72,Angelfish,5690358715023542148,29,7,4,3
1720420143,44,Clownfish,156459739620147636,25,4,1,13
1720420143,69,Grouper,13275502210403109882,19,5,1,19
1720420143,81,Starfish,17825149618124061079,16,1,2,13
1720420143,77,Turtle,16736801400826548461,17,3,4,14
1720420143,10,Sardine,14885937879553646808,21,2,1,18
1720420143,30,Herring,9678548807307129371,21,6,4,18
1720420143,5,Perch,445095198461856681,19,6,1,6
1720420143,17,Spot Fish,2633275655747138806,19,4,2,3
1720420143,5,Perch,1604145220937710096,17,3,1,15
1720420143,69,Grouper,6031621742416494573,25,4,3,2
1720420143,71,Angel Fish,10933163839786768991,19,2,3,14
1720420143,84,Crab,10763056863201891214,22,2,1,21
1720420143,59,Salmon,3247023767217736272,18,2,4,11
1720420143,81,Starfish,6979209787814588733,18,2,1,13
1720420143,13,Sardine,523367769191454934,14,5,3,4
1720420143,55,Spearfish,17085554788391877152,18,6,3,19
1720420143,32,Cod,15916834823597099075,15,1,1,18
1720420143,40,Anglerfish,3260822207741138360,19,3,2,11
1720420143,38,Snapper,11880805048895377936,19,1,4,8
1720420143,104,Boot,15202344133123719615,18,1,4,3
1720420143,7,Bass,16163403587625393908,21,5,3,11
1720420143,32,Cod,8254136187379332739,20,2,2,20
1720420143,95,Octopus,18128569069510936682,19,6,4,15
1720420143,46,Eel,12405306644469066125,24,6,3,6
1720420143,44,Clownfish,2917590644569292109,16,3,1,9
1720420143,77,Turtle,7299660382175522676,16,6,2,19
1720420143,46,Eel,6386087686268501295,13,3,2,13
1720420143,23,Pufferfish,16305002202467430602,18,6,4,11
1720420143,43,Clownfish,16044865443384447585,18,5,4,19
1720420143,14,Sardine,1816977067348610939,17,5,1,15
1720420143,13,Sardine,6892316310045750527,25,6,4,19
1720420143,17,Spot Fish,2560594159887281008,22,2,3,1
1720420143,4,Perch,8344156992750668051,21,5,1,16
1720420143,17,Spot Fish,13088387904632319408,19,1,4,3
1720420143,40,Anglerfish,5993195756429837736,13,1,1,20
1720420143,56,Spearfish,14118302861680054228,24,6,4,19
1720420143,78,Turtle,4666263758694771359,24,6,4,16
1720420143,28,Anchovy,14081348620555498681,18,5,4,18
1720420143,38,Snapper,6704993603116553179,21,2,3,14
1720420143,9,Bass,10374949966998121412,28,3,4,13
1720420143,8,Bass,3801097627237021831,15,5,3,6
1720420143,65,Piranha,14743850941276430290,24,4,1,9
1720420143,19,Trout,10288185302538065719,25,4,4,1
1720420143,9,Bass,15979185446407078019,27,6,4,14
1720420143,65,Piranha,17348723964199599463,26,4,3,10
1720420143,87,Shrimp,11169056725855251950,23,4,2,15
1720420143,35,Triple Tail,8290852827890501172,29,5,3,7
1720420143,19,Trout,13103195383868995538,21,6,3,3
1720420143,9,Bass,16902884788526550476,27,7,1,19
1720420143,97,Golden Takoyaki,16316943212099187380,34,5,6,6
1720420143,7,Bass,6734389509107413781,15,3,4,16
1720420143,72,Angelfish,17968833362787688849,29,3,2,20
1720420143,8,Bass,13722809685973933043,26,2,1,2
1720420143,4,Perch,4079648846016038255,18,4,2,4
1720420143,25,Catfish,9895662327924266544,22,2,2,12
1720420143,40,Anglerfish,4292018929282090412,22,1,3,12
1720420143,43,Clownfish,2375278048590587077,17,3,4,16
1720420143,81,Starfish,4774973743984079050,14,2,2,7
1720420143,81,Starfish,2103443831552481913,16,3,3,16
1720420143,40,Anglerfish,5352935273505632103,14,3,4,6
1720420143,47,Eel,16958487152632430194,18,1,1,9
1720420143,22,Pufferfish,1122060749935688830,21,5,3,16
1720420143,22,Pufferfish,14663416915756971202,19,3,4,7
1720420143,38,Snapper,3849745331350346096,16,1,3,10
1720420143,41,Anglerfish,13109993462376962135,30,4,2,9
1720420143,16,Trout,6297633379642995286,12,6,2,9
1720420143,32,Cod,13267575507083015807,14,6,4,11
1720420143,40,Anglerfish,5733967286220556872,22,2,4,17
1720420143,28,Anchovy,17982763464353246301,25,6,2,4
1720420143,17,Spot Fish,3069714388828794526,14,2,3,17
1720420143,87,Shrimp,2890541590763820333,21,7,2,4
1720420143,50,Damsel Fish,5427550081781196958,23,5,3,18
1720420143,38,Snapper,10581495603695268023,15,1,2,10
1720420143,36,Triple Tail,5094414199399113511,29,7,2,4
1720420143,1,Tilapia,14097839095235771047,24,2,3,5
1720420143,7,Bass,16505344555645369030,19,6,2,2
1720420143,93,Blue Lobster,3047342467084856786,32,7,3,2
1720420143,21,Trout,13489241231740669637,21,6,2,19
1720420143,33,Cod,7307606940246603451,25,5,3,13
1720420143,31,Cod,7805867475697236645,17,5,2,17
1720420143,26,Catfish,4448089464877774732,19,6,3,21
1720420143,50,Damsel Fish,14386548921819542684,19,1,3,12
1720420143,32,Cod,18118612869080795746,20,1,4,7
1720420143,93,Blue Lobster,6426293000626908586,23,3,4,20
1720420143,59,Salmon,18300672129341104277,23,1,4,2
1720420143,59,Salmon,11525394534795178932,19,1,4,5
1720420143,38,Snapper,16924979586540831271,25,2,2,13
1720420143,74,Mola Mola Fish,15809930434170438959,18,6,3,17
1720420143,50,Damsel Fish,2204728196252312037,20,2,3,7
1720420143,40,Anglerfish,18428901133798315826,17,3,4,20
1720420143,8,Bass,3022811769794933084,22,3,1,6
1720420143,50,Damsel Fish,1861743110051688379,19,5,4,5
1720420143,62,Barracuda,10379542628767135693,19,5,2,3
1720420143,20,Trout,8381384410200836676,17,2,3,16
1720420143,68,Grouper,13801297202549950566,29,6,4,3
1720420143,3,Tilpia,6601453568566458034,20,1,2,1
1720420143,59,Salmon,797381273154474969,19,2,2,10
1720420143,8,Bass,9762535587285212255,18,1,2,2
1720420143,29,Herring,16025368095993102404,15,2,1,7
1720420143,37,Snapper,15670264363157705158,18,5,3,9
1720420143,59,Salmon,5280845572197529605,23,4,3,5
1720420143,31,Cod,11932416940100111052,17,3,3,10
1720420143,38,Snapper,8076145335451205868,21,6,3,11
1720420143,82,Starfish,8296134001247461699,25,4,2,4
1720420143,44,Clownfish,5301050473619388085,21,2,2,12
1720420143,40,Anglerfish,8899557861700481904,18,6,2,4
1720420143,4,Perch,9196548456354803905,21,4,1,3
1720420143,7,Bass,4625981384551446973,22,5,2,16
1720420143,29,Herring,11133654337455735290,18,2,3,13
1720420143,16,Trout,550591581302327168,20,5,1,8
1720420143,77,Turtle,8445308030634887135,18,2,2,8
1720420143,104,Boot,10697377973434547511,18,5,1,8
1720420143,7,Bass,1410317838587517211,22,5,4,9
1720420143,65,Piranha,14736617368603728537,14,4,2,18
1720420143,37,Snapper,2650451876981444377,22,1,2,20
1720420143,1,Tilapia,9279323050204420135,18,6,4,10
1720420143,46,Eel,8220630666661954777,20,2,3,6
1720420143,16,Trout,14651137112356962724,26,5,1,19
1720420143,28,Anchovy,3461601597675790580,19,2,3,8
1720420143,31,Cod,560430327728453625,18,6,2,18
1720420143,20,Trout,13643355695479099125,24,3,1,14
1720420143,5,Perch,14862688181525260015,22,3,4,10
1720420143,46,Eel,14697088978362904749,20,6,2,8
1720420143,10,Sardine,15057053197095983872,14,4,4,3
1720420143,71,Angel Fish,17431517772083413278,19,6,2,13
1720420143,7,Bass,13327005579252009992,26,1,4,20
1720420143,53,Bluegill,13477442898142811894,21,4,3,15
1720420143,7,Bass,17226617004719405084,19,6,4,14
1720420143,94,Lobster,5156766902467386143,26,7,1,10
1720420143,11,Sardine,13874502260661735081,19,4,3,18
1720420143,43,Clownfish,5926110946951002212,12,6,4,17
1720420143,90,Seahorse,12691330719552355851,31,5,4,9
1720420143,93,Blue Lobster,15682166236243042276,23,7,3,7
1720420143,81,Starfish,17046510545604522069,16,4,1,11
1720420143,30,Herring,13831000690227712734,16,1,3,10
1720420143,65,Piranha,16364706856443638915,19,5,3,6
1720420143,104,Boot,8217091854502875587,16,2,1,8
1720420143,32,Cod,12773491216304896986,15,1,3,19
1720420143,10,Sardine,13734692467343402488,14,2,2,7
1720420143,46,Eel,12402852314522334544,24,5,1,10
1720420143,38,Snapper,1310694567405587685,22,2,4,9
1720420143,5,Perch,2365396742934991954,20,3,2,2
1720420143,37,Snapper,7322766664566155153,15,1,4,6
1720420143,13,Sardine,17576153769224100990,19,6,3,8
1720420143,82,Starfish,7230802138398727950,20,7,3,5
1720420143,53,Bluegill,2538214561911615586,24,3,3,8
1720420143,1,Tilapia,12727736177405765172,18,1,4,10
1720420143,89,Seahorse,15100043481702674904,19,5,4,11
1720420143,10,Sardine,9491375444282962792,23,5,2,16
1720420143,100,Jellyfish,16518875393777004849,23,3,4,12
1720420143,16,Trout,12739348751506966131,26,6,1,14
1720420143,89,Seahorse,9919215638391449118,19,5,4,10
1720420143,81,Starfish,7362630518730484702,23,1,4,16
1720420143,23,Pufferfish,13844152399932432948,13,5,3,14
1720420143,4,Perch,10007472287380429209,19,4,3,4
1720420143,7,Bass,6663955280652321845,16,6,4,17
1720420143,65,Piranha,16654912692961083594,13,1,4,18
1720420143,37,Snapper,304985837888864518,19,3,3,14
1720420143,84,Crab,2611245527205504643,24,7,2,5
1720420143,28,Anchovy,594357149876447680,24,1,1,15
1720420143,75,Mola Mola Fish,15681007517991061011,27,6,1,20
1720420143,25,Catfish,4947754860087061459,18,5,2,20
1720420143,93,Blue Lobster,7206152473972591814,26,6,3,13
1720420143,69,Grouper,18418456503245799883,19,3,3,13
1720420143,50,Damsel Fish,10757267439133007384,20,4,2,8
1720420143,47,Eel,10804355431403545970,19,6,4,18
1720420143,39,Snapperfish,14324951923986451708,28,6,2,9
1720420143,62,Barracuda,9047528571439657573,19,5,2,18
1720420143,35,Triple Tail,1018589766413983883,20,7,1,7
1720420143,44,Clownfish,5773420091122159048,22,5,2,6
1720420143,17,Spot Fish,15950070673617436218,21,5,2,6
1720420143,48,Electric Eel,15364947874012892304,20,4,3,17
1720420143,53,Bluegill,5208933499911878096,26,5,1,15
1720420143,72,Angelfish,2032205379446723084,28,7,4,5
1720420143,40,Anglerfish,9376615110048390039,26,3,2,5
1720420143,28,Anchovy,10305809394632424132,20,4,3,5
1720420143,17,Spot Fish,14920178951298362174,23,5,1,7
1720420143,8,Bass,5309740379635805825,24,3,4,13
1720420143,5,Perch,4906462810004056181,15,3,1,12
1720420143,24,Pufferfish,2278117676676594826,32,5,1,12
1720420143,44,Clownfish,15046259666937367097,13,2,4,20
1720420143,55,Spearfish,11461631353879367251,17,4,4,13
1720420143,44,Clownfish,16038483226193953811,18,6,2,5
1720420143,68,Grouper,4026970362726369286,27,4,2,7
1720420143,43,Clownfish,11867149393135683330,17,4,2,4
1720420143,44,Clownfish,7933157438831400559,16,5,1,14
