1720420143,59,Salmon,8152191061009009704,14,6,1,19,0
1720420143,60,Green Salmon,3297466241624869586,29,6,2,14,19
1720420143,11,Sardine,13601377544647439642,17,6,4,13,0
1720420143,13,Sardine,11054050098255043964,18,1,3,20,0
1720420143,65,Piranha,14655017597674867861,15,6,3,4,0
1720420143,83,Crab,6509438512428923524,21,5,2,1,4
1720420143,13,Sardine,7204013641635111803,19,1,4,1,0
1720420143,13,Sardine,5350045677855151286,17,6,4,2,0
1720420143,28,Anchovy,16696951504583782042,21,5,3,15,0
1731594200,37,Snapper,15822180772404694313,19,5,3,9,0
1731594348,3,Tilpia,11887694599803677164,19,6,2,9,0
1731594532,2,Tilapia,6432319983010115894,14,1,3,8,0
1731595029,74,Mola Mola Fish,16919120114178807208,18,5,3,13,0
1731595192,11,Sardine,8036983171884409371,15,6,1,12,0
1731595662,1,Tilapia,2957380851977159525,19,2,3,14,0
1731596305,48,Electric Eel,16592136500529083133,21,5,1,19,0
1731596967,20,Trout,5342146823330694691,30,5,3,18,3
1731597128,78,Turtle,3103417698905429141,27,3,4,5,0
1731598159,92,Lobster,18172205150561717145,19,5,3,17,4
1731598439,61,Barracuda,15108807361924239529,18,4,4,10,0
1731598590,35,Triple Tail,9972466700610725810,29,3,4,7,0
1731598916,43,Clownfish,15329411258957987970,18,3,4,12,0
1731599122,61,Barracuda,4864257065945846317,18,6,1,5,0
1731599395,7,Bass,3280623118739574612,23,2,1,14,0
1731599532,24,Pufferfish,18068354264446345236,28,4,3,11,3
1731599945,40,Anglerfish,6453337377547532615,20,6,3,12,3
1731600169,41,Anglerfish,16487587211370987168,16,6,4,16,2
1731600372,66,Piranha,9472269864444711342,25,4,4,19,8
1731600887,67,Grouper,5598930065526037337,15,4,3,20,0
1731602342,61,Barracuda,14694190266087423968,18,2,4,19,0
1731603295,31,Cod,16863374931815581486,17,6,3,17,0
