17,Spot Fish,8492764451894272314,25,2,3,17,0
95,Octopus,16276851651605587297,25,6,1,16,0
86,Shrimp,7458626147458525161,20,6,3,13,2
47,Eel,12825005631663376717,19,1,3,20,0
32,Cod,9288702204920543229,17,4,3,9,0
54,Redgill,14525151732594068405,22,7,1,13,0
32,Cod,12845655377185659807,17,6,4,17,0
3,Tilpia,10267021869528783954,16,3,4,19,0
5031,Boot,408598274604535072,19,1,2,9,0
46,Eel,15193113710178951020,18,4,4,19,2
16,Trout,8663040283307866286,19,1,2,5,0
40,Anglerfish,14027867883289272374,16,6,2,16,2
70,Angel Fish,610752725497811457,13,3,2,20,0
31,Cod,7945726662363124547,19,6,1,8,0
37,Snapper,209885211247996971,16,2,3,1,0
35,Triple Tail,15047895609086621957,24,6,1,19,0
92,Lobster,8815609270552543894,21,3,3,6,0
70,Angel Fish,14004710619347003957,16,6,1,10,0
64,Piranha,3930454682213437160,19,1,3,15,0
68,Grouper,9062062169912169769,27,3,4,9,2
46,Eel,11787160285267156218,16,2,3,19,0
96,Octopus,2077604351941147149,25,10,3,9,10
40,Anglerfish,14620164012892335132,19,2,4,19,0
19,Trout,9329438251051424067,15,3,1,18,0
32,Cod,12604246653292840636,24,5,3,5,0
82,Starfish,7757703155651814173,28,6,2,7,9
43,Clownfish,16303371209843000352,18,6,2,5,0
15,Spotfish,2632200546207725473,27,4,1,9,2
56,Spearfish,17639826814229590172,23,4,3,17,0
39,Snapperfish,2745497774996052634,16,7,1,17,0
5031,Boot,3477199746858125141,16,4,4,7,0
30,Herring,17514842645526858138,26,2,1,4,0
2,Tilapia,1378478602190893198,25,5,4,16,3
36,Triple Tail,18177960680980936074,20,5,3,5,0
2,Tilapia,1219819485676149189,26,5,4,11,0
14,Sardine,8621856008877897895,17,2,1,8,0
6,Perch,4410163887811617254,29,4,2,19,2
72,Angelfish,13377747584127686814,28,3,1,8,3
9,Bass,1811411454648653920,30,6,3,20,15
90,Seahorse,1000843445652436224,25,2,3,19,0
63,Barracuda,7307857566663201205,26,7,2,5,19
64,Piranha,15844573400498963300,24,3,3,5,2
58,Salmon,10690712489971670531,20,4,3,7,1
55,Spearfish,2434281189575659590,18,5,2,20,1
46,Eel,12423812175119779715,25,3,2,3,0
25,Catfish,18008912139026289264,14,1,3,18,0
3,Tilpia,7041112093151636303,18,5,3,15,0
59,Salmon,16106365841869406615,20,1,2,8,0
47,Eel,16141614536434259828,16,3,1,19,0
43,Clownfish,16830927564393032936,15,1,2,11,0
28,Anchovy,386877088553377332,16,1,3,15,0
2,Tilapia,471100825361394136,17,3,3,14,0
85,Golden King Crab,10220253526788747407,30,7,6,9,12
3,Tilpia,5859087994743393213,21,3,2,20,0
47,Eel,15523720498023038140,25,2,3,7,0
5,Perch,3328647694105691730,22,3,2,5,1
14,Sardine,12095111524289783159,17,6,4,6,0
74,Mola Mola Fish,8994107533945004252,25,5,2,16,0
8,Bass,17559455464503575049,19,5,2,4,0
38,Snapper,15494797406834377938,13,6,3,17,2
8,Bass,916734709145528222,24,1,4,14,0
7,Bass,2574519105082709060,19,6,3,15,0
38,Snapper,8368868700936751398,22,5,3,20,0
71,Angel Fish,7810905427796610730,24,3,1,17,0
40,Anglerfish,16663116758878319254,24,1,4,12,0
2,Tilapia,2480042852472255935,14,1,4,11,0
37,Snapper,10066509710496554311,21,3,4,8,0
65,Piranha,10923833082178001417,16,4,4,16,0
11,Sardine,18325397260909400040,20,3,1,15,0
92,Lobster,8197167920537642953,19,1,1,15,0
2,Tilapia,12265504053031986811,22,6,3,10,1
23,Pufferfish,13839626919670048933,22,6,4,19,2
64,Piranha,332635012004545120,17,4,2,4,0
37,Snapper,5129203624355263879,20,6,2,15,0
23,Pufferfish,12732054424361603877,22,3,4,16,0
77,Turtle,9943829782839487833,23,1,3,11,0
16,Trout,10765299087424709544,23,6,4,5,0
5,Perch,927258369297453624,18,5,1,15,0
70,Angel Fish,14600674486129412713,21,3,4,5,0
8,Bass,369155441178428600,17,1,3,7,0
3,Tilpia,13673455740919866725,21,4,1,11,0
58,Salmon,2349318250958526156,16,3,4,10,0
26,Catfish,1938693504872789487,25,7,1,11,5
75,Mola Mola Fish,410631588000791808,24,6,4,14,7
65,Piranha,13189008469616535095,20,3,1,17,0
60,Green Salmon,4929735426199574411,28,3,4,4,0
17,Spot Fish,1304830688273160461,17,6,1,17,5
8,Bass,9690176528135231873,22,6,2,2,3
61,Barracuda,7219746553458833589,18,2,4,16,0
1,Tilapia,1710555574646802901,24,1,2,6,0
80,Starfish,7465894054331637884,15,3,4,8,0
47,Eel,10284562763191879283,19,5,4,5,0
87,Shrimp,9420893969177576055,23,2,1,19,0
67,Grouper,1670631548514640391,21,5,4,16,6
31,Cod,11238752080604226833,16,1,3,20,0
62,Barracuda,476849525783699361,20,3,4,20,0
92,Lobster,801189993229421141,20,5,3,9,0
74,Mola Mola Fish,17406939586183683590,19,1,2,4,0
69,Grouper,11999237072889962813,20,3,2,1,0
29,Herring,2987885571237938163,22,3,3,5,0
47,Eel,5266053612997427708,20,1,3,15,0
33,Cod,18284735544483864306,25,7,3,13,5
44,Clownfish,3599729918073571949,15,5,4,20,0
58,Salmon,3371696563400493006,21,6,3,7,0
32,Cod,16091617478090725046,16,5,3,20,1
54,Redgill,14203457397552725682,23,2,4,21,0
23,Pufferfish,13833977285993814337,14,1,4,17,0
83,Crab,9164918862846263987,17,3,2,17,0
40,Anglerfish,12501680345736915509,17,4,4,18,0
7,Bass,8229933330416900612,20,6,3,10,0
46,Eel,14707077948519786840,19,6,2,20,0
99,Jellyfish,1188049511519443195,23,5,3,16,8
89,Seahorse,463875789887466437,20,3,2,3,0
93,Blue Lobster,12216474406705054624,27,6,3,2,4
83,Crab,10698963786276883040,13,5,3,4,0
70,Angel Fish,3233699642362794624,21,5,4,1,0
86,Shrimp,13305696591334576604,13,3,3,10,0
67,Grouper,13445450694267404852,21,5,1,7,0
87,Shrimp,1137543602206149054,31,3,2,15,1
16,Trout,2369866281990365793,19,4,2,14,0
52,Bluegill,4665707914693973215,21,2,4,9,0
16,Trout,12258997413079760000,17,5,1,14,0
47,Eel,9222579794602096201,19,2,4,13,0
19,Trout,13110379467089199326,18,3,1,9,0
62,Barracuda,6067753646935746016,23,3,3,16,0
69,Grouper,6416126970384861973,13,3,1,8,0
81,Starfish,9319119757564657524,14,5,1,19,0
83,Crab,16167618618012101536,18,3,3,13,0
49,Damsel Fish,6122768227837337841,25,5,4,19,0
47,Eel,1313653529136337061,25,3,2,7,0
9,Bass,5053675294700211695,21,3,1,6,0
52,Bluegill,12928781482149465515,17,6,2,15,0
49,Damsel Fish,4346287670612420894,20,1,3,2,0
11,Sardine,3439783355683243823,17,5,3,5,0
43,Clownfish,16156018750484252846,19,4,4,5,0
30,Herring,17514490727299205623,26,1,2,7,0
16,Trout,11553357419603712437,21,4,1,13,0
7,Bass,7856519519890425126,18,6,2,5,0
12,Sardine,15303635708507510867,30,3,2,15,0
14,Sardine,1681735937060199164,25,3,2,5,0
53,Bluegill,7272646574705877351,21,5,3,1,3
100,Jellyfish,12770018873512788698,31,2,4,5,0
57,Spearfish,9911951138711833873,18,4,1,16,0
36,Triple Tail,7200350889180694220,25,3,4,15,1
71,Angel Fish,3330478139273075903,18,2,4,6,0
45,Clownfish,1657608817345005312,32,2,1,10,0
99,Jellyfish,9506606192973991335,14,5,1,20,0
49,Damsel Fish,11175507883942004688,14,2,3,18,0
40,Anglerfish,6876731263453256627,19,6,2,1,0
94,Lobster,4953769304696295918,26,7,2,13,2
67,Grouper,9634620323354772828,13,5,1,14,0
67,Grouper,9044658122223109091,18,5,1,9,2
47,Eel,17572455852529108320,19,1,2,11,0
62,Barracuda,15358552838670786783,20,6,3,1,5
16,Trout,13800584533330947924,24,6,1,11,2
70,Angel Fish,5530159097146991787,13,6,2,19,0
56,Spearfish,8133920384581469105,25,7,1,5,14
23,Pufferfish,15852491132245012070,20,3,2,8,0
77,Turtle,18120830796810439507,16,5,2,5,0
17,Spot Fish,15778051710772817073,15,6,2,15,0
19,Trout,6657002867142319990,15,5,2,5,0
5031,Boot,64320926761350146,21,3,2,7,0
43,Clownfish,17116445576592098550,22,1,1,16,0
50,Damsel Fish,8752535098735166629,18,2,3,17,1
46,Eel,531350322789191990,19,3,4,4,0
42,Anglerfish,9614466813486186404,16,2,1,16,0
21,Trout,18065793324777063551,29,6,1,16,2
5026,GamerPieJess fish,12717304576124120800,33,4,2,20,2
54,Redgill,15668303569987306209,31,5,1,6,0
44,Clownfish,7728970616562140896,18,1,1,13,0
5026,GamerPieJess fish,2227924352848716244,19,7,4,21,0
51,Damsel Fish,15899907703403969837,23,6,4,9,0
5027,Cutthroat Trout,7537924735028686040,28,5,1,2,0
33,Cod,17603418150012219010,34,2,3,9,0
5031,Boot,11565337249565628613,19,6,4,2,0
81,Starfish,12552179287497118271,19,4,4,10,0
55,Spearfish,17883550407157752410,22,4,4,18,8
56,Spearfish,973813347195385677,26,7,2,7,14
5067,Pop-eyed goldfish,8613887983760852547,22,2,3,11,0
86,Shrimp,17178402738578991447,22,2,2,16,0
86,Shrimp,3063985145378278438,17,1,4,1,0
43,Clownfish,6840443721269688667,22,3,2,12,1
17,Spot Fish,6315366736370177133,16,2,3,6,0
57,Spearfish,7081007214193484198,30,7,1,5,1
81,Starfish,10689772841666352245,25,4,4,4,0
31,Cod,3725063648127842291,15,1,2,10,0
80,Starfish,3195787468555982590,20,5,1,4,0
5059,Great white shark,15383161934987126090,25,7,3,19,7
23,Pufferfish,14318875099229364975,14,3,1,16,0
17,Spot Fish,18351794666749779168,13,1,4,1,0
87,Shrimp,12550131092887916170,17,4,3,4,0
31,Cod,5594193964618595823,17,6,3,6,0
81,Starfish,993978967611902321,19,3,1,17,0
49,Damsel Fish,15149221844506308204,20,5,1,12,0
8,Bass,8965913111267657464,18,2,2,18,0
99,Jellyfish,18050238369184800487,12,5,2,5,0
71,Angel Fish,5113535871252231315,18,6,2,15,0
5,Perch,18441471740142982751,15,2,1,8,0
11,Sardine,2783101083587290500,17,6,3,2,0
32,Cod,1912972276660222474,23,5,3,7,0
34,Triple Tail,2905634890283700163,20,1,1,19,0
49,Damsel Fish,12972220112415863252,26,4,4,12,18
70,Angel Fish,1709678065411581819,19,2,1,15,0
71,Angel Fish,2077355268731677111,19,1,2,19,0
83,Crab,15514668675438709923,16,5,3,17,8
52,Bluegill,2175394375737475370,18,3,1,13,0
59,Salmon,5411732716080630728,24,1,1,10,0
2,Tilapia,13257821005146587816,15,3,3,14,1
100,Jellyfish,6114173936058273227,23,6,4,4,9
83,Crab,13448420777173408723,21,6,3,13,5
63,Barracuda,9809379381407904176,29,4,4,18,4
74,Mola Mola Fish,940015520522576493,16,6,2,17,6
7,Bass,2470689026716019327,25,1,3,8,0
43,Clownfish,7050409746776171628,19,1,3,10,0
93,Blue Lobster,15654241423110685114,21,3,1,3,0
5049,Axolotl,13207029086137284142,26,5,2,3,0
33,Cod,16414576405861661531,23,3,2,11,0
87,Shrimp,7958446063923894626,21,3,4,6,0
53,Bluegill,12846621306679747401,19,6,1,7,0
41,Anglerfish,11589900775797107811,25,3,4,21,0
57,Spearfish,11421525360294911148,22,5,4,21,0
60,Green Salmon,12425439838328415633,25,3,2,11,0
70,Angel Fish,9290213988111954363,19,4,3,1,0
89,Seahorse,12028456427697342134,13,3,2,2,0
81,Starfish,17128649996968159859,16,4,1,20,0
5026,GamerPieJess fish,18367484597352753149,27,5,2,21,10
14,Sardine,2433009285501191259,16,2,3,20,0
47,Eel,4376356061286393638,16,5,4,7,0
30,Herring,1343580959329634785,22,1,1,7,0
55,Spearfish,6494275526814053339,21,6,3,19,0
71,Angel Fish,10354239588966808684,13,4,1,7,0
100,Jellyfish,8617958662091566904,24,3,2,10,0
53,Bluegill,10516047203710692512,21,2,1,5,0
30,Herring,10751717276902376508,19,2,4,16,0
40,Anglerfish,6540617312202814230,16,2,1,11,0
5,Perch,15003191680155876129,13,2,1,16,0
63,Barracuda,4459543531104206542,21,4,2,7,0
74,Mola Mola Fish,6565551812250182185,19,1,3,20,0
70,Angel Fish,4984099554560862670,15,2,3,1,0
45,Clownfish,17949109973509678252,18,4,1,2,0
90,Seahorse,5840771597353980458,27,6,3,3,4
69,Grouper,12577959428356082512,26,3,2,15,0
50,Damsel Fish,14278654540508728397,21,4,3,20,0
82,Starfish,17104810957810768230,20,3,2,7,0
93,Blue Lobster,17669703396057660679,28,3,2,12,5
14,Sardine,11817001004928609064,20,5,4,15,0
46,Eel,4361723261103092090,21,6,2,14,4
43,Clownfish,16915686127418036674,14,2,2,17,0
36,Triple Tail,3306100211877386085,18,5,2,11,0
13,Sardine,1606326145897974964,20,4,4,18,6
8,Bass,890226527006814685,20,3,3,19,1
44,Clownfish,4548908055775975703,21,4,1,1,0
2,Tilapia,16225543570006338066,19,3,2,3,0
43,Clownfish,8781269747263801589,20,3,2,7,0
50,Damsel Fish,18087676545751441702,20,1,1,10,0
53,Bluegill,12634076668097918739,15,1,2,20
67,Grouper,706669570414442040,15,6,3,15,0
13,Sardine,9338604918126726334,19,6,4,17,0
74,Mola Mola Fish,3637854966262533944,15,4,3,13,0
51,Damsel Fish,7537174713660247722,19,4,2,6,0
61,Barracuda,3740231500860613756,17,3,2,1,0
22,Pufferfish,5012575142752428821,16,3,2,16,0
