1720420143,7,Bass,10146627799729013337,12,3,4,14
1720420143,44,Clownfish,7122185670264666637,18,1,2,5
1720420143,98,Jellyfish,11461021899007566845,28,6,1,17
1720420143,46,Eel,3434896860649928542,18,6,4,8
1720420143,11,Sardine,18217130565529357978,21,5,4,10
1720420143,84,Crab,6116374137257963415,23,4,3,11
1720420143,89,Seahorse,2855269770348343480,18,3,3,20
1720420143,13,Sardine,17884721269567492670,15,5,4,1
1720420143,53,Bluegill,5124974160415095166,15,2,1,6
1720420143,29,Herring,15660055805464564511,22,2,2,18
1720420143,32,Cod,4518692506840257579,18,2,1,12
1720420143,13,Sardine,2902374039921431784,14,2,2,11
1720420143,65,Piranha,3379235840939838838,18,2,4,8
1720420143,7,Bass,2590126932443560827,15,4,4,16
1720420143,53,Bluegill,4635914181994446770,19,5,4,5
1720420143,62,Barracuda,9529942547294764838,21,6,2,17
1720420143,45,Clownfish,2231514834106041475,25,7,3,14
1720420143,37,Snapper,4075175262525180581,20,4,1,6
1720420143,34,Triple Tail,11588872561799522854,16,2,3,18
1720420143,13,Sardine,8727084146397171415,17,2,4,11
1720420143,71,Angel Fish,2919570537490860022,20,6,2,19
1720420143,38,Snapper,6748651947855995433,16,6,4,16
1720420143,32,Cod,13057617253298429420,20,6,2,14
1720420143,16,Trout,10393054328514953193,16,1,3,17
1720420143,8,Bass,15234773407755215497,20,1,2,10
1720420143,81,Starfish,8870799140067706733,16,2,3,3
1720420143,32,Cod,10226365725824269501,17,4,3,17
1720420143,23,Pufferfish,14435255627354403025,16,5,3,1
1720420143,34,Triple Tail,2571126874257638283,15,3,2,15
1720420143,103,{NULL}fish,17237819152411313272,100,0,0,0
1720420143,37,Snapper,4038337564959933021,23,2,4,20
1720420143,7,Bass,12218044243815824197,13,6,2,6
1720420143,53,Bluegill,15291814342833099391,23,4,1,10
1720420143,44,Clownfish,4820477211113708988,20,6,2,3
1720420143,104,Boot,17872315379962152402,25,3,3,3
1720420143,51,Damsel Fish,15622815901790784578,31,5,4,21
1720420143,40,Anglerfish,12001086018971725579,15,6,4,16
1720420143,78,Turtle,14046545437823991770,30,5,1,5
1720420143,19,Trout,12012399040139740964,23,3,2,15
1720420143,104,Boot,8045171342313500259,19,4,3,20
1720420143,8,Bass,13918208498303785783,24,3,2,8
1720420143,3,Tilpia,10156354947564473883,17,1,2,6
1720420143,107,Blahaj,9925650856242365183,28,4,6,11
1720420143,55,Spearfish,8224066723979485370,26,4,1,15
1720420143,29,Herring,17097163448717103680,22,3,3,18
1720420143,109,Cutthroat Trout,8965143742194543113,24,2,3,5
1720420143,62,Barracuda,12679809355862558395,19,1,2,15
1720420143,17,Spot Fish,17073433616954167151,17,2,3,19
1720420143,46,Eel,17596109652416816806,21,3,4,8
1720420143,74,Mola Mola Fish,17871527952319168194,17,4,2,12
1720420143,87,Shrimp,11275202337745787637,23,5,1,7
1720420143,82,Starfish,184234959616361204,23,3,3,10
1720420143,23,Pufferfish,8982220732826988990,21,5,1,18
1720420143,102,Axolotl,6598544889525300969,19,7,4,3
1720420143,55,Spearfish,10331534002349141858,14,4,2,19
1720420143,5,Perch,752280529901728723,20,5,2,11
1720420143,45,Clownfish,7743995617102855978,23,7,3,15
1720420143,29,Herring,16062156644069914704,19,2,3,10
1720420143,11,Sardine,12691908629676399141,15,3,1,15
1720420143,74,Mola Mola Fish,4042922065018005362,21,6,4,2
1720420143,111,404 Fish,15633822406836988446,32,2,2,7
1720420143,1,Tilapia,12041467937808862323,16,4,3,6
1720420143,32,Cod,7743798049721855025,16,1,3,9
1720420143,13,Sardine,3019945322779737414,16,5,2,2
1720420143,65,Piranha,4648089389643688483,16,1,4,11
1720420143,32,Cod,13853734820674632902,17,4,4,17
1720420143,28,Anchovy,16969583575635375817,14,5,1,8
1720420143,7,Bass,1190361375292532869,22,3,4,15
1720420143,23,Pufferfish,15958957911754709973,16,5,1,17
1720420143,22,Pufferfish,216869571344588594,20,3,3,17
1720420143,23,Pufferfish,13352698327577499268,16,5,2,10
1720420143,33,Cod,14392102916342948038,22,2,3,12
1720420143,43,Clownfish,10741433649450623933,23,4,4,2
1720420143,81,Starfish,17719336142225457794,21,2,1,15
1720420143,10,Sardine,2948331019568335970,20,3,2,7
1720420143,5,Perch,11327235161896044912,23,4,4,15
1720420143,65,Piranha,4193326334473194146,14,2,2,7,0
1720420143,74,Mola Mola Fish,17687725641372113874,15,2,3,6
1720420143,5,Perch,3085605095878439387,17,1,4,16
1720420143,74,Mola Mola Fish,14023785329644133159,15,6,4,11
1720420143,90,Seahorse,13443799459418895555,18,4,1,21
1720420143,24,Pufferfish,4721159362885232731,21,2,2,2
1720420143,3,Tilpia,5646176548990265552,23,1,3,11,0
1720420143,34,Triple Tail,8044030153824304121,21,6,3,18,2
1720420143,111,404 Fish,11440685212855389886,26,3,4,9,0
1720420143,108,Great white shark,4856120018792533361,28,6,2,16,0
1720420143,60,Green Salmon,6928314163175924296,24,7,3,9,0
1720420143,74,Mola Mola Fish,17560755063243613118,17,5,3,5,0
1720420143,50,Damsel Fish,5770141644778362427,21,4,2,7,0
1720420143,66,Piranha,11567781971335036403,25,7,1,6,6
1720420143,25,Catfish,5343608849671568151,16,4,2,11,0
1720420143,47,Eel,12404709816667838145,18,5,3,19,0
1720420143,8,Bass,12878926769874942132,23,1,1,1,0
1720420143,1,Tilapia,9784420065345981239,21,2,3,20,0
1720420143,47,Eel,10734332461409853839,21,6,4,7,1
1720420143,77,Turtle,944439872289148333,17,3,3,12,0
1720420143,69,Grouper,9818560539092719520,17,5,2,5,0
1720420143,83,Crab,1575817762418276453,20,3,3,4,0
1720420143,47,Eel,7403055943116713348,13,2,3,17,0
1720420143,47,Eel,10201623211617871574,15,6,1,17,0
1720420143,5,Perch,6053719538504136005,19,4,1,12,0
1720420143,11,Sardine,11508354875590997893,20,5,3,9,0
1720420143,3,Tilpia,5063164326653725847,23,5,3,13,0
1720420143,84,Crab,9687820543571602208,30,4,1,7,0
1720420143,3,Tilpia,8103580407798839681,22,6,2,9,5
1720420143,99,Jellyfish,13836973924863570791,23,6,2,5,0
1720420143,7,Bass,13168754449700500889,17,5,2,8,0
1720420143,50,Damsel Fish,6275164622927802196,18,3,3,17,0
1720420143,39,Snapperfish,6609644810716696743,31,5,3,13,1
1720420143,2,Tilapia,8389384197108801945,22,3,2,16,0
1720420143,90,Seahorse,11088368630933195703,22,3,2,6,0
1720420143,38,Snapper,10082222935688558921,25,1,4,20,0
1720420143,30,Herring,9113587308825217491,15,1,2,8,0
1720420143,61,Barracuda,17646006919142545540,16,4,3,16,1
1720420143,60,Green Salmon,5593661832453238194,22,5,4,5,2
1720420143,99,Jellyfish,2885925047285902676,17,4,1,20,0
1720420143,7,Bass,15761837247673160189,19,1,3,16,0
1720420143,10,Sardine,7831151605632989207,19,3,4,8,3
1720420143,111,404 Fish,3156828977038060379,24,6,2,15,3
1720420143,69,Grouper,16239207245594437393,17,2,3,11,0
1720420143,108,Great white shark,6549503124730013892,29,6,1,2,4
1720420143,108,Great white shark,9946619603138701190,18,2,2,16,0
1720420143,72,Angelfish,2466921550455041136,24,7,2,6,3
1720420143,29,Herring,11447625012950821716,17,1,3,17,0
1720420143,19,Trout,9168760491258069338,17,6,3,14,2
1720420143,80,Starfish,4593959385789823355,15,4,1,3,0
1720420143,96,Octopus,8762467823466260181,23,7,1,16,12
1720420143,58,Salmon,4500926844671328349,12,1,1,3,0
1720420143,38,Snapper,1627007047930238860,15,6,3,17,0
1720420143,58,Salmon,15880606628673054999,21,3,3,18,0
1720420143,61,Barracuda,14198109082080267670,23,1,4,17,1
1720420143,59,Salmon,5702065460727762027,15,6,2,14,0
1720420143,54,Redgill,8753738605878800120,29,4,1,3,0
1720420143,111,404 Fish,9237291280662740581,30,7,3,12,24
1720420143,69,Grouper,7528439328077203042,23,4,2,16,1
1720420143,42,Anglerfish,10294648974670907297,27,5,3,3,3
1720420143,8,Bass,13535599215381002469,20,6,2,18,0
1720420143,58,Salmon,16882072220733401311,17,3,2,10,0
1720420143,5,Perch,8136926170202927163,17,3,3,6,0
1720420143,55,Spearfish,17861289139277970685,19,1,4,1,0
1720420143,50,Damsel Fish,11174682649522312791,24,4,4,13,0
1720420143,60,Green Salmon,3319331964607385345,28,2,4,10,0
1720420143,11,Sardine,14727555594681062847,13,6,1,19,0
1720420143,79,Turtle,5378495909874323270,31,8,4,14,12
1720420143,77,Turtle,14807704195520012049,18,4,2,5,0
1720420143,20,Trout,12601529252541660325,24,3,1,17,0
1720420143,47,Eel,17718801728039633441,18,6,4,6,0
1720420143,28,Anchovy,7227933106828627176,25,4,3,15,0
1720420143,93,Blue Lobster,12475827641047978174,24,4,2,5,0
1720420143,109,Cutthroat Trout,16993450577548847082,26,3,2,4,0
1720420143,37,Snapper,17485526192899404,18,1,1,20,0
1720420143,31,Cod,7958988423379488205,18,6,4,13,3
1720420143,35,Triple Tail,8344695890083425301,20,7,2,11,4
1720420143,59,Salmon,15299656589721816748,23,4,3,12,0
1720420143,69,Grouper,3635631547955411737,22,6,3,16,1
1720420143,43,Clownfish,9965349243037639795,24,5,2,4,0
1720420143,68,Grouper,13812645664776968501,26,2,3,20,0
1720420143,41,Anglerfish,12877803608975345676,16,7,4,7,1
1720420143,34,Triple Tail,2099806211553987683,19,1,1,4,0
1720420143,15,Spotfish,18172430854923112680,19,2,4,15,0
1720420143,5,Perch,11427885543604182695,21,4,3,12,0
1720420143,30,Herring,1559280110181251100,18,5,4,8,0
1720420143,23,Pufferfish,4933991555045394511,18,3,1,11,0
1720420143,92,Lobster,11597369693865902181,21,1,2,10,0
1720420143,58,Salmon,4266125828825257243,20,1,2,7,0
1720420143,10,Sardine,12356002318191278763,17,1,3,13,0
1720420143,81,Starfish,14873809361341480675,17,2,4,4,0
1720420143,95,Octopus,6398138218298926052,25,7,3,4,8
1720420143,30,Herring,1480433258553600508,18,3,4,2,0
1720420143,71,Angel Fish,8739490413671824988,16,6,1,12,0
1720420143,19,Trout,1866967433128508941,26,3,1,6,0
1720420143,104,Boot,13047417415719716,19,2,4,3,0
1720420143,111,404 Fish,14888435876796781144,25,3,2,4,0
1720420143,22,Pufferfish,1615668085665945951,20,3,4,3,0
1720420143,1,Tilapia,13615068450573852640,21,4,4,10,0
1720420143,81,Starfish,14956918221652550374,25,1,1,1,0
1720420143,74,Mola Mola Fish,12635047115495129471,18,1,1,5,0
1720420143,104,Boot,1595673857952414911,22,1,3,4,0
1720420143,105,GamerPieJess fish,5042757874922803855,24,6,1,19,8
1720420143,54,Redgill,8868469719159059932,20,6,2,2,0
1720420143,19,Trout,17072380826904037521,22,6,1,5,2
1720420143,50,Damsel Fish,6252068454895958502,20,3,1,8,0
1720420143,15,Spotfish,16167693714819047895,24,4,4,20,1
1720420143,68,Grouper,4478463090096358220,21,6,2,5,0
1720420143,104,Boot,17900475620052477669,25,1,3,12,0
1720420143,10,Sardine,11213556205158151953,18,4,2,5,2
1720420143,40,Anglerfish,4312511033391773139,16,3,2,4,0
1720420143,74,Mola Mola Fish,11313579658593447675,16,5,2,12,0
1720420143,41,Anglerfish,6739869376053441107,27,5,1,15,0
1720420143,20,Trout,17560254126349607871,33,4,1,16,0
1720420143,98,Jellyfish,840863407152631587,18,4,2,13,0
1720420143,54,Redgill,9500911336066170271,26,2,1,6,0
1720420143,34,Triple Tail,6911892880682132379,24,4,4,9,0
1720420143,50,Damsel Fish,10155889186464060969,18,1,4,4,0
1720420143,81,Starfish,17963416910703818155,22,1,1,14,0
1720420143,17,Spot Fish,13293467345227143645,17,2,1,20,0
1720420143,38,Snapper,2320113518161336918,22,6,1,9,0
1720420143,70,Angel Fish,758374497063517667,15,3,1,11,0
1720420143,16,Trout,3113776443480460489,21,3,3,7,0
1720420143,99,Jellyfish,4874994615111097524,23,4,4,1,0
1720420143,53,Bluegill,14877873218373904142,23,6,1,12,0
1720420143,86,Shrimp,4838390499831819055,17,4,2,3,0
1720420143,44,Clownfish,15406284782332927507,20,6,3,11,0
1720420143,59,Salmon,1962513078698706140,19,6,4,19,0
1720420143,4,Perch,10382202132201179140,19,4,3,7,0
1720420143,84,Crab,11502759201681934724,34,2,1,12,4
1720420143,77,Turtle,16137798373941658155,19,1,1,17,0
1720420143,49,Damsel Fish,3001499910282878439,19,4,3,16,0
1720420143,67,Grouper,3970386118788300619,15,1,1,1,0
1720420143,13,Sardine,11176956072531493121,24,4,2,17,2
1720420143,7,Bass,463176886077378519,19,2,1,13,1
1720420143,14,Sardine,16264055257461474999,16,2,3,13,1
1720420143,89,Seahorse,8912163722541462724,18,1,2,16,0
1720420143,81,Starfish,17623879745046064489,13,1,2,17,0
1720420143,52,Bluegill,18167873258477146077,19,2,3,15,0
1720420143,75,Mola Mola Fish,4140133236837567442,15,5,4,17,0
1720420143,77,Turtle,10286754357980465441,26,5,2,7,2
1720420143,81,Starfish,7405119966265211235,15,4,2,20,0
1720420143,40,Anglerfish,11691650485446050686,19,1,2,15,0
1720420143,61,Barracuda,10404833106539790615,23,5,3,19,0
1720420143,38,Snapper,15594421384368742214,26,2,4,19,0
1720420143,86,Shrimp,1194073093606760747,20,5,2,2,0
1720420143,80,Starfish,7402010774238384750,14,5,3,8,0
1720420143,13,Sardine,14949498666235269474,23,5,1,7,3
1720420143,104,Boot,6948619745364589845,22,5,1,13,0
1720420143,104,Boot,17150031262508383949,20,1,4,15,0
1720420143,38,Snapper,6268872548548685220,19,2,4,11,0
1720420143,22,Pufferfish,1593241398094201419,21,6,2,4,0
1720420143,19,Trout,17502199205587777886,18,4,4,10,0
1720420143,19,Trout,13528671851924489786,19,5,2,15,1
1720420143,3,Tilpia,11777889005275760426,19,4,3,3,0
1720420143,92,Lobster,3613348053309191698,19,6,1,1,0
1720420143,49,Damsel Fish,2508158059649769204,20,3,1,5,0
1720420143,11,Sardine,8742979367821868041,24,5,2,6,0
1720420143,22,Pufferfish,13198104952156366686,21,1,4,2,0
1720420143,1,Tilapia,11281069020166764262,19,3,1,19,0
1733034280,14,Sardine,4555398457917552320,17,1,4,2,0
1733034486,19,Trout,5066180991468984862,13,1,1,19,0
1733034610,99,Jellyfish,17977639156287970455,20,4,4,20,1
1733034782,28,Anchovy,175515109128517308,24,5,4,17,12
1733034911,86,Shrimp,5737560354950243581,20,6,4,11,0
1733035037,1,Tilapia,9226058510977234280,13,1,3,2,0
1733036678,3,Tilpia,2441198705514317863,17,4,4,2,0
1733037656,86,Shrimp,17669586903333100126,21,3,4,16,0
1733037840,12,Sardine,185939771810148195,29,6,2,20,15
1733038600,77,Turtle,1970380798561165749,19,1,3,5,0
1733374713,81,Starfish,15303308413701349904,15,5,4,3
1733374924,25,Catfish,5470039028794804059,13,2,4,5,0
1733460876,31,Cod,5953611322493997226,21,1,2,17,0
1733461170,81,Starfish,15159284035741063649,14,5,1,10,0
1733637038,26,Catfish,8334386546208539180,27,5,2,5,0
1734404815,30,Herring,1829123160979193977,20,3,2,5,0
1734405157,7,Bass,5318346232877476934,15,2,1,10,0
1734405430,7,Bass,8876437258652830330,17,6,2,3,1
1734405581,76,Mola Mola Fish,9430887983214236875,21,8,2,15,16
1734406124,1,Tilapia,9735548402661737263,19,4,2,14,0
1734406368,99,Jellyfish,13766448941736272696,15,1,4,14,0
1734406946,52,Bluegill,13799856039530210330,22,6,3,4,0
1734407504,100,Jellyfish,17083276574855393476,19,2,4,19,0
1734407633,37,Snapper,16377250374163177661,15,6,3,15,0
1734407759,31,Cod,975361700534139566,18,3,4,3,0
1734408079,43,Clownfish,16756424210257877123,21,6,3,7,0
1734408272,99,Jellyfish,13001657947383444679,13,6,1,1,0
1734408479,52,Bluegill,4344712304263435705,21,5,3,14,1
1734408650,29,Herring,6532044915351643421,16,1,4,10,0
1734409010,3,Tilpia,9392928417030704727,18,4,3,13,0
1734409166,67,Grouper,13073907042762072394,15,5,2,14,3
1734409461,77,Turtle,1458752839678167348,22,2,2,11,0
1734409719,41,Anglerfish,82293780660143101,17,3,4,9,1
1734409843,11,Sardine,13265792055976319393,16,4,4,10,0
1734409978,13,Sardine,11148460510768564050,25,5,3,19,7
1734483971,90,Seahorse,2088018162481548571,30,2,4,21,4
1734484335,31,Cod,17095625291689252686,21,3,1,1,0
1734484526,17,Spot Fish,1539855741042388880,21,1,2,8,0
1734484791,52,Bluegill,15784867978372296980,19,6,2,12,1
1734485007,99,Jellyfish,17892666220108502515,17,2,1,19,0
1734488074,44,Clownfish,16777444848959779384,22,1,2,19,1
1734489277,7,Bass,3292956905563467507,16,4,1,16,0
1734830645,49,Damsel Fish,14367270152367892136,20,6,1,16,0
1734830767,23,Pufferfish,9278674953827045813,22,4,3,17,0
1734830889,10,Sardine,6198365173396451945,21,4,1,1,0
1734831062,110,Pop-eyed goldfish,3968747819640455566,29,3,3,7,0
1734831423,38,Snapper,7335587007507778621,18,3,2,11,0
1734831544,24,Pufferfish,3761950255676196524,26,6,4,9,0
1734831666,81,Starfish,13352763183469436763,17,5,1,2,1
1734831787,55,Spearfish,14978730066294022013,15,3,2,8,0
1734831914,40,Anglerfish,13342676445063975341,21,1,2,17,0
1734832036,69,Grouper,9332407725049220857,21,1,2,2,0
1734832192,11,Sardine,12267743109808310217,12,1,4,7,0
1734832313,89,Seahorse,16228020827103357819,23,5,1,16,4
1734832508,67,Grouper,17718276702694651566,17,6,2,14,0
1734832662,96,Octopus,200858907795505214,32,10,6,20,29
1734833958,67,Grouper,9352756589742378524,20,2,3,14,0
1734834122,111,404 Fish,2548476875213662911,27,5,2,5,0
1734834247,44,Clownfish,298157790876041940,22,1,4,10,0
1734834368,108,Great white shark,13595404081993229150,28,6,1,7,0
1734834592,20,Trout,2968696232376753747,20,6,2,6,0
1734835135,108,Great white shark,9258553363693493938,26,7,1,20,4
1734835323,100,Jellyfish,11666208243812216804,22,2,3,9,0
1734835644,40,Anglerfish,9412432239009467269,16,4,3,19,0
1734835793,14,Sardine,10877269259266861882,22,4,1,3,0
1734836015,30,Herring,1748899849934748813,21,2,2,14,0
1734836281,16,Trout,7252716742520864751,16,6,1,14,2
1734836540,56,Spearfish,17575601583020691789,28,3,1,7,0
1734836679,42,Anglerfish,38831847797073678,24,6,4,20,18
