1720420143,77,Turtle,12379288565713784935,20,2,4,6,0
1720420143,83,Crab,18252679805719974195,17,1,3,2,0
1720420143,23,Pufferfish,7993867741822044672,20,6,1,19,9
1720420143,23,Pufferfish,8604285290501692492,13,4,2,20,0
1720420143,5,Perch,9809332587282988758,19,5,3,9,0
1720420143,28,Anchovy,15010928560773755112,17,6,3,11,0
1720420143,2,Tilapia,5243368995788536197,14,2,2,19,0
1720420143,23,Pufferfish,10690775504956457155,16,3,1,17,0
1720420143,49,Damsel Fish,2018848623613377853,20,2,1,1,0
1720420143,49,Damsel Fish,18417086547080797734,18,2,4,20,0
