1720420143,43,Clownfish,17335448906066252385,14,5,4,7
1720420143,44,Clownfish,10059689192269858067,20,5,2,14
1720420143,53,Bluegill,2711771864606830767,23,3,2,16
1720420143,104,Boot,3990905032147478280,19,4,1,8
1720420143,11,Sardine,14643820231581097737,20,3,3,15
1720420143,55,Spearfish,1886683364602250079,23,5,3,15
1720420143,7,Bass,15344093435722518368,20,6,3,14
1720420143,26,Catfish,5688567154306480212,18,6,2,19
1720420143,4,Perch,13536164784831574366,20,6,2,4
1720420143,46,Eel,17484785288888204812,13,2,1,20
1720420143,17,Spot Fish,4677449381818190905,23,4,4,10
1720420143,69,Grouper,9283418042440061444,18,4,1,4
1720420143,47,Eel,17288014103683354077,23,1,4,5
1720420143,38,Snapper,17901302406661939885,23,6,1,13
1720420143,44,Clownfish,10640715925202206442,13,4,3,13
1720420143,8,Bass,3759819022510000844,19,4,3,9
1720420143,29,Herring,17544532109223843242,21,2,1,19
1720420143,54,Redgill,11387106187706599313,26,6,4,3
1720420143,3,Tilpia,16578261449953184689,13,4,3,20
1720420143,34,Triple Tail,15876086589132771069,21,3,1,5
1720420143,30,Herring,3947555851467196703,24,5,4,16
1720420143,89,Seahorse,7324808631759645264,21,4,4,13
1720420143,44,Clownfish,2088094388769577251,20,2,3,11
1720420143,74,Mola Mola Fish,5287266311393340511,17,2,4,4
1720420143,35,Triple Tail,16544798845580890473,22,7,4,9
1720420143,22,Pufferfish,9627121515438582221,21,2,4,19
1720420143,74,Mola Mola Fish,8143449825059002585,16,5,4,18
1720420143,108,Great white shark,13150349004189404926,27,6,2,6
1720420143,102,Axolotl,6554083768708795920,25,9,2,22
1720420143,44,Clownfish,7567435546427687382,20,4,1,7
1720420143,7,Bass,216505482861443053,23,5,3,7
1720420143,34,Triple Tail,4696072077371555515,24,5,2,18
1720420143,55,Spearfish,7500240648152774073,26,6,4,18,9
1720420143,4,Perch,15959288044948707129,17,6,4,2,0
1720420143,13,Sardine,16231755757538388252,19,1,2,18,0
1720420143,83,Crab,535077384092214184,18,1,1,18,0
1720420143,8,Bass,18144398889929198798,16,2,4,19,0
1720420143,48,Electric Eel,3471571733951531177,27,4,2,14,2
1720420143,83,Crab,4675133371068747972,19,3,1,9,0
1720420143,98,Jellyfish,3514987981966637446,23,2,2,7,0
1720420143,77,Turtle,18322379363156512011,12,4,4,1,0
1720420143,69,Grouper,12108803359113801542,23,1,4,4,0
1720420143,78,Turtle,7712153478517439463,27,6,2,16,0
1720420143,63,Barracuda,16920879108816647718,27,2,1,18,0
1720420143,8,Bass,10953826870245186775,13,3,3,11,0
1720420143,8,Bass,10281675938027065748,20,6,1,14,6
1720420143,89,Seahorse,6644300921542966557,16,3,3,12,0
1720420143,41,Anglerfish,14108236817604676363,26,2,3,8,0
1720420143,74,Mola Mola Fish,9916936586713774820,19,4,4,4,0
1720420143,14,Sardine,15575457386094763563,21,4,2,15,0
1720420143,83,Crab,4567867756734843197,14,2,3,5,0
1720420143,3,Tilpia,13137816120894310035,23,2,3,13,0
1720420143,25,Catfish,10104437411952857108,15,1,2,7,0
1720420143,40,Anglerfish,9369510279406388959,24,6,2,18,9
1720420143,4,Perch,3463586059220840049,19,3,3,11,0
1720420143,74,Mola Mola Fish,13659767177438236173,21,4,1,1,0
1720420143,25,Catfish,2689182052698396516,19,4,4,20,0
1720420143,112,404 Fish,2394836609085917266,15,5,1,5,0
1720420143,40,Anglerfish,4865721446055615114,26,3,3,16,0
1720420143,29,Herring,3648688987033330433,25,1,3,1,0
1720420143,80,Starfish,2288013752122538785,17,3,4,6,0
1720420143,83,Crab,17813872687163757330,20,6,2,8,0
1720420143,30,Herring,9451394194875966340,22,3,1,2,0
1720420143,5,Perch,10131721209396572207,17,5,4,2,1
1720420143,74,Mola Mola Fish,15417311251200245259,23,1,2,4,0
1720420143,25,Catfish,13721307675829558994,17,4,4,12,0
1720420143,16,Trout,804068863721490542,19,3,1,18,0
1720420143,56,Spearfish,1341314160116988384,24,6,1,17,6
1720420143,112,404 Fish,9182681661792023749,26,7,4,9,3
1720420143,15,Spotfish,3552976323915854657,15,6,3,14,1
1720420143,46,Eel,13174202083000608163,24,1,3,5,0
1720420143,13,Sardine,9358813651933177143,19,6,3,6,0
1720420143,1,Tilapia,1451025000893969555,22,4,1,17,2
1720420143,25,Catfish,7081812479482675188,19,1,4,8,0
1720420143,50,Damsel Fish,4033607808305549440,19,3,3,7,0
1720420143,8,Bass,11193569212642736136,15,4,1,18,0
1720420143,94,Lobster,2711520024595557994,15,3,4,21,0
1720420143,7,Bass,17398390387101447214,15,3,2,6,0
1720420143,94,Lobster,3751563899002891620,32,3,1,17,0
1720420143,29,Herring,6846993953193917508,22,2,1,20,0
1720420143,22,Pufferfish,13828860002344683589,23,6,2,18,19
1720420143,47,Eel,15626941519421291492,14,6,3,8,0
1720420143,95,Octopus,4521244467349997080,14,5,4,8,1
1720420143,61,Barracuda,3290391773515317919,21,1,2,16,0
1720420143,18,Trout,11345067338320352231,23,2,3,21,0
1720421733,19,Trout,16049813858668521109,13,6,1,10,0
1720421859,90,Seahorse,7918738742482942979,30,6,1,13,0
1720422019,55,Spearfish,2410660411943607053,18,5,1,17,0
1720422149,46,Eel,305616360285526226,18,4,2,17,0
1720422271,27,Catfish,13182053674937520660,14,5,1,3,0
1720422447,105,GamerPieJess fish,15234376344828211466,26,3,3,14,0
1720422570,11,Sardine,13594559584721567137,25,4,3,14,2
1720422722,13,Sardine,1392526919781625932,16,1,3,10,0
1720422958,35,Triple Tail,1447567399573019466,21,6,2,6,0
1720423081,61,Barracuda,15986061628258424197,22,6,1,8,0
1720423203,68,Grouper,6368912933654406914,28,3,2,21,0
1720423428,29,Herring,217107967695253165,21,4,1,3,0
