1720420143,71,Angel Fish,16956585937132508174,16,4,1,3
1720420143,40,Anglerfish,18205425587708035037,16,6,2,20
1720420143,23,Pufferfish,17694991993239757064,12,3,4,1
1720420143,29,Herring,18123245246203214717,22,5,4,4
1720420143,89,Seahorse,14855822447499854181,15,3,1,13
1720420143,75,Mola Mola Fish,6987235753226219687,25,2,2,18
1720420143,23,Pufferfish,18085887789125568257,18,1,3,6
1720420143,31,Cod,4797016849357552546,19,5,1,6
1720420143,84,Crab,6129199320188382232,28,4,3,7
1720420143,40,Anglerfish,17328357396982326078,18,2,2,20
