4,Perch,18284901032448279875,20,5,2,18,3
5010,Blahaj,12852787096265788420,36,7,6,10,8
46,Eel,11246533935408112273,21,4,3,4,0
25,Catfish,7069363095690242661,16,5,4,3,0
75,Mola Mola Fish,161012400046241520,25,3,2,2,0
19,Trout,4051734687193892625,21,1,4,20,0
96,Octopus,1075112314302572951,24,4,3,20,3
30,Herring,6055937353409241451,18,6,4,10,1
19,Trout,12511164337546110628,24,2,3,7,0
5,Perch,2857114137174564756,22,1,3,19,0
11,Sardine,10294811186495525972,15,3,1,20
74,Mola Mola Fish,2500982480384109226,24,2,3,14
