1720420143,4,Perch,8634621477935526723,16,4,3,5,0
1720420143,55,Spearfish,16186316618068569325,23,5,4,6,1
1720420143,17,Spot Fish,1744942687556851786,20,6,4,13,0
1720420143,67,Grouper,15555396775614455787,19,3,2,15,0
1720420143,64,Piranha,17515637414726406743,25,1,4,19,0
1720420143,34,Triple Tail,7598251844483415603,23,6,1,19,0
1720420143,4,Perch,10544109296388110747,23,6,4,10,0
1720420143,99,Jellyfish,447556829749378959,19,1,2,17,0
1720420143,64,Piranha,17371802252590971946,17,5,1,14,0
1720420143,80,Starfish,3295656188191904857,15,6,4,19,0
1720420143,53,Bluegill,3114675952288747950,21,5,3,1,0
1720420143,40,Anglerfish,4109344146247959650,20,6,3,17,1
1720420143,11,Sardine,5159370354907961823,16,6,3,1,2
1720420143,22,Pufferfish,9470696330772626696,17,1,3,18,0
1720420143,81,Starfish,10637615232485761222,25,1,4,20,0
1720420143,40,Anglerfish,13593926083465429373,25,5,2,15,0
1720420143,61,Barracuda,12592651806391327731,18,1,1,20,0
1720420143,14,Sardine,16505964076785602150,12,6,1,18,0
1720420143,68,Grouper,804248782897521651,22,5,1,4,0
1720420143,46,Eel,3268325545271295534,19,5,2,18,0
1720420143,100,Jellyfish,13436909072769845664,25,3,3,19,0
1720420143,23,Pufferfish,1880241125377297771,23,1,1,9,0
1720420143,71,Angel Fish,1874208254320472275,23,6,4,20,7
1720420143,1,Tilapia,2218727268669313744,19,4,4,8,0
1720420143,43,Clownfish,5740261660121346782,17,1,4,11,0
1720420143,18,Trout,6637722068029689253,29,3,2,21,3
1720420143,43,Clownfish,13795109895917380228,15,4,3,12,0
1720420143,34,Triple Tail,2653232562604943307,22,6,2,9,0
1720420143,80,Starfish,5765928488779218126,19,5,4,11,3
1720420143,4,Perch,9689776755644824450,18,3,4,2,0
1720420143,38,Snapper,722562694693189553,20,2,2,4,0
1720420143,49,Damsel Fish,8808411979287199287,19,6,4,16,0
1720420143,61,Barracuda,9097589933769222745,21,6,1,3,0
1720420143,37,Snapper,16695520183906239220,26,2,4,18,0
1720420143,49,Damsel Fish,4743692000543024987,20,1,1,14,0
1720420143,68,Grouper,4952657139136269896,27,4,2,5,4
1720420143,89,Seahorse,7366743309141902974,20,5,3,16
1720420143,93,Blue Lobster,6975416954824993363,20,7,4,20,11
1720420143,4,Perch,10400746015664589889,25,1,3,2,0
1720420143,1,Tilapia,16211048513676051028,19,1,4,11,0
1720420143,89,Seahorse,5611655443213780883,17,2,1,7,0
1720420143,104,Boot,16098770064092106202,18,1,2,14,0
1720420143,80,Starfish,9262660480298483920,19,1,3,6,0
1720420143,62,Barracuda,17363235986733099413,25,5,1,2,3
1720420143,58,Salmon,11831738232337919141,14,5,2,4,0
1720420143,4,Perch,17618872026152735546,21,2,1,9,0
1720420143,8,Bass,5982434852754181781,17,6,1,14,0
1720420143,67,Grouper,2323497454092050713,19,4,2,16,0
1720420143,28,Anchovy,10119834018618181384,23,2,3,8,0
1720420143,26,Catfish,3753515705724735583,28,5,4,2,8
1720420143,14,Sardine,8719162198899188372,14,3,2,1,0
1720420143,46,Eel,5118732560861730472,12,1,2,3,0
1720420143,77,Turtle,14896687187509299786,17,3,2,17,0
1720420143,49,Damsel Fish,10274562460236411184,20,1,2,2,0
1720420143,45,Clownfish,11651478098144622138,30,4,2,6,5
1720420143,77,Turtle,3436718887318833570,20,3,1,15,0
1720420143,16,Trout,270660970537260584,17,3,1,11,0
1720420143,46,Eel,8372379147877174367,25,4,3,7,6
1720420143,26,Catfish,15780078877815063579,30,2,4,18,0
1720420143,22,Pufferfish,13352839008386251750,22,2,3,2,0
1720420143,49,Damsel Fish,13468013833821798469,18,3,2,5,1
1720420143,2,Tilapia,9937225538238349703,13,2,4,13,2
1720420143,10,Sardine,11196290057449369867,14,2,1,11,0
1720420143,80,Starfish,15955721397543962389,20,6,3,14,2
1720420143,67,Grouper,13682301691314732535,15,2,3,13,0
1720420143,83,Crab,8357481014596687269,24,6,1,17,5
1720420143,62,Barracuda,11205360732967180170,18,2,4,5,0
1720420143,2,Tilapia,5508973178907033082,18,1,3,16,0
1720420143,61,Barracuda,10264847938601062068,19,4,2,12,1
1720420143,52,Bluegill,2454347718023866303,18,6,4,19,2
1720420143,1,Tilapia,1645010747573440449,19,4,3,9,0
1720420143,7,Bass,18032524732861068705,17,5,1,6,0
1720420143,11,Sardine,13119758920634688558,19,5,1,4,0
1720420143,58,Salmon,10641523750970506052,19,1,1,19,0
1720420143,50,Damsel Fish,16421391034139807605,16,6,2,1,0
1720420143,29,Herring,8236234753008032342,22,3,4,5,0
1720420143,67,Grouper,3199733097057089982,19,3,1,12,0
1720420143,65,Piranha,2176268354083216019,17,5,4,10,1
1720420143,17,Spot Fish,7584805824526586030,19,3,4,12,0
1720420143,9,Bass,5072448593986787552,26,6,4,2,0
1720420143,50,Damsel Fish,14177863670807011439,18,6,2,18,0
1720420143,104,Boot,5910119269664448960,23,3,2,6,0
1720420143,24,Pufferfish,9941631901157066579,27,4,2,8,0
1720420143,34,Triple Tail,6528211583697428718,19,2,2,13,0
1720420143,4,Perch,15269403009852939346,18,3,2,15,0
1720420143,69,Grouper,6456145118762232512,12,5,3,7,0
1720420143,68,Grouper,16370966295566712154,20,4,1,18,3
1720420143,25,Catfish,3012253136853178838,20,5,2,4,4
1720420143,40,Anglerfish,15795905919058907978,21,2,4,15,0
1720420143,55,Spearfish,13777630021308194032,19,4,4,14,1
1720420143,33,Cod,1030557387781338962,28,5,2,10,0
1720420143,69,Grouper,12303920293627219897,20,2,1,10,0
1720420143,30,Herring,809527003640424770,19,6,1,16,0
1720420143,1,Tilapia,14226951623137089967,12,1,2,2,0
1720420143,21,Trout,9194935951134885168,23,2,1,8,0
1720420143,69,Grouper,12051644196398821400,18,2,1,13,0
1720420143,52,Bluegill,9026512663449059293,19,5,3,7,0
1720420143,97,Golden Takoyaki,2203093299931214453,32,9,6,19,18
1720420143,22,Pufferfish,17544812426945935818,19,2,1,6,0
1720420143,22,Pufferfish,14462211595461907729,19,6,1,1,0
1720420143,34,Triple Tail,16685997243780630626,24,4,4,20,0
1720420143,5010,Blahaj,12407974454820046545,29,11,6,8,0
1720420143,19,Trout,17680504976940103375,24,2,4,5,0
1720420143,60,Green Salmon,2398384622513934851,28,4,4,17,0
1720420143,69,Grouper,2682683755550385047,19,3,1,16,0
1720420143,22,Pufferfish,16379245900507409665,22,4,2,9,0
1720420143,2,Tilapia,315766940591852969,19,6,2,5,0
1720420143,13,Sardine,14351892962414624266,17,2,4,4,0
1720420143,23,Pufferfish,6470473478651273484,26,2,2,4,0
1720420143,45,Clownfish,18366195960274871632,29,5,1,7,0
1720420143,23,Pufferfish,16810015382971989515,23,3,2,4,0
1720420143,80,Starfish,14694021914739932889,20,2,3,9,0
1720420143,46,Eel,487310469113837612,12,6,1,6,0
1720420143,104,Boot,14474585921126598901,16,4,4,16,5
1720420143,61,Barracuda,278551362352699767,24,3,2,13,0
1720420143,11,Sardine,8796965975129658272,18,2,3,2,0
1720420143,54,Redgill,11999790981897793578,28,5,4,18,4
1720420143,84,Crab,3693228160096242466,23,4,3,20,0
1720420143,34,Triple Tail,17903447285901842352,22,5,1,7,0
1720420143,4,Perch,14802469154704157652,18,3,3,4,0
1720420143,53,Bluegill,8273635353286181897,14,1,1,16,0
1720420143,16,Trout,416782479543360819,19,2,2,2,0
1720420143,30,Herring,6826577496975475642,18,5,4,8,0
1720420143,44,Clownfish,17414365298154937798,24,2,3,8,0
1720420143,28,Anchovy,2919758369178228667,16,5,3,17,0
1720420143,5,Perch,15496823677811223296,20,3,4,3,0
1720420143,80,Starfish,15626487390809518190,14,1,1,11,0
1720420143,74,Mola Mola Fish,16198354803546390435,21,1,4,17,0
1720420143,77,Turtle,6556754773976679323,24,4,4,1,0
1720420143,62,Barracuda,17506075424255718700,19,6,2,16,3
1720420143,61,Barracuda,6332043339760996395,25,3,4,7,8
1720420143,8,Bass,7619274856642406102,17,4,2,11,0
1720420143,23,Pufferfish,7143310060924895025,14,3,1,19,0
1720420143,30,Herring,12047603564917548228,23,1,1,2,0
1720420143,77,Turtle,8720565819554418056,14,1,1,8,0
1720420143,52,Bluegill,6890516572701801900,22,4,3,9,0
1720420143,52,Bluegill,2538168647187249585,20,3,2,4,0
1720420143,59,Salmon,5531567265890603244,20,3,1,20,0
1720420143,43,Clownfish,12160419601497970171,23,1,1,15,0
1720420143,23,Pufferfish,15672689360988228330,15,4,3,11,0
1720420143,22,Pufferfish,6726021862593652857,20,3,2,15,0
1720420143,30,Herring,14743352969748753007,20,5,1,6,0
1720420143,28,Anchovy,15424328921597431951,16,3,1,9,0
1720420143,30,Herring,1295559108460438140,16,5,3,4,0
1720420143,55,Spearfish,8357689180008256236,12,4,4,9,0
1720420143,5,Perch,13047570182895930289,18,5,1,8,0
1720420143,29,Herring,16850466572218866989,20,6,4,9,4
1720420143,10,Sardine,13280039806300779807,13,1,4,20,0
1720420143,29,Herring,2715335341629473889,22,3,3,16,0
1731116658,14,Sardine,11374903649098590035,17,4,3,3,0
1731116838,32,Cod,13137043184825338974,24,4,1,16,0
1731116964,104,Boot,2962416779710612539,23,2,4,4,0
1731117089,13,Sardine,11119748846567715314,22,5,3,17,0
1731117214,53,Bluegill,2236646460530719802,25,2,4,6,0
1731117343,52,Bluegill,6167125347322063337,21,2,4,7,0
1731117477,29,Herring,776265699784721111,17,6,2,1,0
1731117617,23,Pufferfish,12897454981815728862,19,2,1,17,0
1731117741,62,Barracuda,8985930217380210963,20,2,1,12,0
1731117878,32,Cod,18320844128171723394,19,4,1,4,1
1731118030,47,Eel,11415285778091193825,26,5,1,20,1
1731118180,52,Bluegill,10951638490578252267,14,2,2,15,0
1731118314,86,Shrimp,17976940001260108220,19,6,1,6,0
1731118557,89,Seahorse,17276712919440933760,13,2,1,1,0
1731119052,99,Jellyfish,1377495080397590027,17,5,4,15,0
1731119258,19,Trout,10537058911669654336,13,3,4,7,0
1731119400,2,Tilapia,5475879518467634305,20,5,4,18,0
1731119603,83,Crab,4797379590364845151,15,4,1,4,0
1731119766,99,Jellyfish,8359410893711315801,18,6,1,13,2
1731119901,6,Perch,7951810025343465322,21,6,4,5,3
1731120026,40,Anglerfish,6415470351110602839,16,6,1,9,0
1731120149,59,Salmon,7639320214673302914,19,6,4,20,4
1731120284,29,Herring,5931390129652312188,18,3,4,10,0
1731120420,47,Eel,5884081325991241481,19,6,3,14,3
1731120622,74,Mola Mola Fish,1372891666033621572,17,6,3,13,0
1731120774,35,Triple Tail,142579716544079794,26,4,4,13,0
1731121089,10,Sardine,5323587030276985744,25,4,3,19,0
1731121222,1,Tilapia,1844230534517521646,21,4,3,9,0
1731121413,39,Snapperfish,13090404157609915344,25,2,4,9,0
1731121744,61,Barracuda,11012693174613991601,20,3,4,17,0
1731121867,31,Cod,16889216677754640998,22,5,1,18,2
1731122051,19,Trout,5647852932057928238,21,4,4,14,0
