1720420143,50,Damsel Fish,1182989477803798600,19,4,1,2
1720420143,81,Starfish,18376784136752506463,18,2,1,2
1720420143,37,Snapper,534304811526767259,18,4,1,18
1720420143,40,Anglerfish,1770692672497030313,18,4,4,15
1720420143,5,Perch,15678892658325395182,13,1,3,15
1720420143,97,Golden Takoyaki,14463126886791365585,32,10,6,21
1720420143,7,Bass,17139477839683447571,19,6,3,10
1720420143,38,Snapper,5663825240473911654,20,3,4,17
1720420143,76,Mola Mola Fish,13318357770525840914,24,7,1,7
1720420143,4,Perch,3904002405206356219,25,4,4,6
1720420143,16,Trout,15382493936999449139,25,1,2,3
1720420143,32,Cod,15412081680798968605,19,1,3,3
1720420143,50,Damsel Fish,12278765310020947068,23,4,4,6
1720420143,104,Boot,15373557886406064818,20,1,1,1
1720420143,1,Tilapia,16140386061487951102,21,4,4,12
1720420143,30,Herring,8880193208015809308,26,6,4,13
1720420143,3,Tilpia,7041197709388328719,23,2,4,20
1720420143,69,Grouper,6333224207681189332,13,6,2,16
1720420143,55,Spearfish,1376285126901238957,18,5,3,11
1720420143,38,Snapper,7251121250210104136,19,5,4,4
1720420143,39,Snapperfish,9454002325509614116,30,6,3,21
1720420143,5027,Cutthroat Trout,11806285211957123531,24,7,3,12
1720420143,7,Bass,15186969063743175810,19,4,3,16
1720420143,30,Herring,11630502902435724957,16,3,2,12
1720420143,40,Anglerfish,12223850729621514798,20,1,3,8
1720420143,74,Mola Mola Fish,9494639810768494819,19,1,1,13
1720420143,32,Cod,17535010426203719627,22,5,2,3
1720420143,53,Bluegill,8535179195522977752,21,3,2,16
1720420143,6,Perch,13218465649979275028,15,2,3,21
1720420143,89,Seahorse,17857201042017314050,17,6,2,18
1720420143,50,Damsel Fish,5737279220453482746,19,2,2,4
1720420143,3,Tilpia,8215239163777720206,20,5,3,6
1720420143,14,Sardine,9729821357387924419,15,1,1,13
1731604687,102,Axolotl,969750611336241074,24,3,2,11,0
1731604819,37,Snapper,7540204095586978489,17,4,4,7,0
1731604942,3,Tilpia,124782605516111777,25,6,1,15,0
1731605065,65,Piranha,11716997211564612442,24,3,1,20,0
1731605202,34,Triple Tail,2208353423964651420,18,5,1,15,6
1731605326,31,Cod,6843361128057202758,17,2,1,5,0
1731605449,17,Spot Fish,15293573318894225723,19,1,3,7,0
1731605575,49,Damsel Fish,4554959670209746094,17,4,2,9,0
1731605697,52,Bluegill,17812411063950259651,16,4,3,17,0
1731605821,2,Tilapia,6919147109175362746,16,4,2,12,0
1731605945,99,Jellyfish,17056390840357523749,20,4,4,12,0
1731606068,4,Perch,510204814166702388,18,1,1,4,0
1731606191,3,Tilpia,7488578304116341504,23,6,4,17,4
1731606329,26,Catfish,16326738598721350218,19,4,3,12,0
1731606452,89,Seahorse,13743280557049971824,20,2,1,7,0
1731606579,56,Spearfish,10535520974876246014,26,6,4,7,0
1731606702,42,Anglerfish,124023747074558618,19,5,3,6,0
1731606831,35,Triple Tail,527402437789097636,31,4,4,2,0
1731606968,3,Tilpia,14441955614255118446,22,1,1,12,0
1731607091,50,Damsel Fish,8100739688788083663,19,2,2,8,0
1731607214,104,Boot,3091435512131080671,13,4,1,15,0
1731607337,6,Perch,7756256425234112406,33,3,1,2,0
1731607460,12,Sardine,17167772485864659886,25,5,4,18,8
