1720420143,22,Pufferfish,12375834527201707052,16,2,1,7
1720420143,4,Perch,11715554793417397071,23,6,2,15
1720420143,32,Cod,15038145526399333154,18,1,1,17
1720420143,46,Eel,7909799555726014709,19,2,2,17
1720420143,37,Snapper,3761567535372629534,19,3,4,10
1720420143,28,Anchovy,6456544400102515586,16,4,4,16
1720420143,3,Tilpia,9905776103499228313,22,4,2,17
1720420143,1,Tilapia,1939834746422621859,24,4,2,9
1720420143,69,Grouper,4629617219850091698,25,3,3,10
1720420143,23,Pufferfish,2950384771695236939,24,3,1,17
1720420143,23,Pufferfish,3646304928142791746,19,4,1,8
1720420143,43,Clownfish,2119698815678072034,21,2,3,17
1720420143,28,Anchovy,111212420568041736,25,3,1,1
1720420143,53,Bluegill,13749710212168822346,19,3,3,13
1720420143,22,Pufferfish,13182899624163580498,17,6,1,14
1720420143,28,Anchovy,12886766864546153404,16,3,4,15
1720420143,46,Eel,17271517121149198637,18,5,4,18
1720420143,14,Sardine,2494555635673592847,19,2,3,11
1720420143,54,Redgill,17168359510155415400,24,6,3,11
1720420143,37,Snapper,11543131970839783691,21,1,2,20
1720420143,81,Starfish,14494225020423857010,19,6,1,12
1720420143,38,Snapper,1532865031240835630,23,3,4,4
1720420143,53,Bluegill,10922402613810341597,24,5,4,15
1720420143,38,Snapper,1461567725080821034,13,2,1,14
1720420143,16,Trout,5982041143602515996,15,2,4,10
1720420143,7,Bass,3224766362211172865,18,5,4,20
1720420143,72,Angelfish,17555102375059425107,27,7,1,13
1720420143,87,Shrimp,17217836914161302856,24,7,3,20
1720420143,82,Starfish,13915303475298472250,28,2,4,2
1720420143,48,Electric Eel,4856691431974158288,28,3,2,13
