1720420143,11,Sardine,356456449713960528,18,3,2,6
1720420143,38,Snapper,15703104113969088044,22,3,3,20
1720420143,4,Perch,11083997489414928234,21,4,1,6,0
1720420143,53,Bluegill,18058959182867642389,16,1,4,7,0
1720420143,5028,404 Fish,4432711620235032383,21,7,2,4,0
1720420143,45,Clownfish,17406288248354533096,23,5,1,21,0
1720420143,25,Catfish,1500509170620346081,17,3,2,7,0
1720420143,33,Cod,7073179867495189598,23,4,4,20,6
1720420143,78,Turtle,540165908412714192,28,3,4,7,0
1720420143,34,Triple Tail,11671997534602179229,18,2,1,10,0
1720420143,102,Axolotl,14159649483611416311,21,9,4,17,16
1720420143,8,Bass,4020878263464494287,20,1,4,9,0
1720420143,51,Damsel Fish,4723794931465305305,15,5,3,7,0
1720420143,26,Catfish,9982934691409711703,20,6,3,19,0
1720420143,47,Eel,17453465183901542997,18,3,1,15,0
1720420143,83,Crab,17385560949717972310,20,3,1,19,0
1720420143,75,Mola Mola Fish,13143262926342138454,21,7,1,21,0
1720420143,38,Snapper,971906522000022629,15,6,1,20,0
1720420143,50,Damsel Fish,1644549739927550600,23,6,1,17,0
1720420143,60,Green Salmon,16958040370695215573,29,2,2,2,0
1720420143,8,Bass,4661583631400519097,25,4,4,5,0
1720420143,83,Crab,15230403048500876223,20,4,1,9,0
1720420143,22,Pufferfish,18345745351710162012,16,6,4,16,4
1720420143,84,Crab,16246288825853255766,17,5,3,12,0
1720420143,41,Anglerfish,12572416719572516989,32,5,4,3,3
1720420143,101,Red Handfish,1248155550105127137,35,10,6,18,40
1720420143,37,Snapper,16347100919901819958,19,2,4,12,0
1720420143,96,Octopus,11678412482212784914,23,8,6,16,0
1720420143,110,Pop-eyed goldfish,14026374833634402558,34,5,4,3,0
1720420143,59,Salmon,1921698475883168166,18,4,3,5,0
1720420143,71,Angel Fish,15938832722804033854,19,4,3,9,0
1720420143,67,Grouper,5149529273476123979,14,5,4,2,0
1720420143,43,Clownfish,16938571902858801045,19,5,4,19,7
1720420143,71,Angel Fish,16070457401925669269,15,6,4,14,0
1720420143,2,Tilapia,12331633353406767578,15,5,3,8,0
1720420143,62,Barracuda,17307646110204655961,18,6,1,20,3
1720420143,16,Trout,13868492553877332060,15,3,2,18,0
1720420143,37,Snapper,4066430773528368355,16,2,2,13,0
1720420143,104,Boot,9129962540925292647,20,3,3,8,0
1720420143,61,Barracuda,12294912669334706512,15,2,4,11,0
1720420143,83,Crab,3576684328447014741,16,1,2,16,0
1720420143,56,Spearfish,7814191282254103426,24,5,2,18,0
1720420143,62,Barracuda,4667000624222009656,25,2,2,10,0
1720420143,99,Jellyfish,9372750117572422949,15,3,2,19,0
1720420143,35,Triple Tail,5507938427401740896,26,6,3,4,4
1720420143,99,Jellyfish,15244770624880516210,15,5,4,7,0
1720420143,92,Lobster,7604746905265863043,18,5,4,9,0
1720420143,16,Trout,3270465713577285796,19,5,4,19,0
1720420143,29,Herring,3742532600056819316,24,5,4,18,7
1720420143,35,Triple Tail,16198997342067585711,23,4,4,2,0
1720420143,40,Anglerfish,8733625805473357642,23,6,4,5,3
1720420143,70,Angel Fish,15595409128569782629,19,5,3,16,0
1720420143,40,Anglerfish,7293517504146408915,15,1,3,13,0
1720420143,8,Bass,1072902555871482646,19,6,4,17,0
1720420143,71,Angel Fish,15131889218521096709,18,5,2,19,5
1720420143,38,Snapper,14030878546712714443,19,6,3,16,0
1720420143,22,Pufferfish,10229751884590589512,25,5,2,20,0
1720420143,47,Eel,1367688424472853177,17,3,3,3,0
1720420143,37,Snapper,16932661509315956122,22,5,4,14,0
1720420143,69,Grouper,11904285360826696764,18,1,1,19,0
1720420143,86,Shrimp,11098964588821034077,17,6,1,1,0
1720420143,53,Bluegill,4679038459083559932,21,6,2,20,0
1720420143,17,Spot Fish,17228938994634667030,17,6,2,8,0
1720420143,105,GamerPieJess fish,1720602456897655921,14,3,4,8,0
1720420143,34,Triple Tail,15992620584897019620,20,2,2,1,0
1720420143,7,Bass,7107531344911459517,20,6,3,18,6
1720420143,30,Herring,6193245020244677231,21,4,2,16,0
1720420143,29,Herring,156009804012927129,22,4,4,16,4
1720420143,35,Triple Tail,700800680003400376,22,6,2,8,0
1720420143,48,Electric Eel,5609614267792789902,26,5,4,3,0
1720420143,64,Piranha,10348330244800185996,17,4,4,13,0
1720420143,31,Cod,8329598173603068991,14,3,4,8,0
1720420143,77,Turtle,14594478461236454407,17,6,2,11,0
1720420143,74,Mola Mola Fish,4805903406674992930,25,1,1,19,0
1720420143,100,Jellyfish,1156369884021589936,17,4,3,10,0
1720420143,64,Piranha,12088269169551482038,15,1,3,3,0
1720420143,4,Perch,11148683509661067856,25,1,3,6,0
