1731314489,99,Jellyfish,3504718262780157444,18,2,3,1,0
1731314612,4,Perch,4739680026986571692,19,2,1,10,0
1731314748,70,Angel Fish,17040650648651775615,19,6,1,15,0
1731314908,13,Sardine,1502598980274487577,18,3,3,13,0
1731315049,4,Perch,13203414686934597131,21,1,3,4,0
1731315198,69,Grouper,17301219297330910810,17,3,4,5,0
1731315394,59,Salmon,3582406842202983806,17,1,3,16,0
1731315939,64,Piranha,12329412056617632409,21,5,1,15,0
1731316893,7,Bass,5389796674852243806,21,6,3,20,8
1731317143,61,Barracuda,6419466040290812788,19,6,4,14,0
1731317624,22,Pufferfish,9356600994048282988,18,5,1,17,0
1731317787,49,Damsel Fish,4721387068535992652,13,2,3,9,0
1731318209,78,Turtle,13740268496018159185,24,3,3,4,0
1731318334,59,Salmon,10791745664269386164,19,5,1,6,0
1731318607,42,Anglerfish,9996358343887333886,27,3,4,12,1
1731318864,23,Pufferfish,8067947951819890404,18,4,4,11,0
1731319185,23,Pufferfish,4388462334898528962,15,2,2,18,0
1731319367,43,Clownfish,11567668057058637328,17,1,1,14,0
1731319737,16,Trout,65221871102059828,20,6,3,17,0
1731320017,13,Sardine,17247136153080357002,21,5,3,7,0
1731320267,4,Perch,9714966759307672415,14,3,1,11,0
1731320417,32,Cod,17742706376495941923,20,3,1,4,0
1731320567,32,Cod,10979883360803903294,18,6,3,12,0
1731320717,64,Piranha,16588223485876570366,19,6,3,3,0
1731320867,5,Perch,13187434718488142514,18,4,4,6,0
1731321017,34,Triple Tail,16002931324280551744,19,4,4,15,0
1731321167,38,Snapper,13741647142076031369,19,5,3,4,0
1731321317,104,Boot,10543194996265375713,22,4,4,14,0
1731321467,44,Clownfish,9402477533334586397,24,6,2,16,0
1731321617,49,Damsel Fish,10654979138342112848,22,4,3,15,0
1731321767,2,Tilapia,15393087009654136622,20,4,1,13,0
1731321917,25,Catfish,7700789111254372481,19,6,3,9,6
1731322067,53,Bluegill,11464094024371664938,19,6,1,10,4
1731322217,14,Sardine,15960827562147157967,19,3,3,19,0
1731322367,76,Mola Mola Fish,15414492999232687895,26,8,3,18,12
1731322517,37,Snapper,14316716079086407920,20,3,2,3,0
1731322667,23,Pufferfish,11449114141337455824,16,6,3,16,0
1731322817,1,Tilapia,4034343759814251044,19,6,2,3,0
1731322967,80,Starfish,15591374414461989601,18,6,3,5,3
1731323117,41,Anglerfish,11682637914842263371,25,5,2,12,10
1731323267,28,Anchovy,14145114496169047937,17,4,4,7,0
1731323417,28,Anchovy,17590822274368410301,18,2,3,14,0
1731323567,64,Piranha,9781157357563671388,19,2,4,12,0
1731323717,13,Sardine,4611566609713816156,17,6,2,8,0
1731323867,31,Cod,15756483509268828476,18,1,3,20,0
1731324017,13,Sardine,14940946848678019087,20,4,4,10,1
1731324167,50,Damsel Fish,4998142213703154337,16,6,4,9,0
1731324317,7,Bass,1459566556812608827,23,4,4,8,1
1731324467,65,Piranha,1513836706760882838,17,2,1,20,0
1731324617,104,Boot,3789134470310471636,24,4,3,6,0
1731324767,46,Eel,1981559327598835189,23,2,3,3,0
1731324917,49,Damsel Fish,15679928268715957989,17,2,1,8,0
1731325067,2,Tilapia,5747165011923376400,21,3,1,15,0
1731325217,99,Jellyfish,8268282466978795337,15,3,4,4,0
1731325367,10,Sardine,13882453098677964086,22,4,3,12,1
1731325517,59,Salmon,12511508520648770541,17,4,3,2,0
1731325667,111,404 Fish,11790796831490888219,35,7,3,10,19
1731325817,22,Pufferfish,17106904864557827473,19,4,4,3,0
1731325967,63,Barracuda,9909808431443953017,17,7,1,4,0
1731326117,66,Piranha,9442560275934387975,21,2,3,8,0
1731326267,83,Crab,15609180856002122161,18,1,1,11,0
1731326417,99,Jellyfish,15686594373210995466,21,2,2,9,0
1731326567,44,Clownfish,7620811779398407882,14,4,3,16,0
1731326717,39,Snapperfish,5094001150375676985,26,5,1,8,0
1731326867,1,Tilapia,2211535006305729067,23,1,1,2,0
1731327017,59,Salmon,217009386582871211,20,1,2,3,0
1731327167,89,Seahorse,5972901944781088929,15,6,3,9,0
1731327317,17,Spot Fish,16062349559266591999,18,6,3,20,4
1731327467,4,Perch,69878627830624337,14,3,2,7,0
1731327617,81,Starfish,648456607760895641,17,2,1,1,0
1731327767,99,Jellyfish,16673788400027778840,25,3,2,4,0
1731327917,83,Crab,16983652294747628211,15,5,4,6,0
1731328067,17,Spot Fish,10563294676448927279,26,3,1,11,0
1731328217,44,Clownfish,11867167570712854857,18,6,3,4,1
1731328367,96,Octopus,2383854729989429938,22,3,1,21,0
1731328517,67,Grouper,15758287470196211007,16,5,3,13,1
1731328667,43,Clownfish,3276655753264262223,15,2,4,7,0
1731328817,31,Cod,8223016530662062743,16,3,4,8,0
1731328967,61,Barracuda,11567803779062865285,15,1,4,1,0
1731329117,93,Blue Lobster,942050269572521138,23,7,1,3,0
1731329267,104,Boot,6090690455559880460,19,3,1,7,0
1731329417,42,Anglerfish,13971994479008354366,33,5,3,7,4
1731329567,24,Pufferfish,2293569492687521812,16,6,2,16,0
1731329717,64,Piranha,1958675690666568894,17,5,3,2,0
1731329867,71,Angel Fish,17636197400319706804,20,6,3,18,5
