1723289362,68,Grouper,3665178805857365630,28,6,4,10,14
1723290351,72,Angelfish,701862722687032278,24,5,2,7,0
1723291204,53,Bluegill,10403503641109404806,23,4,3,11,4
1723291561,99,Jellyfish,5110858315646691902,19,1,1,5,0
1723292086,50,Damsel Fish,15385640811700050612,21,6,2,11,4
1723292275,8,Bass,12646103190549746098,15,5,4,4,0
1723293982,2,Tilapia,9169564439156119950,20,3,3,17,0
1723294194,29,Herring,3680154168542359799,21,5,4,20,0
1723376757,55,Spearfish,894219501143759036,19,5,3,12,0
1723377003,55,Spearfish,1131735817971042500,23,5,1,10,0
1723378317,59,Salmon,2250667153016883566,22,3,4,6,0
1723378513,89,Seahorse,10948655960749429034,22,6,3,3,1
1723378645,11,Sardine,14027712059083213568,19,2,3,11,0
1723378907,4,Perch,14156308738465196619,20,5,4,18,0
1723379134,55,Spearfish,3584231847265456540,17,5,2,9,2
1723379660,67,Grouper,6410209251306062001,18,2,2,19,0
