1720420143,14,Sardine,5953458661965176182,18,4,2,19
1720420143,46,Eel,1214733376756720456,19,4,3,2
1720420143,30,Herring,11150483017438424403,23,1,4,10
1720420143,59,Salmon,18013023418034964086,25,2,1,14
1720420143,23,Pufferfish,708659452462395045,19,1,3,10
1720420143,14,Sardine,6195914887870175948,24,5,4,4
1720420143,38,Snapper,9990959798964197463,20,2,4,13
1720420143,44,Clownfish,17387663900338510043,17,3,3,18
1720420143,7,Bass,7078982091000434167,15,6,1,13
1720420143,16,Trout,16185134551757893530,20,1,1,1
1720420143,4,Perch,2172522678930671260,18,2,1,14
1720420143,3,Tilpia,13771576713449775290,23,5,4,6
1720420143,37,Snapper,12955778043840418853,24,2,1,6
1720420143,65,Piranha,8935763244418873376,19,2,1,12,0
1720420143,7,Bass,1901211689972178445,20,2,3,12,1
1720420143,8,Bass,17914811983624163262,15,3,4,9,0
1720420143,5,Perch,16513077946485833456,17,6,1,18,0
1720420143,19,Trout,1901721024367061791,15,3,1,20,0
1720420143,23,Pufferfish,10272672838802750085,13,5,3,3,0
1720420143,44,Clownfish,4616214489949288072,16,5,4,7,0
1720420143,52,Bluegill,1611606237503305041,22,2,3,20,0
1720420143,37,Snapper,12869820418902464668,13,2,2,1,0
1720420143,41,Anglerfish,11844085852190706399,29,7,1,14,3
1720420143,8,Bass,855158756760706625,22,2,3,9,0
1720420143,55,Spearfish,6737236285741804505,20,5,3,13,0
1720420143,25,Catfish,1010240402939884484,20,6,1,5,0
1720420143,55,Spearfish,11621648345077884646,22,3,3,11,0
1720420143,80,Starfish,14244210627959555238,20,4,2,11,0
1720420143,110,Pop-eyed goldfish,1692537133520516755,22,5,2,21,6
1720420143,64,Piranha,18232037364169692078,20,4,3,18,0
1720420143,71,Angel Fish,17285440184396607156,15,5,4,2,0
1720420143,31,Cod,11683029016235065858,23,6,1,9,5
1720420143,44,Clownfish,12392583622491390972,21,6,1,20,2
1720420143,43,Clownfish,3585696428125392858,14,2,4,19,0
1720420143,68,Grouper,2387467267508755029,22,4,1,3,0
1720420143,46,Eel,3908147833177647946,19,6,4,10,1
1720420143,25,Catfish,17119276311906233451,17,2,2,7,0
1720420143,108,Great white shark,5606177218246930645,23,5,2,20,1
1720420143,29,Herring,6330895795793643417,21,3,3,8,0
1720420143,5028,404 Fish,299711388991253350,27,6,4,2,0
1720420143,30,Herring,6664533048265088958,22,6,2,6,7
1720420143,3,Tilpia,13943610000371077305,22,2,2,5,0
1720420143,59,Salmon,835050217278537172,17,6,1,19,7
1720420143,48,Electric Eel,4750640573988901766,24,2,3,3,0
1720420143,27,Catfish,17386628925587060271,31,4,3,20,17
1720420143,32,Cod,7693087225195293872,16,2,1,1,0
1720420143,52,Bluegill,4980542109866170832,19,3,2,2,0
1720420143,4,Perch,10976099544224111478,14,6,4,5,0
1720420143,104,Boot,18206872802216108048,18,1,3,14,0
1720420143,13,Sardine,4515377957973938885,19,6,4,4,2
