1731036994,52,Bluegill,5645855565083533246,21,1,1,5,0
1731037320,30,Herring,6529172668023974530,15,4,2,11,0
1731037475,23,Pufferfish,16561660768073190283,16,6,3,18,0
1731041012,28,Anchovy,15556344236549085755,19,1,2,5,0
1731041577,22,Pufferfish,10364760490441877682,19,1,4,5,0
1734677224,11,Sardine,13116451409670495999,19,4,1,11,0
1734677354,13,Sardine,14539435797175056636,22,4,1,9,0
1734814234,47,Eel,18290631472483138138,16,2,1,15,0
1734814365,32,Cod,10656512184100821182,25,2,1,8,0
1734814557,70,Angel Fish,8526046104767240003,16,1,2,19,0
1734814693,29,Herring,7012677742833208066,23,2,3,6,1
1734815253,22,Pufferfish,5563166583512552238,17,2,2,6,0
1734815486,2,Tilapia,14961202533731567044,18,5,1,20,1
1734815776,63,Barracuda,11247526992127026568,19,3,3,3,0
1734816302,7,Bass,906970765852517410,16,6,3,20,2
1734816482,31,Cod,4391055927706358905,26,6,2,18,7
1734816608,83,Crab,9983851637293152848,16,5,4,1,0
1734816858,99,Jellyfish,16253619888002420650,21,1,2,3,0
1734816981,35,Triple Tail,9373339548803588917,30,2,3,10,1
1734817107,4,Perch,18206415868610766005,19,3,1,16,0
1734817229,23,Pufferfish,14590908922324051216,25,2,2,20,0
1734817508,28,Anchovy,7481865247135895456,17,6,3,1,4
1734817634,21,Trout,11429208285625318769,24,4,1,2,0
1734817808,50,Damsel Fish,10864918846214086330,17,3,1,16,0
1734817932,91,Golden Seahorse,11887111349623379964,25,6,6,5,2
1734818106,70,Angel Fish,17783177665005045581,16,2,1,9,0
1734818282,2,Tilapia,3977114575961377437,17,1,2,7,0
1734819293,67,Grouper,4142484891799472684,17,4,2,10,0
1734819547,3,Tilpia,17024317410390182966,20,1,4,16,0
1734820002,100,Jellyfish,8336658717943342862,27,4,1,19,0
1734820223,32,Cod,4990518448689264517,24,6,4,19,22
1734821503,67,Grouper,5917422611997913491,13,2,4,3,0
1734821931,99,Jellyfish,3073128271060429648,14,5,1,5,0
1734822053,70,Angel Fish,8739017166463370210,15,1,4,5,0
1734823014,99,Jellyfish,11739989820119693454,19,6,3,16,0
1734823184,63,Barracuda,9940536043756763816,25,2,3,11,0
1734824914,93,Blue Lobster,14560736736928957937,26,5,1,2,3
1734825042,62,Barracuda,17782461930286446622,16,1,4,8,0
1734825891,39,Snapperfish,17256043135142813120,27,2,3,21,0
1734826014,32,Cod,16413247289276732259,21,1,3,2,0
1734826260,22,Pufferfish,3286089934469646274,21,5,3,14,0
1734826706,31,Cod,8556973785789120813,16,4,1,15,0
1734827919,54,Redgill,14303513937818317614,27,3,2,4,0
1734828120,70,Angel Fish,18187806136538885397,19,1,1,16,0
1734828418,23,Pufferfish,10734290745513542343,22,6,3,5,0
1734828638,1,Tilapia,2466772191985372128,22,1,4,16,0
1734828760,104,Boot,3563195434523576496,19,5,4,20,9
1734829207,46,Eel,152251859630003483,19,3,2,16,0
1734829332,53,Bluegill,11952489146239117138,20,3,2,17,0
1734829454,70,Angel Fish,5699987885320692713,20,1,2,17,0
1734829666,65,Piranha,458146349640442327,19,2,1,17,0
1734829787,78,Turtle,10964923403509909170,29,6,4,11,11
1734830307,22,Pufferfish,10655903995370556364,23,1,2,14,0
1734830772,71,Angel Fish,17658914063668646305,15,5,4,11,0
1734831289,11,Sardine,5343444175200778091,19,4,2,13,0
1734831433,52,Bluegill,14769064867053676272,16,3,1,10,0
1734831610,65,Piranha,10111647729334299875,21,6,3,14,0
1734831744,83,Crab,3027650852878513052,20,5,1,2,2
1734831976,77,Turtle,13863637239948912195,20,1,2,12,0
1734833514,17,Spot Fish,6095824780060909212,18,6,4,8,0
1734833677,80,Starfish,8449419944963096579,23,2,2,14,0
1734833823,16,Trout,16360790669701406229,23,5,3,11,0
1734833948,62,Barracuda,14805709524329297723,22,1,3,9,0
1734834090,29,Herring,420911281794002972,20,4,1,9,0
1734834284,34,Triple Tail,5505771908643248526,21,5,4,14,0
1734834413,37,Snapper,1406749775810989313,23,6,2,5,0
1734834787,99,Jellyfish,16285228502050295064,22,2,2,3,0
1734835098,11,Sardine,5453743343668057420,19,2,4,9,0
1734835227,17,Spot Fish,8090444098685463525,15,4,3,6,0
1734835492,25,Catfish,18413389394748715624,22,4,1,6,0
1734835654,69,Grouper,2337175110313105152,20,2,3,13,0
1734836254,23,Pufferfish,15852659460426000919,23,3,1,13,0
1734837516,82,Starfish,5751079339187227115,24,5,1,20,0
1734837855,52,Bluegill,17485586734447908981,22,6,3,18,0
1734837978,20,Trout,17550402471894795054,16,7,1,2,2
1734838474,37,Snapper,7546911757795516954,25,5,3,2,0
1734838597,32,Cod,13727649399107244068,21,4,2,15,0
1734839252,43,Clownfish,8005555551803115279,18,6,3,12,0
1734840358,19,Trout,16179485544581938156,21,3,3,9,0
