1720420143,31,Cod,12057371980184865709,12,1,1,13
1720420143,16,Trout,4424028046806825646,19,4,1,5
1720420143,17,Spot Fish,5849435209948621808,22,6,1,4
1720420143,29,Herring,15553930790840690100,15,6,2,16
1720420143,26,Catfish,4162812935857097941,20,5,2,3
1720420143,4,Perch,8913398391415996056,15,5,4,12
1720420143,81,Starfish,895778560583284068,24,5,3,13
1720420143,5,Perch,1582116497731848362,12,6,2,9
1720420143,19,Trout,3787823005883009858,14,6,4,1
1720420143,17,Spot Fish,15312092901649187494,14,5,3,16
1720420143,72,Angelfish,12176604428703822994,20,3,2,16
1720420143,17,Spot Fish,17294786815625681582,18,5,2,8
1720420143,46,Eel,5289927853694875571,18,4,3,9
1720420143,17,Spot Fish,8353723683899984799,19,4,4,9
1720420143,84,Crab,10047063228447311921,19,6,3,3
1720420143,8,Bass,8719165152528349488,18,1,3,6
1720420143,89,Seahorse,14708780646047321901,24,3,1,19
1720420143,60,Green Salmon,6154977832516056189,22,5,4,11
1720420143,10,Sardine,12235480835248594561,23,4,1,15
1720420143,7,Bass,9157004442209450547,17,4,3,8
1720420143,7,Bass,2714437807617875145,23,4,2,6
1720420143,31,Cod,14957040965737936786,19,1,1,5
1720420143,16,Trout,8517874152859242777,18,1,4,8
1720420143,81,Starfish,17027408239389687736,15,5,2,14
1720420143,19,Trout,11281107391029009431,22,6,1,5
1720420143,28,Anchovy,16554404533397649830,25,5,3,10
1720420143,46,Eel,17910660564202083735,16,5,4,2
1720420143,81,Starfish,14365364803913923915,25,3,3,12
1720420143,37,Snapper,16317331439962128326,19,2,2,3
1720420143,23,Pufferfish,4587932019152099234,17,6,1,20
1720420143,37,Snapper,16810458098764914656,22,2,3,16
1720420143,7,Bass,4738548693336236626,20,2,3,10
1720420143,5031,Boot,9958925129776303357,22,5,1,16
1720420143,13,Sardine,9519512044891942283,14,3,4,10
1720420143,43,Clownfish,1071807781160446085,20,5,3,3
1720420143,8,Bass,13551727788869309252,19,1,2,13
1720420143,5,Perch,570144605655251795,18,6,2,18
1720420143,55,Spearfish,5677142947780409028,16,5,1,11
1720420143,28,Anchovy,10765539416523281221,21,4,1,13
1720420143,37,Snapper,11929113813471668528,16,4,2,19
1720420143,7,Bass,10179762045826252086,14,2,1,9
1720420143,23,Pufferfish,2280134721896459176,18,1,4,16
1720420143,4,Perch,10904793489623951531,16,6,1,16
1720420143,81,Starfish,17215032297844204325,23,5,1,16,0
1720420143,80,Starfish,18421170730352355440,23,2,2,16,0
1720420143,7,Bass,9232595870218957429,19,6,2,13,0
1720420143,1,Tilapia,2444487489229489491,19,2,3,10
1720420143,57,Spearfish,9211433863084983860,24,6,1,7,5
1720420143,5029,{NULL}fish,14867722869052269542,100,0,0,0,0
