1731024698,58,Salmon,6536944430348203358,19,2,3,16,0
1733030905,65,Piranha,11490821969640491055,15,2,4,4,0
1733031050,80,Starfish,8275415337164918553,22,6,3,18,0
1733031251,80,Starfish,5188236907526419993,19,3,4,1,0
1733031381,38,Snapper,3146192275679876802,18,5,1,8,0
1733031522,59,Salmon,14025666030551446059,24,6,3,12,8
1733031645,34,Triple Tail,13097375302856655203,21,6,1,15,0
1733031773,83,Crab,6917223141663669553,19,2,4,5,0
1733031987,14,Sardine,8676038483605054792,24,4,1,7,0
1733032145,22,Pufferfish,12072534223439175518,20,2,3,14,0
1733032280,29,Herring,2680141457458887692,20,4,4,3,0
1733032416,14,Sardine,4665195044927175502,21,5,3,2,0
1733032554,17,Spot Fish,15438267803135178376,22,4,1,3,0
1733032802,16,Trout,6125553315902180895,19,2,3,5,0
