1723377224,64,Piranha,5221209583136546608,25,5,3,3,3
1723377374,83,Crab,7942878352655358283,17,5,2,5,0
1723377537,38,Snapper,4773251374114568118,18,4,1,4,0
1723377839,30,Herring,7399294234131703510,18,1,4,10,0
1723378021,28,Anchovy,12940535973207491302,25,5,4,13,0
1723378159,59,Salmon,3550580453029147666,19,6,2,14,0
1723378278,87,Shrimp,6192665867473067015,22,4,2,11,0
1723378418,83,Crab,13320976147802139215,14,2,2,12,0
1723378542,52,Bluegill,11791432875054794756,18,6,1,10,0
1723378663,38,Snapper,15338038526136320088,20,6,2,17,2
1723378795,81,Starfish,8059486179886055939,23,3,3,9,0
1723378914,83,Crab,4706689833283853505,20,1,4,4,0
1723379035,93,Blue Lobster,11114180204237606271,25,2,2,18,0
1723379158,82,Starfish,17662935961229662679,20,7,4,20,3
1723379317,23,Pufferfish,2641253532080597733,19,3,1,20,0
1723379436,44,Clownfish,18214154899889889045,19,4,3,16,0
1723379556,44,Clownfish,5235262365365298043,19,1,4,12,0
1723379683,13,Sardine,7138603444279257683,19,4,4,4,1
1723379803,31,Cod,41888692908824899,24,2,4,17,0
1723379923,38,Snapper,10246430894060031726,18,1,2,16,0
1723380043,14,Sardine,6479385723461836027,20,6,1,4,0
1723380186,48,Electric Eel,10151149982556828778,27,2,1,17,0
1723471738,34,Triple Tail,18232263962299287136,15,6,4,13,0
1723840917,50,Damsel Fish,3469668359770811022,19,3,4,9,0
1723841045,58,Salmon,9278552439050878229,22,6,4,17,10
1723841363,74,Mola Mola Fish,17573579643393637742,24,5,4,5,0
1723841892,83,Crab,9025028097825830818,18,5,2,19,2
1723842116,38,Snapper,6598802841182023795,18,2,2,9,0
1723842239,29,Herring,3147755594417303930,22,3,2,17,0
