1764485504,64,Piranha,14292598557606420149,16,2,4,11
1766025928,89,Seahorse,16296174315639328930,19,1,4,2
1766211876,103,{NULL}fish,5549042252541833110,100,0,0,0
1766212004,75,Mola Mola Fish,17506163712105388472,26,4,1,2
1766212133,93,Blue Lobster,13534948191355638935,26,2,1,13
1766212303,50,Damsel Fish,335348664492571585,12,5,4,9
1766212428,22,Pufferfish,13053972135695459232,21,6,3,9
1766213009,15,Spotfish,12401708872714550019,25,7,1,2
1766213236,102,Axolotl,16381966361764399803,24,8,6,3
1766213514,66,Piranha,2748284774780357374,27,6,4,17
1766213674,45,Clownfish,15681651614865006386,28,3,4,16
1766213834,8,Bass,4251708575081684870,18,6,4,16
1766215016,43,Clownfish,372551742914871633,18,4,4,7
1766215183,8,Bass,6016256387837990999,15,5,2,15
1766215393,19,Trout,2200283402401242772,25,3,3,13
1766215669,17,Spot Fish,1709667635648409086,17,2,3,16
1766215893,89,Seahorse,800060000493916026,21,4,1,4
1766216040,47,Eel,1558896545731462638,17,6,4,18
1766216181,89,Seahorse,3580477988074526215,25,1,4,12
1766216305,51,Damsel Fish,17394562432973295794,22,3,2,21
1766216471,28,Anchovy,4286817972314377500,20,2,2,12
1766216599,40,Anglerfish,9508785505294735492,16,4,1,2
1766216859,2,Tilapia,9415304147998991305,16,3,1,11
1766217184,68,Grouper,13646127055954130723,29,7,1,16
1766217415,62,Barracuda,12951706504562108019,18,1,3,9
1766217679,59,Salmon,15299413487221328840,17,2,4,6
1766217857,62,Barracuda,12001617237926365602,19,3,3,20
1766217989,46,Eel,2383412602548044387,23,2,4,3
1766218124,47,Eel,14154427856383953861,23,5,2,17
1766218369,60,Green Salmon,7443343128588045234,22,3,3,6
1766218495,40,Anglerfish,11855102967104541657,19,6,2,13
1766218752,89,Seahorse,3967193430825669123,25,3,2,18
1766218918,29,Herring,10890988565863113294,17,6,1,6
1766219241,32,Cod,13246687591127767873,22,1,2,6
1766219459,38,Snapper,7954981753030358633,20,1,2,8
1766219618,83,Crab,12473513312444157810,18,3,3,8
1766219959,62,Barracuda,3345807601664379642,16,4,4,4
1766220176,3,Tilpia,6072122844912633414,22,3,2,4
1766220421,23,Pufferfish,16492946228249778224,16,6,4,5
1766220658,23,Pufferfish,16550076844522396895,22,3,4,2
1766220888,11,Sardine,8625287718284573171,18,3,4,16
1766221182,16,Trout,15218983375138478143,25,4,4,14
1766221334,90,Seahorse,9144240828635833799,33,7,2,10
1766221470,87,Shrimp,18348200516773535462,23,7,1,12
