1720420143,16,Trout,14766336430808500934,21,6,1,13
1720420143,41,Anglerfish,10875089624920058044,21,3,3,3
1720420143,8,Bass,13127475308563362162,23,2,2,7
1720420143,30,Herring,9656267133019049449,19,5,1,11
1720420143,40,Anglerfish,9480281974161884990,14,4,2,11
1720420143,74,Mola Mola Fish,3848170708019968391,19,1,1,7
1720420143,14,Sardine,157975768330830739,24,2,1,15
1720420143,104,Boot,1987464203136649747,12,2,2,17
1720420143,75,Mola Mola Fish,9228953934171770982,21,3,4,17
1720420143,107,Blahaj,3823959486154152490,36,4,6,6
1720420143,63,Barracuda,9188347846907792488,24,6,3,13
1720420143,89,Seahorse,4311504376499918538,18,5,1,4
1720420143,59,Salmon,11082128042981849543,19,5,1,9
1720420143,63,Barracuda,443109964270490354,24,4,4,8
1720420143,11,Sardine,2009877663167953924,20,4,4,4
1720420143,79,Turtle,4877713526278068144,29,6,4,4
1720420143,43,Clownfish,9478841671479333029,14,3,2,6
1720420143,25,Catfish,5513530110980716381,16,1,2,14
1720420143,4,Perch,16970899954805185336,14,3,1,16
1720420143,44,Clownfish,629600522070557294,19,4,3,6
1720420143,90,Seahorse,12800223709634848500,29,7,1,19
1720420143,47,Eel,743623992485828253,16,3,1,17
1720420143,89,Seahorse,6742476402923206027,24,5,4,10
1720420143,81,Starfish,8135366408217065549,16,1,4,20
1720420143,21,Trout,6851874588655798902,18,6,2,18
1720420143,14,Sardine,6609673372321348162,19,4,3,7
1720420143,17,Spot Fish,8654165067872857481,18,1,2,20
1720420143,104,Boot,16658500895568510718,21,5,3,12
1720420143,7,Bass,7256598259394604952,17,2,2,6
1720420143,11,Sardine,9908810360070990064,21,3,4,15
1720420143,5,Perch,3297768919498586569,14,1,4,9
1720420143,10,Sardine,14579037779261748022,20,6,2,10
1720420143,5,Perch,1106786730145885774,24,6,2,9
1720420143,7,Bass,2423593675236897197,21,4,1,7
1720420143,50,Damsel Fish,3036342638608081850,17,3,2,15
1720420143,20,Trout,7721123796622303790,21,6,2,11
1720420143,47,Eel,9636828320175988753,21,1,4,14
1720420143,81,Starfish,8878088408274485417,16,1,4,6
1720420143,59,Salmon,11484082187422221946,23,4,3,18
1720420143,72,Angelfish,16297664677315570647,21,7,1,6
1720420143,84,Crab,4618842252790088885,22,2,2,10
1720420143,32,Cod,92121390387535494,23,4,4,18
1720420143,3,Tilpia,8811348477373433841,13,6,3,14,0
1720420143,26,Catfish,3164748472477173820,28,7,2,17,0
1720420143,4,Perch,6059371765064843712,22,5,1,2,0
1720420143,30,Herring,2297755856895797419,21,3,3,17,0
1720420143,76,Mola Mola Fish,5730436867158005999,19,9,3,20,10
1720420143,104,Boot,13991102170611549996,17,3,2,10,0
1720420143,10,Sardine,8199047686184781369,26,3,4,17,0
1720420143,31,Cod,6628523525266615063,14,4,4,17,0
1720420143,81,Starfish,12516899974842997971,17,2,2,14,0
1720420143,55,Spearfish,14653042207045682480,16,1,3,13,0
1720420143,78,Turtle,14127410519258274456,22,2,4,8,1
1720420143,84,Crab,13587017323690721851,18,7,1,17,0
1720420143,87,Shrimp,4243036780347366527,27,2,1,5,0
1720420143,56,Spearfish,15723615631354432426,20,2,4,19,0
1720420143,50,Damsel Fish,10258324353754794503,13,6,3,5,0
1720420143,19,Trout,17849509694806944542,20,3,1,18,0
1720420143,24,Pufferfish,10413279402674795475,22,2,1,18,0
1720420143,49,Damsel Fish,1259699778651880923,24,1,3,8,0
1720420143,29,Herring,12161717372380578895,22,1,3,18,0
1720420143,10,Sardine,10669045763806413211,12,6,2,17,0
1720420143,63,Barracuda,8810627859721989304,32,4,1,17,0
1720420143,2,Tilapia,13933123820378908809,13,2,4,12,0
1720420143,13,Sardine,15912352731002696152,20,1,3,16,0
1720420143,82,Starfish,2566727879406197422,18,4,4,15,0
1720420143,22,Pufferfish,14202673902227183084,19,5,4,17,1
1720420143,70,Angel Fish,7000838518774802929,22,3,3,13,0
1720420143,17,Spot Fish,10524065380300953534,20,1,1,16,0
1720420143,74,Mola Mola Fish,12904397081186413211,13,1,4,7,0
1720420143,30,Herring,13989464818356977914,25,4,2,4,2
1720420143,70,Angel Fish,892264779709474530,23,6,4,4,0
1720420143,20,Trout,5927922682512177210,29,7,2,2,0
1720420143,105,GamerPieJess fish,11370690789354119812,28,3,2,6,0
1720420143,9,Bass,10954615684807456153,29,6,1,11,7
1720420143,18,Trout,14089163181650962018,26,4,1,12,0
1720420143,4,Perch,11537195252097220965,23,5,4,3,0
1720420143,90,Seahorse,17917297827346797703,26,3,3,10,0
1720420143,15,Spotfish,374657176834894171,18,4,3,4,0
1720420143,96,Octopus,681729664660232736,16,5,3,14,1
1720420143,108,Great white shark,7911807810332851732,21,5,1,11,0
1720420143,110,Pop-eyed goldfish,17205210709939541752,24,6,2,3,3
1720420143,5,Perch,8539126908503413244,24,4,4,14,7
1720420143,5,Perch,4731855670248937616,22,3,1,8,0
1720420143,51,Damsel Fish,10465357111510998244,22,6,3,12,4
1720420143,8,Bass,18228112192659538723,17,6,4,20,14
1720420143,34,Triple Tail,14447753095258191064,19,5,1,13,0
1720420143,53,Bluegill,1062577962072266417,14,5,4,17,1
1720420143,55,Spearfish,3674220399296484735,26,6,4,11,0
1720420143,73,Rainbow Trout,12311079588461848328,30,6,6,12,14
1720420143,69,Grouper,7532978333995630264,20,6,2,20,0
1720420143,50,Damsel Fish,2366824460256848691,13,2,3,20,0
1720420143,40,Anglerfish,16747098215989077364,21,2,4,8,0
1720420143,34,Triple Tail,4110841591918039291,21,4,3,1,2
1720420143,71,Angel Fish,8676903837598372912,18,6,3,10,5
1720420143,25,Catfish,7593026482442355991,16,6,2,12,0
1720420143,50,Damsel Fish,6172246488259408605,20,1,4,14,0
1720420143,61,Barracuda,12306447906550159535,18,2,3,5,0
1720420143,60,Green Salmon,231903470551895162,27,4,3,10,0
1720420143,77,Turtle,16941507187212744078,18,4,3,9,0
1720420143,4,Perch,12639296037232233628,16,6,2,3,0
1720420143,1,Tilapia,11192450675542715012,25,4,3,4,1
1720420143,12,Sardine,13280797274870420219,16,6,2,21,0
1720420143,32,Cod,3563696511691416075,17,6,3,18,0
1720420143,19,Trout,10806684205063515023,22,4,2,3,0
1720420143,61,Barracuda,14923974034665588200,22,2,3,15,0
1720420143,20,Trout,12480306949713533600,28,3,1,6,3
1720420143,84,Crab,14286839687570024464,24,2,1,20,0
1720420143,75,Mola Mola Fish,13794572336807981334,21,4,1,14,0
1720420143,77,Turtle,11342708795485684537,19,3,2,9,0
1720420143,111,404 Fish,1259802165161640724,19,6,2,16,3
1720420143,10,Sardine,14262893832686273553,17,2,1,12,0
1720420143,74,Mola Mola Fish,15759527062775560652,23,4,4,18,0
1720420143,56,Spearfish,5486185558738077670,23,6,1,12,0
1720420143,46,Eel,6705788162413978151,25,2,4,3,0
1720420143,19,Trout,1066288637698801650,23,2,4,17,0
1720420143,31,Cod,411587824271527592,24,1,2,13,0
1720420143,73,Rainbow Trout,9641078874379526487,37,10,6,12,22
1720420143,31,Cod,9577987976813361561,15,1,4,18,0
1720420143,22,Pufferfish,12127404529308057301,19,6,2,6,0
1720420143,88,Shrimp King,7745861967411596029,32,10,6,21,43
1720420143,72,Angelfish,5162732340370261729,24,6,3,14,0
1720420143,46,Eel,16019302323346188074,20,4,2,10,0
1720420143,89,Seahorse,3616221035207392017,19,2,4,8,0
1720420143,29,Herring,12664211625242871189,15,4,3,20,0
1720420143,15,Spotfish,2895465066711846254,14,3,4,18,2
1720420143,53,Bluegill,9648410816547503119,19,6,3,13,0
1720420143,66,Piranha,8616276070691427554,27,4,3,4
1722488340,44,Clownfish,14010817977470607872,13,6,4,14,0
1725503452,43,Clownfish,11529550668824135319,22,1,2,18,0
1725503838,15,Spotfish,8294268413247218646,31,7,2,20,10
1731025868,46,Eel,8029283460050366054,20,3,1,17,0
1731026118,89,Seahorse,16281742657733510166,18,6,2,5,0
1731026366,2,Tilapia,17437112288247489363,17,5,3,14,0
1731026492,103,{NULL}fish,9462241271102632010,100,0,0,0,0
1731026617,59,Salmon,9511739841145584749,13,3,2,14,0
1731028374,25,Catfish,12096150756443261135,16,2,1,5,0
1731029135,98,Jellyfish,4340873759023770962,26,4,4,4,5
1731029913,46,Eel,17172211062088994643,20,5,1,14,0
1731030323,90,Seahorse,16492680215589191537,28,2,4,14,0
1731030500,46,Eel,172560263293220307,17,2,2,10,0
1731030826,5,Perch,11746043699513381350,22,3,3,9,0
1731031027,84,Crab,4582386903523958419,24,7,3,9,0
1731031270,47,Eel,18252433160296296003,24,1,1,1,0
1731096326,3,Tilpia,1121727844354610518,20,4,4,20,2
1731113788,63,Barracuda,769946489937327212,30,3,3,14,1
1731113912,69,Grouper,1797604967667271014,25,6,2,7,0
1731114153,29,Herring,7150964850125012215,17,4,3,20,0
1731114336,106,Sakhalin sturgeon,7163332058231912578,31,10,6,11,3
1731321260,89,Seahorse,4710453692245137550,19,4,2,1,0
1731321387,49,Damsel Fish,11054821833649768032,15,4,4,14,0
1731321917,38,Snapper,7717974991057670156,15,1,1,19,0
1731684414,83,Crab,10886739552201357280,24,4,2,11,1
1731684971,47,Eel,12137883745361360210,18,6,3,7,0
1731689273,62,Barracuda,17350120433463081373,23,1,1,11,0
1731691307,104,Boot,15663667151545084457,16,6,2,12,0
1731691746,68,Grouper,1757735865559999683,25,3,1,10,0
1731697944,24,Pufferfish,2772952958638978231,29,5,1,13,0
1734664901,90,Seahorse,558953093209386174,29,2,2,7,0
1734669143,70,Angel Fish,9447574937586336627,16,5,3,15,0
1734669264,52,Bluegill,16443490277685554176,20,4,4,15,0
