25,Catfish,6042259901206044435,16,5,1,13
37,Snapper,17280614493709528935,22,6,2,10
5031,Boot,15444504043480479412,20,4,3,2
44,Clownfish,14675048772343086385,21,6,1,15
1,Tilapia,4136086784398573243,19,4,3,10
89,Seahorse,16166535867029291237,17,1,3,18
13,Sardine,5559986039051143502,12,5,2,1
77,Turtle,12351414318291446040,20,5,1,6
23,Pufferfish,8999368036117651052,24,6,1,15
17,Spot Fish,5963651336307320788,12,2,1,19
55,Spearfish,12546067942401013727,18,5,2,2
63,Barracuda,18017011586213779254,26,2,4,3
16,Trout,14514612014707562587,16,4,1,15
1,Tilapia,13557640648355463991,19,5,4,16
5031,Boot,4287310918643656948,22,6,2,2
55,Spearfish,8710007629661469187,25,1,4,3
32,Cod,17580163406138715945,21,5,4,19
16,Trout,17526738734845021871,14,5,3,11
89,Seahorse,13102565176898752327,20,4,4,10
1,Tilapia,4847859698423058454,16,4,1,9
47,Eel,6065903316500586054,13,6,1,12
1,Tilapia,4407593550344155370,18,3,1,2
55,Spearfish,2590993372955867672,25,3,3,20
20,Trout,17517729325639559538,28,7,3,11
28,Anchovy,2044678230586831947,15,4,1,11
17,Spot Fish,9883880931882496161,16,4,3,9
55,Spearfish,3898263575694031153,14,3,1,3
31,Cod,7725422142880923605,13,6,1,12
89,Seahorse,10055610541364893690,22,1,1,15
32,Cod,16590041468744698978,19,2,4,1
11,Sardine,3876328702053108378,20,6,1,16
5026,GamerPieJess fish,15322001539651302308,29,4,1,6
23,Pufferfish,345358949874214321,23,2,1,3
