1720420143,29,Herring,539512397870174580,19,4,4,13
1720420143,16,Trout,6717795755281265572,23,1,2,15
1720420143,81,Starfish,2672331612828183913,24,5,4,7
1720420143,28,Anchovy,15881672497266015713,23,3,2,9
1720420143,89,Seahorse,5219912431956852259,21,2,1,2
1720420143,13,Sardine,6580344220441690485,23,6,3,14
1720420143,13,Sardine,13300567018782621629,21,3,3,7
1720420143,28,Anchovy,10189132880282639956,21,2,4,8
1720420143,1,Tilapia,1647172097143023154,20,4,3,9
1720420143,32,Cod,17200808112355334897,13,2,3,3
1720420143,29,Herring,24371664992106379,13,6,2,7
1720420143,46,Eel,14204040081962198847,15,4,3,18
1720420143,69,Grouper,14236280538948245456,16,2,2,11
1720420143,50,Damsel Fish,14281887107819276902,17,5,4,8
1720420143,41,Anglerfish,11203725908038631819,28,5,2,12
1720420143,32,Cod,8392041892050301307,18,5,4,11
1720420143,28,Anchovy,1828790118706125871,22,5,1,20
1720420143,31,Cod,5253782681374833752,16,5,1,1
1720420143,28,Anchovy,4940423723765210472,17,2,4,15
1720420143,55,Spearfish,7100088428010220722,19,1,4,7
1720420143,11,Sardine,13614717099553746342,19,5,3,14
1720420143,50,Damsel Fish,11144476284144450185,17,2,4,11
1720420143,71,Angel Fish,13005853879926522437,17,3,2,19
1720420143,65,Piranha,9443325487950752291,24,1,4,5
1720420143,35,Triple Tail,2844540802605377649,18,4,2,5
1720420143,13,Sardine,9561547664449014672,14,2,1,11
1720420143,89,Seahorse,6726601183855936992,16,2,1,12
1720420143,5031,Boot,5131693859049962016,25,1,1,1
1720420143,32,Cod,5858488740891116733,25,4,4,16
1720420143,29,Herring,709055213212427345,24,3,1,5
1720420143,22,Pufferfish,2694483791259693776,21,1,3,13
1720420143,45,Clownfish,146180261075873571,22,2,3,2
1720420143,34,Triple Tail,4381557813468092169,20,6,1,5
1720420143,8,Bass,886459581089007368,23,6,4,5
1720420143,65,Piranha,7508547249114595060,20,3,3,19
1720420143,47,Eel,17292136765697600153,23,5,1,2
1720420143,45,Clownfish,4114845759590983152,24,7,2,10
1720420143,71,Angel Fish,250921728198156256,20,3,1,3
1720420143,28,Anchovy,16105560072271512415,17,5,3,13
1720420143,1,Tilapia,17625593086383855475,23,2,1,18
1720420143,1,Tilapia,12444383804531528061,17,3,2,1
1720420143,32,Cod,10998260315553923816,17,6,4,14
1720420143,14,Sardine,5538087582510874253,22,4,3,20
1720420143,44,Clownfish,3823559485867677044,18,2,1,16
1720420143,11,Sardine,1924196592559258129,16,6,2,5
1720420143,14,Sardine,4648779745446810828,22,5,3,4
1720420143,25,Catfish,2171760953941349550,22,1,4,14
1720420143,23,Pufferfish,4652004641284096254,22,1,4,3
