13,Sardine,6419174779288853776,19,4,4,4
16,Trout,9623137047886552075,14,5,3,12
62,Barracuda,10691569802351573169,22,5,3,3
38,Snapper,18431846564723814362,23,2,3,12
87,Shrimp,6025264185156425553,18,4,3,21
5031,Boot,6850077995145606397,25,3,1,11
89,Seahorse,4829550989666722081,17,5,3,17
67,Grouper,17534428658557273614,22,1,4,15,0
59,Salmon,754789241387181796,14,1,3,14,0
12,Sardine,10136052833786008615,20,6,1,13,0
5059,Great white shark,11295076752403820056,35,5,4,3,16
52,Bluegill,1101001588294670315,19,5,2,1,0
22,Pufferfish,378250721710556868,17,1,1,10,0
