16,Trout,13769416530219402290,19,5,3,13,-1
44,Clownfish,1127651702193557475,19,1,4,6,-1
13,Sardine,7476545865774067666,16,4,4,8,-1
43,Clownfish,3557869472659683250,18,1,2,12,-1
37,Snapper,4969531544598078578,24,2,1,9,-1
53,Bluegill,7542298810822829034,22,2,4,20,-1
35,Triple Tail,5389043701767289270,30,6,2,15,-1
74,Mola Mola Fish,5675237850866927082,23,5,4,12,-1
5010,Blahaj,10778938553228970359,27,11,6,14,-1
43,Clownfish,13176859679624327751,18,2,4,15,-1
1,Tilapia,13613201933117295335,24,2,2,5,-1
25,Catfish,7802895232599958649,19,2,3,3,-1
8,Bass,389585752014865437,18,4,3,19,-1
8,Bass,2429720464092474861,21,1,3,1,-1
14,Sardine,12836798314658210019,25,3,1,10,-1
29,Herring,5120482361677781391,19,4,4,8,-1
5029,{NULL}fish,3700883740277292886,100,0,0,0,-1
5029,{NULL}fish,1301491015901478885,100,0,0,0,-1
35,Triple Tail,18028599148660585433,25,6,3,3,-1
59,Salmon,15136134543116444273,23,6,4,4,-1
3,Tilpia,14084314176671636148,16,3,2,16,-1
63,Barracuda,5692195728247610178,27,4,1,19,-1
17,Spot Fish,10229889378575087458,17,6,4,10,-1
16,Trout,11262807653548218965,16,5,1,2,-1
40,Anglerfish,7688904279909623021,22,3,1,14,-1
