34,Triple Tail,11361933816765758076,17,2,2,9,-1
77,Turtle,6530211058167432191,14,2,4,14,-1
20,Trout,9092366717368298698,23,4,4,14,-1
14,Sardine,17125575023564580794,24,3,3,1,-1
29,Herring,9130337749102073105,12,6,3,1,-1
1,Tilapia,7740839364814382884,24,4,2,20,-1
19,Trout,4714182605244526322,17,4,1,5,-1
37,Snapper,14714924134111751477,20,3,4,17,-1
4,Perch,15851255534378784738,21,2,2,1,-1
41,Anglerfish,3764503811609623490,23,2,3,8,-1
10,Sardine,5951111491466410871,17,3,3,1,-1
40,Anglerfish,15784057095973727899,12,6,2,5,-1
81,Starfish,15871371663563916178,17,2,2,2,-1
37,Snapper,15061931649509164063,24,6,1,13,-1
