17,Spot Fish,478985906319039035,22,1,1,1
32,Cod,2684101208504974990,22,3,3,5
38,Snapper,1893728938831565905,23,2,4,2
10,Sardine,15836976758201526286,24,6,1,20
27,Catfish,14481766663989455433,20,6,3,7
14,Sardine,1053677388936033444,16,3,4,16
5012,Red Handfish,9788385355164430837,35,5,6,18
16,Trout,10510923155467500356,25,3,3,13
28,Anchovy,793884854166188223,18,1,2,11
32,Cod,12839697446080244747,17,4,4,16
40,Anglerfish,10118054137346253740,13,4,4,18
32,Cod,7671922673603288851,21,4,4,19
55,Spearfish,5361205949017989291,24,2,2,20
74,Mola Mola Fish,5682035173613039829,14,6,3,16
19,Trout,9081662716773353420,19,6,2,8
24,Pufferfish,11358720698412326910,21,7,2,6
36,Triple Tail,16788817609142998435,27,5,4,16
5,Perch,16830406975338519888,21,2,4,16
75,Mola Mola Fish,8711490062943639896,24,6,2,13
55,Spearfish,649645509500094520,19,4,2,14
34,Triple Tail,15120074433837266717,19,1,2,12
75,Mola Mola Fish,10069367748632249718,24,7,3,10
3,Tilpia,17096683007782214285,20,3,3,20
10,Sardine,848629643845824387,20,4,1,11
74,Mola Mola Fish,1596319969246931447,19,5,4,19
60,Green Salmon,11769072836920750096,31,5,4,5
74,Mola Mola Fish,10755687382485463244,16,3,4,10
71,Angel Fish,9667980564205719304,20,4,3,8
60,Green Salmon,15239896877533664068,22,5,4,5
5031,Boot,6716271240190555275,14,4,2,2
1,Tilapia,10959843132826618718,13,6,3,13
6,Perch,13402738227830121576,25,6,2,19
11,Sardine,7567514541842152977,17,1,2,3
54,Redgill,3631781816126018001,20,5,4,12
55,Spearfish,16864314345597674095,16,2,1,15
26,Catfish,13778979645284544566,31,2,3,5
60,Green Salmon,9253858512616561501,29,6,1,9
8,Bass,5351928457626732720,22,3,4,1
39,Snapperfish,16805731621750435265,29,5,4,12
56,Spearfish,2001147852682957461,30,4,4,2
79,Turtle,8160406509804702691,23,3,1,7
4,Perch,7645924202529999089,16,1,4,8
22,Pufferfish,13169628371793381519,23,6,4,10
14,Sardine,7501344699607600243,21,2,2,3
