28,Anchovy,14725975677153334959,14,5,3,15
25,Catfish,3391215737736016129,17,4,2,6
16,Trout,9987447356137042207,21,6,1,5
22,Pufferfish,2121400865392908763,23,3,4,8
13,Sardine,308851618814858371,21,6,3,8
41,Anglerfish,6905476044584440706,17,6,4,17
10,Sardine,13937031045925783167,17,5,2,12
27,Catfish,10552426526739238294,21,4,3,10
34,Triple Tail,14031609838497424669,23,2,3,2
33,Cod,2762343465204963144,19,6,2,19
5049,Axolotl,4368130405294569655,24,4,4,12
32,Cod,15770142597308813304,19,6,2,13
31,Cod,6148256121081172453,17,4,1,6
75,Mola Mola Fish,11997927744725828992,26,3,1,6
51,Damsel Fish,5754663441676293802,23,7,1,6
43,Clownfish,1455888101382574773,21,2,3,16
11,Sardine,15501914593694073584,18,1,1,2
4,Perch,278790373726686562,22,5,3,3
8,Bass,14949969460279333157,20,6,1,17
15,Spotfish,7107641902094440854,21,7,3,21
45,Clownfish,8698750415394115440,22,6,3,21
17,Spot Fish,6082520029725909147,21,3,4,11
13,Sardine,8576620646755853362,20,5,2,2
32,Cod,12503350355696762474,19,5,4,13
34,Triple Tail,10319840237712001899,18,6,3,15
11,Sardine,12761875076419934432,18,2,3,17
5031,Boot,12542800268633387198,17,1,3,8
55,Spearfish,140730403147448472,20,2,3,20
17,Spot Fish,2711596716689703242,21,4,1,4
71,Angel Fish,15706164368507316265,20,1,3,6
7,Bass,14669251056662367220,20,3,4,16
77,Turtle,7941585025556356367,22,5,2,20
28,Anchovy,6761970693753579004,19,4,1,9
4,Perch,3489399636370197937,19,4,3,15
43,Clownfish,4833017172782414126,22,5,1,4
56,Spearfish,4663032396738517894,26,4,3,7
18,Trout,3628425384253866929,27,3,4,21
44,Clownfish,8687262876794791609,17,6,4,8
78,Turtle,14562932481300610121,20,6,1,20
22,Pufferfish,13099795270163405103,20,2,2,10
56,Spearfish,12510997040669453942,28,6,1,7
19,Trout,12351967014102435512,20,5,2,6
69,Grouper,17982323766172690419,14,2,1,13
25,Catfish,8341580593377908624,22,1,2,10
59,Salmon,1119198646579415809,16,4,4,13
