4,Perch,4938537714490436669,22,1,2,2,-1
7,Bass,4738425050484130330,21,6,1,3,-1
28,Anchovy,14374882237140947922,21,5,1,2,-1
17,Spot Fish,8072665742580991743,22,3,4,9,-1
14,Sardine,3996795794947613896,21,6,4,9,-1
16,Trout,1810374016378189433,21,5,3,3,-1
43,Clownfish,15700375856051176775,21,1,4,11,-1
17,Spot Fish,13803089511822302142,21,2,1,14,-1
5013,Sakhalin sturgeon,13030895743216428,39,10,6,5,-1
89,Seahorse,9678689704027936436,21,1,3,9,-1
74,Mola Mola Fish,8247081004718285627,21,3,2,10,-1
100,Jellyfish,8782510056042867441,28,2,4,15,-1
45,Clownfish,8250893703894597595,25,7,4,17,-1
11,Sardine,1300541409149656006,18,5,4,8,-1
62,Barracuda,1968071245399172183,12,5,1,12,-1
43,Clownfish,283334860190781368,19,1,4,20,-1
94,Lobster,16284780184322920022,31,2,2,11,-1
5,Perch,10190882317513798942,17,2,4,14,-1
84,Crab,13566982319946237314,24,7,3,15,-1
5,Perch,2372370157214470097,18,3,4,1,-1
31,Cod,10117396200916965761,20,5,1,15,-1
24,Pufferfish,2020607375862999481,26,6,1,6,-1
47,Eel,17510811366422968862,20,3,3,13,-1
3,Tilpia,3221066819407422456,15,2,1,9,-1
54,Redgill,8823532323158024580,24,3,2,12,-1
72,Angelfish,15777194556085096663,18,2,1,15,-1
3,Tilpia,13888485156539804338,18,3,2,18,-1
56,Spearfish,18413398561005080984,27,5,3,4,-1
5,Perch,8079678285120734104,17,6,1,20,-1
77,Turtle,1438650682693366465,21,5,1,13,-1
29,Herring,13095048848451341386,18,4,4,6,-1
28,Anchovy,14356805344988215926,19,3,2,14,-1
5012,Red Handfish,11971350927321622939,36,7,6,9,-1
47,Eel,10040375031283582668,15,1,2,20,-1
19,Trout,7448240766414761509,19,1,4,14,-1
