37,Snapper,15809745248654823560,21,3,3,10
22,Pufferfish,17837454805289374951,23,3,4,19
44,Clownfish,5124421560840025790,17,1,1,20
65,Piranha,14874945259839045602,18,1,1,5
89,Seahorse,6443583518987293302,17,5,3,18
19,Trout,9689350182238901509,18,6,4,4
59,Salmon,14456507366754971828,23,1,2,4
63,Barracuda,10945771016826728715,27,4,2,14
76,Mola Mola Fish,6721545984838186126,31,9,5,13
89,Seahorse,7265171388607896141,21,5,3,17
8,Bass,5019629828000355915,22,6,2,5
40,Anglerfish,3756378084705832330,17,3,3,8
40,Anglerfish,10795319710796704434,19,3,4,7
38,Snapper,18276349047430885491,19,1,2,1
71,Angel Fish,8420721064444874188,22,5,3,17
62,Barracuda,9293368078599904091,24,6,1,5
93,Blue Lobster,675431237223624484,22,5,2,9
46,Eel,3434237216464358980,12,3,3,2
22,Pufferfish,6983185647994709723,16,3,1,6
82,Starfish,824697391227299340,30,6,4,18
11,Sardine,2894134261331773009,16,2,1,13
50,Damsel Fish,5276974240734329720,18,2,4,5
5026,GamerPieJess fish,6356994379156430946,27,6,2,8
45,Clownfish,494943949867481057,25,5,1,4
5012,Red Handfish,15441432755139048050,37,4,6,9
53,Bluegill,17375355518041479059,21,5,3,5
5,Perch,16199393137419292516,20,2,4,5
39,Snapperfish,3897184827240287584,18,4,2,9
5059,Great white shark,1881561596092451251,25,4,2,15
55,Spearfish,13637744808387445465,14,1,2,3
10,Sardine,16474203223030691725,19,3,2,14
81,Starfish,6979594450401982532,21,6,3,17
25,Catfish,12753689281338059988,15,3,3,2
47,Eel,11388083073729496595,24,2,1,10
3,Tilpia,1896074385049695000,18,3,1,3
5013,Sakhalin sturgeon,12806586437067867002,34,9,6,13
74,Mola Mola Fish,14243015973345890518,17,3,2,15
10,Sardine,6214065663323009477,22,5,1,8
1,Tilapia,10798080494418885416,22,1,1,9
7,Bass,15085616678653709679,15,3,2,14
14,Sardine,7675518029698643842,22,4,3,14
5026,GamerPieJess fish,7198270027998199605,28,3,1,10
16,Trout,12746092496008976955,15,3,2,20
45,Clownfish,11072598693563974903,25,4,4,12
77,Turtle,12202556708924875878,17,2,1,8
