30,Herring,6573287330065472018,24,3,4,11,-1
13,Sardine,7658869663539992940,15,1,2,16,-1
4,Perch,11679990164727403729,21,2,4,4,-1
11,Sardine,224252958664917241,17,6,4,10,-1
46,Eel,7101482226865442786,25,5,1,19,-1
81,Starfish,15122782981062109020,15,6,4,7,-1
37,Snapper,2704398931457248293,23,3,2,12,-1
16,Trout,9927522147756044088,24,5,1,4,-1
16,Trout,4096225132489732795,16,1,4,9,-1
14,Sardine,5499461453204670143,19,5,2,14,-1
99,Jellyfish,2905904948990071947,18,2,2,3,-1
58,Salmon,15421142796575810296,20,2,4,19,-1
29,Herring,17628672649245761479,19,1,3,16,-1
16,Trout,18086881242635792493,20,5,3,5,-1
32,Cod,6176003128110395285,20,6,1,12,-1
49,Damsel Fish,13825831256174684452,20,1,4,13,-1
32,Cod,11273505183326362462,23,6,2,15,-1
37,Snapper,14219981773221770051,21,2,1,5,-1
29,Herring,122647867577522588,17,3,2,9,-1
31,Cod,814134687221160927,23,1,3,12,-1
5031,Boot,7386558751224002097,14,4,2,18,-1
31,Cod,801473836814766901,22,6,1,12,-1
1,Tilapia,17236717357153098486,16,1,1,19,-1
5031,Boot,2005368307350711677,21,4,1,10,-1
1,Tilapia,5374053482218239244,19,2,4,14,-1
93,Blue Lobster,10264894823041429734,29,4,2,14,-1
1,Tilapia,17996070292065014743,23,3,2,9,-1
4,Perch,7428416718215646298,17,3,4,7,-1
11,Sardine,8572445947840276815,26,2,1,1,-1
7,Bass,5296664440301140421,25,5,2,9,-1
43,Clownfish,7443331527919927741,20,1,1,15,-1
32,Cod,7962149747984404889,25,2,4,12,-1
1,Tilapia,15456943240560433090,23,5,2,6,-1
59,Salmon,6851341724254900012,16,6,3,1,-1
14,Sardine,9128874138217224510,18,1,2,6,-1
61,Barracuda,17568642753424036986,21,5,1,3,-1
32,Cod,12673259569623060149,26,4,4,18,-1
5067,Pop-eyed goldfish,17036061851489534169,33,3,2,13,-1
22,Pufferfish,7591682477707832088,13,1,4,12,-1
7,Bass,6241236386461033866,17,2,1,4,-1
49,Damsel Fish,3120866460464994358,17,1,1,2,-1
