100,Jellyfish,17489030042317046642,18,6,2,10,-1
22,Pufferfish,11402790462109653053,17,5,2,2,-1
16,Trout,10214419696315389189,20,5,4,12,-1
77,Turtle,117111144909651616,19,2,4,4,-1
46,Eel,2570635382424980491,18,4,4,13,-1
31,Cod,4446241488921723338,20,3,2,20,-1
23,Pufferfish,2071386538179769970,20,6,4,9,-1
44,Clownfish,11538284169350863389,22,4,3,6,-1
1,Tilapia,6066417068731787519,17,2,3,10,-1
43,Clownfish,15719747355864526646,21,1,4,12,-1
5067,Pop-eyed goldfish,7326029341296475785,29,7,1,7,-1
98,Jellyfish,9913396883209220918,18,5,1,4,-1
54,Redgill,12885617636730134790,21,4,3,19,-1
53,Bluegill,2392344117738548262,15,5,3,14,-1
38,Snapper,5976070773329427928,20,3,1,4,-1
