13,Sardine,13554426195583004209,23,4,2,18
1,Tilapia,17546633068762384101,18,3,3,17
60,Green Salmon,5623832337030972932,29,2,1,6
23,Pufferfish,7652415018719468679,16,6,4,10
37,Snapper,7171942565608144161,13,6,1,9
89,Seahorse,18165680963679819939,14,2,3,11
48,Electric Eel,8839772841836332727,20,6,2,14
4,Perch,15874045950772313116,14,2,4,10
30,Herring,15792911036465205244,20,1,4,18
53,Bluegill,8958458028696388849,16,3,2,3
1,Tilapia,13919525971932739052,17,3,1,15
38,Snapper,8044416282544316236,19,6,4,4
50,Damsel Fish,11250137758388093099,19,4,2,2
28,Anchovy,5237754447104763797,21,1,1,14
53,Bluegill,1313598757181503895,14,3,2,14
34,Triple Tail,2477605779400576586,18,1,2,4
5067,Pop-eyed goldfish,17867229269721262721,25,6,1,18
43,Clownfish,8201246035673572107,20,2,4,11,0
38,Snapper,14329160203888566855,18,5,4,5,1
24,Pufferfish,8392072922019213938,24,3,2,9,0
3,Tilpia,15283954009787785836,19,1,2,13,0
58,Salmon,15530677515204700083,17,5,4,11,0
63,Barracuda,11028694751285173922,20,3,3,4,0
50,Damsel Fish,2798907513992307154,14,2,4,7,0
42,Anglerfish,2229774541344179603,29,6,1,18,7
96,Octopus,17566211125419198294,30,10,4,5,11
72,Angelfish,13355246054983358145,18,4,2,3,0
19,Trout,7437225017769753620,16,1,2,1,0
81,Starfish,15040333101740861117,20,4,3,13,0
25,Catfish,12631661169761336250,19,2,2,20,0
51,Damsel Fish,8080615483610185254,31,4,2,19,1
5031,Boot,15749604339251096854,19,5,3,1,0
88,Shrimp King,13244185069166296034,30,10,6,7,9
3,Tilpia,7389803385266860155,17,6,4,5,0
11,Sardine,4376342189159466573,17,5,1,10,0
55,Spearfish,16486246476144967933,20,1,1,5,0
75,Mola Mola Fish,13657468928251674643,28,5,4,19,4
52,Bluegill,6355060645801708057,20,6,4,9,2
55,Spearfish,8492968247346865851,22,3,2,8,0
65,Piranha,18201005726572649433,21,2,3,9,0
28,Anchovy,4975415654932571995,17,5,1,9,0
81,Starfish,3413920950339450266,18,3,3,2,0
35,Triple Tail,1102675932568757040,22,6,4,9,5
57,Spearfish,14676592963235397624,33,4,2,6,0
87,Shrimp,17409436655936818401,22,3,3,9,0
44,Clownfish,14597580627992997178,20,4,2,12,0
71,Angel Fish,7543121182193890554,22,2,2,1,0
22,Pufferfish,1013439489368048143,21,4,1,8,0
1,Tilapia,1534969533921622094,15,6,3,20,0
10,Sardine,1286064134735777447,22,4,4,1,0
65,Piranha,11695151572159914334,13,2,4,3,0
5,Perch,8799407677077173138,23,5,2,3,5
