7,Bass,5641355666764730321,18,4,1,16,-1
1,Tilapia,16668394546090048055,20,3,4,20,-1
25,Catfish,11294468405505070513,15,1,3,14,-1
87,Shrimp,13337031342162715485,30,4,3,20,-1
28,Anchovy,10898578339007608538,21,6,2,4,-1
37,Snapper,4120409512758967452,14,1,2,1,-1
11,Sardine,17413749655343925882,25,4,4,17,-1
31,Cod,5778714804101105675,12,4,3,13,-1
17,Spot Fish,18165484728473329039,19,6,1,8,-1
28,Anchovy,5629787162147445319,13,2,3,11,-1
4,Perch,8549267650043861601,21,5,3,8,-1
32,Cod,15234578531382765658,18,5,4,3,-1
10,Sardine,3416829201542248403,15,2,1,1,-1
34,Triple Tail,16052202841072024626,16,5,4,20,-1
37,Snapper,15351149985962440486,19,6,4,2,-1
4,Perch,8647170418804569720,21,3,4,12,-1
14,Sardine,11696727564721728001,13,1,1,9,-1
