11,Sardine,18034095634710742369,24,5,3,15,-1
4,Perch,6135396253945064999,23,1,4,2,-1
32,Cod,13720921510344760368,20,4,1,2,-1
11,Sardine,8752761027570543078,21,4,1,8,-1
31,Cod,17887222842009564749,21,5,4,12,-1
75,Mola Mola Fish,8668185426976891021,22,5,1,21,-1
47,Eel,4564677707217296918,18,5,4,20,-1
40,Anglerfish,5998507125805987218,18,4,4,5,-1
68,Grouper,16133157064879720406,31,4,3,18,-1
62,Barracuda,1704400771475904812,21,2,3,5,-1
32,Cod,269303288475562935,18,2,3,3,-1
7,Bass,7746318054247455176,20,6,4,13,-1
23,Pufferfish,16709695824901100384,20,1,4,8,-1
28,Anchovy,10404175940932418373,21,3,1,15,-1
11,Sardine,8705532383540499492,17,3,1,8,-1
37,Snapper,11818109505383287489,22,3,4,17,-1
77,Turtle,46027049090194540,25,3,4,10,-1
60,Green Salmon,1309310670967154271,28,2,4,16,-1
87,Shrimp,11212066512221875258,15,2,2,20,-1
20,Trout,15000179110928337022,29,5,1,8,-1
23,Pufferfish,3664757699008355468,19,3,3,13,-1
72,Angelfish,6228832479275626749,20,7,2,14,-1
21,Trout,11692378266010374870,22,3,1,20,-1
10,Sardine,5886114274466157775,18,3,3,3,-1
76,Mola Mola Fish,7440781008525042196,24,10,3,7,-1
35,Triple Tail,13593193447911705285,24,2,3,11,-1
40,Anglerfish,11344841205454900175,21,6,2,11,-1
28,Anchovy,514373095516076243,18,1,4,14,-1
5027,Cutthroat Trout,18111787951563694584,19,4,1,21,-1
30,Herring,18393750149136650538,23,2,2,4,-1
24,Pufferfish,3648586819380486913,17,6,2,3,-1
25,Catfish,16391878039686628365,16,1,3,19,-1
25,Catfish,13573638901376003291,22,6,1,20,-1
55,Spearfish,14977403527547834770,14,4,4,2,-1
