5031,Boot,8836292847492022836,17,6,4,7,-1
5,Perch,10742607810056957395,23,4,1,17,-1
13,Sardine,1757327605849639208,19,5,3,14,-1
54,Redgill,292330046957417761,27,2,1,9,-1
37,Snapper,17636565667847013807,19,1,1,5,-1
22,Pufferfish,18131777737342485311,19,5,4,18,-1
46,Eel,14053294393209662564,18,2,4,20,-1
13,Sardine,5920076306633714459,20,5,3,3,-1
16,Trout,6208763417439171161,22,6,4,11,-1
20,Trout,10109134267694065911,29,5,2,4,-1
19,Trout,17117937732758911134,23,5,1,13,-1
54,Redgill,17628602635586477925,21,3,3,10,-1
16,Trout,1428393212091443633,23,4,4,15,-1
11,Sardine,5202697084400039338,23,4,2,19,-1
40,Anglerfish,11346696177658161144,19,1,1,8,-1
46,Eel,5968088354713063675,22,1,1,15,-1
5012,Red Handfish,4019992540821772502,36,8,6,19,-1
30,Herring,10533511111561286793,22,3,3,8,-1
62,Barracuda,6139012604619597762,23,1,2,15,-1
28,Anchovy,7013791559438969150,21,3,4,11,-1
45,Clownfish,7976406303296058971,23,6,1,19,-1
5031,Boot,9103438803316302741,17,3,2,9,-1
22,Pufferfish,14820141367115049761,22,1,4,4,-1
90,Seahorse,13787313928306605910,29,7,4,8,-1
5059,Great white shark,1265965951275174905,25,5,3,2,-1
84,Crab,17242654354707314373,18,7,4,5,-1
5031,Boot,4707040191990900008,19,6,2,14,-1
8,Bass,17542727697183396577,13,1,4,16,-1
13,Sardine,3729682646658627189,16,4,2,13,-1
46,Eel,8370603071792398589,25,1,3,1,-1
5028,404 Fish,13211612083566738274,25,2,2,13,-1
60,Green Salmon,10938934661020198948,24,7,2,3,-1
72,Angelfish,17738260148925332201,19,3,1,13,-1
19,Trout,7342515821011378913,15,4,2,16,-1
72,Angelfish,2741864374791380640,23,7,4,3,-1
69,Grouper,4391761791321057345,16,2,1,1,-1
76,Mola Mola Fish,10424619741274371246,21,3,6,3,-1
53,Bluegill,8412901506399107734,26,6,4,19,-1
38,Snapper,2172700797520882322,24,1,2,13,-1
35,Triple Tail,6364496260195161418,23,4,2,9,-1
25,Catfish,17694062454177336473,14,2,3,12,-1
5031,Boot,330966513248882541,13,1,2,6,-1
