71,Angel Fish,16109859120072241171,17,1,1,13
14,Sardine,2672209222684762355,22,1,1,12
62,Barracuda,255244101204807497,20,6,3,20
37,Snapper,781637210054445700,19,6,3,15
29,Herring,18032763997802113186,14,2,2,9
89,Seahorse,6403095974076638445,21,3,1,5
19,Trout,4643112972926579364,21,2,4,12
62,Barracuda,444930247922884864,20,1,4,10
77,Turtle,3070644147938344925,12,1,4,12
34,Triple Tail,11751870160591622749,23,4,1,16
18,Trout,3367224222485458551,24,7,1,3
47,Eel,8077749420450195049,20,2,3,11
77,Turtle,3974161668709321148,19,2,3,20
5,Perch,15270149615286080790,15,4,4,12,0
15,Spotfish,11911766056079013341,23,6,1,3,3
40,Anglerfish,6474775681264109362,14,5,3,14,0
47,Eel,4517308858510963595,19,1,1,14,0
87,Shrimp,16001070438262473958,26,6,1,18,7
44,Clownfish,15177419314570398831,18,2,4,2,0
33,Cod,14887030150180297898,22,5,1,6,0
18,Trout,9008793056946939346,28,2,4,8,5
69,Grouper,15384739573611316760,15,3,3,9,0
65,Piranha,16079236686823162459,20,3,3,7,0
64,Piranha,11318541305844173715,21,3,4,5,0
