16,Trout,5345666277364910195,19,1,3,13
16,Trout,3234534418633249503,20,1,1,5
74,Mola Mola Fish,2424129672459368609,20,6,3,18
47,Eel,10913862522420553971,22,3,2,3
13,Sardine,16963667021817768168,23,5,2,14
4,Perch,1721909343840625710,14,4,4,13
11,Sardine,13273116227453479364,18,2,2,8
37,Snapper,12827949113033388301,20,6,2,2
32,Cod,13499066360244276987,23,2,4,19
29,Herring,15889619881144638229,14,1,4,15
100,Jellyfish,10701454662233870206,20,2,3,21
23,Pufferfish,185511771054337028,17,4,4,9
7,Bass,14265629997899348090,20,4,4,5
11,Sardine,15758986973312066888,17,2,3,5
55,Spearfish,13554696134722184462,15,6,2,7
32,Cod,10752380545194135031,22,5,3,7
43,Clownfish,15146609327205358915,17,4,1,19
55,Spearfish,7953327894864675409,17,4,4,12
5,Perch,7727459142070044131,16,2,4,10
4,Perch,11052613954133080434,17,1,4,12
65,Piranha,3629324091412892448,18,5,1,6
29,Herring,10133859811168339014,21,1,2,13
7,Bass,16564928238016698414,21,2,4,12
3,Tilpia,512982236439425584,20,2,2,17
10,Sardine,2759937478612738123,15,2,4,8
63,Barracuda,16681443913705860133,21,5,1,6
71,Angel Fish,6177129189875748146,18,4,2,8
24,Pufferfish,16488397516899526399,20,6,1,16
28,Anchovy,11112078865690010273,17,1,4,5
5028,404 Fish,3157102840389782248,20,7,2,13
