100,Jellyfish,14465315089765633156,26,2,4,17
1,Tilapia,7294927808345447456,22,6,4,12
5031,Boot,4789789835957870494,20,1,4,16
89,Seahorse,8504748089160442922,14,3,2,9
16,Trout,18097018984106738866,17,1,2,9
15,Spotfish,9302666541670087544,29,5,1,19
55,Spearfish,7448773488684492788,18,1,4,15
11,Sardine,16025932695816145026,21,4,4,8
13,Sardine,15452219996790904574,19,4,2,17
98,Jellyfish,10186519446332470760,30,3,4,14
62,Barracuda,11468257619882046915,17,1,1,11
25,Catfish,4488141735700850603,20,3,1,12
8,Bass,7227219565014447191,23,2,4,20
31,Cod,15507909241081386510,21,1,3,3
59,Salmon,12704033789206953411,17,6,3,7
23,Pufferfish,4914140470866282247,13,5,2,11
28,Anchovy,6631554758553491875,14,6,4,1
11,Sardine,7332195079525246352,23,5,4,4
4,Perch,14417710088443890872,15,1,1,5
43,Clownfish,10034607847475801780,24,5,4,20
90,Seahorse,14994829476572082166,25,6,1,12
22,Pufferfish,2187673731847744618,19,6,2,10
16,Trout,3360840124102107466,24,5,3,11
39,Snapperfish,9688257616074311598,25,6,2,17
74,Mola Mola Fish,8717333509692784803,22,4,2,16
7,Bass,14619363427764322759,25,5,3,19
13,Sardine,17730312734209349627,19,6,1,17
7,Bass,6623870269465221132,19,2,3,16
71,Angel Fish,4092507244923148875,22,3,1,17
65,Piranha,10551973074283819633,16,2,1,14
100,Jellyfish,10248151240170511999,18,2,3,13
72,Angelfish,15304519518043444935,22,7,3,5
23,Pufferfish,2288004256841090022,19,1,2,14
44,Clownfish,6075637733278361271,18,3,3,12
41,Anglerfish,10182952161505410801,22,5,1,4
13,Sardine,4816631815655801585,24,3,3,12
32,Cod,197757683355662308,17,2,1,17
50,Damsel Fish,7046085708598931207,20,2,4,5
23,Pufferfish,12876134504709726994,24,1,2,13
14,Sardine,5300961092890978560,21,5,1,13
57,Spearfish,9966495351798279366,24,4,4,16
37,Snapper,2110829717875547000,15,5,2,2
68,Grouper,6491421702882747252,24,5,3,9
87,Shrimp,11543266874239937924,15,3,4,9
14,Sardine,15962290121080708597,12,4,1,8
44,Clownfish,3467700744943728577,24,4,3,3
45,Clownfish,15726564184909686103,27,2,4,5
48,Electric Eel,8557967770976116323,23,3,3,2
79,Turtle,11999698150819936498,29,5,2,5
3,Tilpia,15102233348938182396,23,6,1,4
29,Herring,835768800064339355,18,4,1,5
75,Mola Mola Fish,14243135917975919406,28,2,3,17
5,Perch,15984418960653982591,20,2,3,13
5026,GamerPieJess fish,10570535449358412302,21,2,4,5
22,Pufferfish,5813732229916358897,24,1,2,13
89,Seahorse,3707746975930809794,20,3,2,17
101,Red Handfish,9271655183412014332,34,4,6,4
16,Trout,1212623193929713431,20,4,3,16
8,Bass,13260210207988640337,17,2,1,16
65,Piranha,575867841955082286,18,5,4,20
54,Redgill,7053095832520347498,17,4,1,9
89,Seahorse,8530415654175665201,20,2,2,14
93,Blue Lobster,4733874864540114234,22,3,3,2
46,Eel,16253293631929702082,15,5,4,5
5028,404 Fish,17646098413465608295,34,6,1,8
55,Spearfish,5655388983175665965,19,1,2,1
41,Anglerfish,12280004446000810897,28,7,4,5
5027,Cutthroat Trout,10134906710546209878,19,6,1,10
11,Sardine,1275724089289076756,12,5,4,16
5031,Boot,2363675526863838541,25,6,3,13
26,Catfish,17426697425137692421,17,5,1,14
13,Sardine,5609441385562669444,21,2,2,19
44,Clownfish,18004850290191849477,26,5,4,1
20,Trout,14125062731283326011,24,5,2,18
13,Sardine,5138223749874402987,19,2,1,15
5031,Boot,9209633734526787196,13,2,1,13
87,Shrimp,8874628451737614007,28,4,1,17
32,Cod,15278442174686634740,13,4,1,4
6,Perch,6990499799778164871,27,3,4,14
38,Snapper,6617970213647559418,19,5,3,5
5026,GamerPieJess fish,7509167963120509442,15,6,1,16
37,Snapper,118210205992323703,16,6,3,4
5031,Boot,6437121799054259036,21,4,1,18
65,Piranha,10102277551440931068,26,3,2,14
37,Snapper,16683688403537955709,16,6,3,7
84,Crab,13167364613596289583,21,3,4,15
8,Bass,8417761854683581468,21,4,1,17
5049,Axolotl,7206750389742441435,18,6,2,4
93,Blue Lobster,3488793751072939459,23,3,3,8
37,Snapper,17929886726871484648,20,4,4,8
54,Redgill,956574490416918249,32,6,4,7
5031,Boot,15776482441867187256,21,3,3,4
26,Catfish,15811636155522164036,28,6,1,3
77,Turtle,4373671040116903671,17,4,3,12
11,Sardine,9054447481426420601,15,4,2,18
62,Barracuda,9453680631867642275,14,6,1,9
23,Pufferfish,12370012179664311613,22,2,2,9
16,Trout,16645057218157257400,17,6,1,11
4,Perch,3682539416309773124,15,6,4,2
44,Clownfish,4133114770745518673,20,1,4,1
32,Cod,10944728712887775744,13,1,4,6
62,Barracuda,17696892497946386028,15,4,1,12
32,Cod,12567170928731125164,14,5,4,16
63,Barracuda,3659870497700966544,27,5,1,17
65,Piranha,11775986975293667376,20,4,1,5
23,Pufferfish,7876681391945196322,19,6,4,14
59,Salmon,5954068823731361283,17,2,3,2
23,Pufferfish,5574219519142145676,22,6,4,16
56,Spearfish,2889577909160303641,28,2,4,13
1,Tilapia,7152086145718798780,25,1,2,13
16,Trout,17152704344795581571,22,6,2,10
17,Spot Fish,9147226844413412166,26,6,1,10
5031,Boot,14100328924361571832,18,5,3,10
62,Barracuda,18303116261328146519,14,5,1,18
7,Bass,741528453687580606,20,2,2,16
5031,Boot,1246099060418873594,18,5,4,16
22,Pufferfish,4427502845551167598,22,5,4,7
58,Salmon,1684694423087267185,20,1,3,17,0
82,Starfish,12230067608648000024,24,6,3,4,1
68,Grouper,10475379754043630401,28,2,2,6,0
