99,Jellyfish,9679651653828196078,18,6,2,18,0
25,Catfish,4234727748969037509,21,4,1,13,0
25,Catfish,12109831934115690259,21,3,4,18,0
1,Tilapia,13600291209049439596,18,1,4,2,0
33,Cod,1533274728443111391,35,4,4,13,11
22,Pufferfish,16249481522819197767,21,3,2,7,0
5031,Boot,1491522611827240501,18,2,1,11,0
2,Tilapia,10619011551798554131,17,4,4,17,0
77,Turtle,17371659860607248227,21,2,4,20,0
92,Lobster,9584728847416249291,21,3,3,13,0
92,Lobster,9647509669274241607,21,4,1,17,0
5031,Boot,3538465576387370043,13,1,4,5,0
78,Turtle,5567845554017025653,24,5,3,19,0
34,Triple Tail,13550197257980476984,15,6,3,6,0
53,Bluegill,16958641559291988356,17,1,3,11,0
38,Snapper,16573919049562517663,12,5,1,1,0
