11,Sardine,11144681618567536828,18,5,4,20
60,Green Salmon,12066490564300024678,26,5,4,8
5029,{NULL}fish,11296436874618624581,100,0,0,0
53,Bluegill,14156178467532495975,22,3,4,3
11,Sardine,6818353397116485032,14,2,2,16
16,Trout,12668640482250162576,21,2,2,16
74,Mola Mola Fish,2786846669375586824,25,5,3,13
5,Perch,7659416230713537122,19,6,2,12
44,Clownfish,12724881057621171158,15,6,1,14
90,Seahorse,2724613264901789802,33,2,3,17
69,Grouper,15277668454996515174,14,2,4,2
5,Perch,11273551363816568781,19,4,4,3
93,Blue Lobster,13605107093652069792,21,3,1,10
53,Bluegill,15817447680833293011,21,2,4,19
40,Anglerfish,3183635537708518341,18,1,2,14
25,Catfish,15011847486603932800,15,3,3,4
7,Bass,12941782290070421634,13,4,4,12
44,Clownfish,12117028898181092513,23,2,3,17
3,Tilpia,5073851739787089431,20,4,1,19
37,Snapper,2427706778277607089,18,1,1,4
78,Turtle,3914573293908126441,17,2,4,12
48,Electric Eel,11988550073991577131,19,2,1,8
56,Spearfish,9361722445729603200,29,4,2,21
89,Seahorse,12517468628371755643,14,1,4,6
27,Catfish,6821326677846339424,25,2,1,12
72,Angelfish,11675500695850855073,30,7,3,16
16,Trout,1513155804766068402,18,2,2,4
16,Trout,17427631158592509876,16,6,1,20
77,Turtle,11879019111314383629,23,1,3,13
53,Bluegill,15888003443723372753,20,1,1,8
1,Tilapia,11159744213785621492,17,5,1,3
94,Lobster,9937693074557960572,21,2,2,19
33,Cod,9785547789693431067,27,4,1,14
29,Herring,8202147205588467456,19,5,1,12
11,Sardine,13406612522635145279,21,5,3,10
19,Trout,4011352112238585555,12,1,1,9
11,Sardine,16787138928009595470,19,4,1,4
25,Catfish,9778525465267076662,20,6,2,14
69,Grouper,15918618958943571065,17,2,1,2
65,Piranha,17663859373086041348,21,4,1,4
71,Angel Fish,4007948672553603571,12,5,2,1
5031,Boot,13532828806542125353,25,5,3,14
8,Bass,14006553328996357901,18,2,2,3
53,Bluegill,16251462111408984950,15,3,3,16
45,Clownfish,10955784155702895758,26,4,4,4
20,Trout,11963698922260441776,29,7,2,4
1,Tilapia,6653761160724042563,20,2,3,8
62,Barracuda,12187243229159528804,19,6,1,1
33,Cod,8404866317719268447,21,2,1,7
23,Pufferfish,3931654463268444512,13,2,2,10
46,Eel,8051215716651693782,16,6,4,20
56,Spearfish,13188780308181297987,25,4,1,15
46,Eel,7349872126387468382,23,1,2,13
23,Pufferfish,12417769303123123145,19,6,3,20
87,Shrimp,1757834750824798585,30,6,2,8
16,Trout,11072025491759948351,21,6,2,3
5031,Boot,13311148421207709767,19,5,2,16
98,Jellyfish,28895206546077320,31,7,2,15
28,Anchovy,18340746723229542183,16,4,2,15
31,Cod,4849465419100494220,14,5,1,2
5031,Boot,342612663532168262,24,6,4,1
38,Snapper,3507053762179030249,25,3,3,15
1,Tilapia,481838021707119724,26,2,4,5
37,Snapper,14695883673426023271,14,1,4,20
28,Anchovy,3207542584342871164,26,1,3,6
81,Starfish,11593195214112899480,13,6,4,20
5,Perch,531321657021173273,23,6,2,12
71,Angel Fish,14048718170371789596,22,3,4,8
20,Trout,4310499229148154981,21,2,2,18
23,Pufferfish,414300254504649779,19,2,3,3
31,Cod,3635985199382583665,19,2,2,14
