30,Herring,4859163334297772547,21,5,4,14
53,Bluegill,10729273439110143963,12,4,4,1
77,Turtle,17847868703550392965,22,2,2,8
23,Pufferfish,10497110866405079744,19,5,2,8
77,Turtle,8033041247124258961,12,2,4,5
55,Spearfish,7658506394849293232,24,6,3,2
74,Mola Mola Fish,766858075988910652,14,2,1,18
75,Mola Mola Fish,8406898871299497532,19,5,2,16
81,Starfish,3981901881857910466,24,2,3,6
5031,Boot,9824144955129125279,19,4,4,13
69,Grouper,9378000376424908631,16,6,1,2
43,Clownfish,8868566657851368697,23,3,1,5
4,Perch,13567378113446331411,20,6,2,6
46,Eel,12219287718266098099,19,5,1,4
