62,Barracuda,6541495356453422792,23,3,2,5
26,Catfish,9766725404855374599,24,7,4,8
37,Snapper,2108975603196141251,15,6,3,17
4,Perch,7326107734658077204,18,6,3,11
31,Cod,4803437775952928367,18,6,3,10
13,Sardine,10019152984424168466,14,6,3,4
7,Bass,13746270623665029786,18,5,2,10
25,Catfish,8720904722413313256,16,4,2,18
13,Sardine,828695257760705273,22,4,3,14
11,Sardine,4125352150447181011,22,2,3,17,0
16,Trout,7452923822917026801,15,1,3,15
1,Tilapia,7928256636591606940,16,4,4,3
69,Grouper,4083189582551156080,16,1,3,10,0
61,Barracuda,10530197591344047020,16,4,2,13,0
64,Piranha,2821612848028005181,16,2,4,2,0
89,Seahorse,15287098036789013767,20,3,4,2,0
34,Triple Tail,6341647510096113272,15,1,4,16,0
46,Eel,18039205833256275302,23,4,4,16,0
37,Snapper,10869483935099235396,14,1,1,6,0
80,Starfish,1290409864136733580,16,1,3,7,0
74,Mola Mola Fish,8546002609569969870,13,3,2,9,0
11,Sardine,5938479275477861187,22,3,1,2,0
52,Bluegill,12995276195943534331,22,5,1,4,0
34,Triple Tail,12031998649160552367,20,2,1,7,0
62,Barracuda,1782489463745107256,22,6,4,1,0
37,Snapper,1236614955151949345,18,4,1,17,0
43,Clownfish,11801683332434815869,24,3,2,2,0
46,Eel,3084683873806944979,22,2,4,9,0
77,Turtle,3794246273759284512,19,6,4,12,0
23,Pufferfish,6362584897667615172,22,1,1,4,0
49,Damsel Fish,7107774193331686695,18,6,3,8,0
86,Shrimp,11305133543680033642,18,3,4,13,0
61,Barracuda,11254569245576156751,19,3,4,16,0
32,Cod,13876865465059566261,17,3,3,3,0
5059,Great white shark,4863993249871148457,29,5,1,19,8
