71,Angel Fish,2838618243870660037,21,4,3,5
10,Sardine,15250802759883078341,25,4,3,11
7,Bass,9364655251668676315,18,4,3,8
16,Trout,8850108131148546844,15,1,4,18
11,Sardine,7208214695486567935,16,3,1,17
11,Sardine,14410613025039052325,21,3,1,13
11,Sardine,9721786044871022160,18,2,2,7
17,Spot Fish,18372577717446496448,19,2,2,14
34,Triple Tail,13417679068565420472,13,4,4,11
31,Cod,10301396511472240112,24,1,3,10
17,Spot Fish,15947538872346588011,18,3,2,2
16,Trout,5673798929890858551,19,2,3,18
28,Anchovy,3414875605378266969,20,2,1,13
6,Perch,11778738867982195136,21,4,3,13
11,Sardine,7630724209589250839,20,6,2,13
23,Pufferfish,12243610378536758335,18,5,1,3
