65,Piranha,15686249872134844841,21,4,4,8,-1
31,Cod,8439644616992392629,20,3,2,16,-1
10,Sardine,2736173144833028161,21,5,2,3,-1
47,Eel,7348947678457661082,23,2,1,14,-1
34,Triple Tail,2935639193568169693,23,4,4,8,-1
65,Piranha,6920518734033098702,24,3,1,16,-1
55,Spearfish,2889427867812175615,19,5,2,18,-1
37,Snapper,4706951177179457983,19,4,4,15,-1
5028,404 Fish,4555700352125975610,24,3,3,2,-1
60,Green Salmon,17217737296444941365,27,7,3,7,-1
32,Cod,14894439642518838660,18,5,2,2,-1
89,Seahorse,17818088731924688155,17,3,2,7,-1
16,Trout,7001248675194823587,19,3,3,7,-1
