32,Cod,10733178225400834172,23,6,3,3,-1
40,Anglerfish,3753870929917328819,13,6,4,2,-1
5031,Boot,14758765363105120982,13,5,2,4,-1
37,Snapper,11545947322992912512,20,6,2,16,-1
5026,GamerPieJess fish,18345451229238667717,27,2,2,11,-1
62,Barracuda,13314419830495355703,17,6,3,18,-1
46,Eel,1851305026371763962,23,4,2,10,-1
37,Snapper,8180427934093273482,24,3,3,17,-1
4,Perch,15876833400372306536,19,5,3,19,-1
1,Tilapia,14218841854757688828,22,2,3,2,-1
55,Spearfish,2677182562601582411,17,1,1,17,-1
16,Trout,12735928844493508280,16,4,4,13,-1
32,Cod,4270971882326247999,14,4,1,13,-1
23,Pufferfish,6565617722177970958,16,1,4,2,-1
16,Trout,8906825191512058951,22,4,4,17,-1
23,Pufferfish,16226389170782993813,17,5,1,13,-1
28,Anchovy,14530403627432159388,22,5,3,10,-1
28,Anchovy,14353634897182869388,25,5,1,11,-1
25,Catfish,7216849297890694958,18,1,2,2,-1
69,Grouper,13716037542657621863,19,6,2,11,-1
4,Perch,14702166120901776798,25,1,4,19,-1
100,Jellyfish,1468499663871765013,23,5,3,11,-1
74,Mola Mola Fish,16186384569137190406,21,6,4,2,-1
75,Mola Mola Fish,11280721560592239384,17,2,2,5,-1
5010,Blahaj,4105423741941305500,44,8,6,5,-1
1,Tilapia,15184693820643814950,17,4,1,17,-1
90,Seahorse,12239322529435030931,23,7,2,10,-1
16,Trout,11450176898020249733,15,2,4,19,-1
24,Pufferfish,15642273457783457556,29,5,4,10,-1
3,Tilpia,16123529617374556381,20,6,3,2,-1
3,Tilpia,3037842692978127767,14,6,2,5,-1
10,Sardine,9586869104453753846,14,6,2,14,-1
10,Sardine,18201056785218204839,14,6,2,8,-1
34,Triple Tail,946569267413270842,18,3,2,9,-1
47,Eel,13667086248667754513,24,5,4,5,-1
28,Anchovy,5071290833320622789,17,1,2,11,-1
55,Spearfish,1370428773930701830,25,5,3,3,-1
