22,Pufferfish,11840499133189713454,22,6,3,15
11,Sardine,16842465452561364376,18,6,3,15
44,Clownfish,13852232640114628901,14,2,4,11
37,Snapper,4775193480957398880,22,4,3,18
77,Turtle,6604642668604064052,18,1,1,14
14,Sardine,16406699955344023253,17,5,2,16
50,Damsel Fish,7741057972520674632,12,6,1,12
76,Mola Mola Fish,7390510114344318982,26,4,1,14
74,Mola Mola Fish,14733965483693282287,16,6,1,4
24,Pufferfish,13211633960439488464,30,5,3,6
79,Turtle,14844848102942727823,30,3,1,10
43,Clownfish,886440243210570441,14,3,2,12
30,Herring,7996270295593271484,16,1,1,13
8,Bass,17786768993653761666,17,5,1,1
8,Bass,1384675740317143716,23,3,3,1
40,Anglerfish,15817939409282621072,21,2,2,7
5026,GamerPieJess fish,2348047012999742731,24,2,2,3
22,Pufferfish,5892144429861501220,20,6,4,16
79,Turtle,12389119853293625476,20,6,3,17
39,Snapperfish,1604862081008171417,24,4,1,16
79,Turtle,16165738423551665044,28,3,5,12
74,Mola Mola Fish,2044395137132018854,18,2,3,14
7,Bass,7190175939222389392,21,4,2,19
100,Jellyfish,14200153548334483384,19,5,4,3
11,Sardine,17812855814345049173,19,6,3,2
95,Octopus,18196511706860358140,20,6,3,4
82,Starfish,7613819235821067436,25,6,3,5
17,Spot Fish,18179382164772034430,20,3,2,20
36,Triple Tail,17743243279976376903,25,4,4,9
100,Jellyfish,13106322623993456985,24,2,2,16
5,Perch,13823736877768880692,19,6,2,2
4,Perch,8622579179129992875,15,4,4,11
99,Jellyfish,12508015058226904789,22,4,3,11,0
