5031,Boot,10395290966601220778,19,3,1,1
13,Sardine,11676311995439126830,26,4,3,9
23,Pufferfish,3281404598903639239,24,5,3,16
28,Anchovy,3129039643183571258,15,3,3,9
5031,Boot,12018201048249802958,15,4,4,15
28,Anchovy,14125881868423513881,13,3,4,16
7,Bass,820870702015844903,17,2,4,11
25,Catfish,3988214374968923020,18,5,3,3
19,Trout,3142342530931897450,21,1,2,5
74,Mola Mola Fish,9186334610668584825,15,4,1,14
20,Trout,3539095713728799747,21,7,3,17
43,Clownfish,14987513318733508462,21,1,3,16
82,Starfish,6944033218715560605,26,5,2,10
51,Damsel Fish,4978519341865150550,21,4,2,5
81,Starfish,2074813907315171561,19,5,1,16
32,Cod,16584449963476494092,15,1,3,16
5028,404 Fish,17400332406427720515,30,6,2,10
47,Eel,17855976075024162720,17,1,3,9
5059,Great white shark,12969468574319735848,24,4,3,17
89,Seahorse,7058833910287636799,23,2,4,18
59,Salmon,3210378896345278759,17,2,2,19
32,Cod,9445958302700805234,19,4,2,20
37,Snapper,8337591807621377325,21,1,1,4
82,Starfish,15676616363536844070,31,4,3,4
63,Barracuda,2689254382252623137,19,7,3,13
82,Starfish,16165054353984660635,18,6,3,11
60,Green Salmon,10927985107366497430,17,6,4,5
71,Angel Fish,16610018792949599532,18,6,3,3
59,Salmon,12101886141408852429,17,2,3,2
53,Bluegill,7933541505003039651,19,3,1,2
76,Mola Mola Fish,8238599323981532877,25,6,1,5
4,Perch,4633837487071496407,25,1,4,16
11,Sardine,2700709425976715580,20,6,1,12
24,Pufferfish,2510027483388430735,29,5,1,17
25,Catfish,8805772464098317316,22,1,4,11
22,Pufferfish,9286704593005013076,23,1,3,12
89,Seahorse,3946496963494189361,22,1,3,8
11,Sardine,18162046056077505178,17,1,4,6
23,Pufferfish,12491956822926971502,15,1,2,7
1,Tilapia,8190160467258360103,16,4,3,2
32,Cod,2296363346068243647,22,2,1,18
14,Sardine,11027292208726923826,20,5,1,20
13,Sardine,17128066391404166318,18,1,3,18
16,Trout,2630136188429436817,25,5,3,4
7,Bass,11180394856204253315,15,4,2,7
59,Salmon,17796627644123463684,16,3,2,9
34,Triple Tail,5397156738363721162,19,1,2,10
16,Trout,10899665833887576403,23,4,3,12
53,Bluegill,6682387322215093471,18,4,1,7
13,Sardine,5759289720759471887,15,1,4,13
14,Sardine,12752293272770829974,21,6,2,6
1,Tilapia,12045306787581068790,18,3,4,2
37,Snapper,3129192999630628050,22,5,2,3
65,Piranha,1749153667216058112,22,6,3,6
40,Anglerfish,11470424529203405462,23,1,2,16
32,Cod,13782103782448245072,23,3,2,14
22,Pufferfish,2726024013450246697,13,5,2,7
13,Sardine,14728642885510688255,19,2,3,17
4,Perch,1260091140375175509,18,4,1,5
13,Sardine,1502030155269240007,18,2,3,2
34,Triple Tail,13822202295832633891,19,3,1,1
81,Starfish,10323685898444456048,19,2,1,18
82,Starfish,14984428029078251733,27,3,1,10
28,Anchovy,16693411084961607338,20,2,1,6
89,Seahorse,11776524654521486043,19,2,4,9
11,Sardine,7752196215336110116,17,3,1,5
7,Bass,4179494186091171030,16,4,3,12
21,Trout,5793780357069863936,27,5,2,9
5031,Boot,12409266595794744403,14,3,2,17
7,Bass,1427931004634963813,17,1,2,6
38,Snapper,1450211058077511390,18,6,1,10
11,Sardine,8581657512015034583,14,6,2,18
44,Clownfish,4917458624753399039,18,6,2,2
23,Pufferfish,15966016882591948172,17,2,1,15
16,Trout,15283148219282999889,21,2,4,13
32,Cod,4835093609266413087,17,2,3,5
51,Damsel Fish,11700838156379955051,23,7,1,6
89,Seahorse,7126265380740501540,20,6,4,12
31,Cod,4652196483021842122,17,3,2,6
13,Sardine,2336009402819278357,19,2,1,12
53,Bluegill,11018709327803360322,16,1,2,20
29,Herring,10129825261619714450,19,1,1,17
22,Pufferfish,2907484037671467848,18,4,3,3
81,Starfish,17933341721514742329,19,1,3,5
28,Anchovy,3844886514076690782,21,5,1,11
82,Starfish,152261800340953198,24,5,1,18
71,Angel Fish,18232244828355051471,23,1,2,10
28,Anchovy,14786229256275287774,20,6,1,3
81,Starfish,9616941906463425109,15,4,2,16
7,Bass,12337957411121221012,15,6,3,17
79,Turtle,15368072683332177599,21,9,1,17
8,Bass,12910893537521201581,15,2,1,12
41,Anglerfish,13058988218659184773,24,5,4,17
69,Grouper,5063072573258858006,19,2,1,7
31,Cod,11991088545341634874,14,5,1,4
87,Shrimp,5071542202926282981,32,6,4,19
32,Cod,15507589592194297188,21,2,4,8
7,Bass,3925264899556042848,22,5,1,15
81,Starfish,969082934800133879,22,6,1,20
14,Sardine,1911795332585100378,21,4,4,3
8,Bass,15982100297829814389,17,4,1,1
5,Perch,14362261485263224916,16,2,1,18
23,Pufferfish,5390884887341445814,17,6,2,8
78,Turtle,9375549461218608775,31,6,3,10
53,Bluegill,15324441228389450914,16,4,2,13
38,Snapper,18291253482089529341,19,1,1,20
77,Turtle,13707440480853210829,17,3,1,10
22,Pufferfish,13567597788014882796,19,2,2,4
11,Sardine,17220455795720023102,21,5,2,11
13,Sardine,7827135278347326496,26,2,1,15
10,Sardine,537425263593757215,19,5,3,2
37,Snapper,11450368090317857935,23,6,1,12
31,Cod,4765801220323600944,24,4,4,8
5,Perch,13727745366305918022,20,3,4,17
10,Sardine,15181657995100497173,25,5,1,13
34,Triple Tail,2848464875569008816,18,4,2,6
30,Herring,7867748368585682334,19,4,3,4
4,Perch,7419069303565785357,24,5,1,14
50,Damsel Fish,16053502135129492967,16,4,1,2
55,Spearfish,10022796787472864435,18,1,4,16
19,Trout,2870537112204993435,20,5,4,3
25,Catfish,12330318971207024372,13,6,2,19
18,Trout,8266826151351358218,28,6,2,14
89,Seahorse,5617958968713901879,12,6,1,4
37,Snapper,17410244926765274711,22,3,3,8
16,Trout,16600753487273385032,19,1,4,5
5,Perch,49264633148234772,18,4,1,10
71,Angel Fish,3788722473340554064,18,1,3,1
95,Octopus,10444093736368572833,20,4,4,3
43,Clownfish,7884297246242233482,16,6,2,19
36,Triple Tail,7284977576368347564,28,2,2,8
98,Jellyfish,5009993480647280626,17,7,2,18
35,Triple Tail,14619358017670678786,31,7,1,10
35,Triple Tail,16371072891980334333,30,6,2,12
33,Cod,4836766342994994454,25,7,4,2
74,Mola Mola Fish,16430049219010525214,21,2,3,17
40,Anglerfish,9493247015006308373,16,2,4,16
41,Anglerfish,4223199322163804133,27,7,4,9
18,Trout,15229814232105239639,28,3,1,11
20,Trout,8774271914462471450,24,2,2,11
47,Eel,6562753978443036864,22,4,2,4
4,Perch,15433930542175273421,15,5,1,3
47,Eel,11620926289656093099,17,4,2,20
50,Damsel Fish,13674432698588211555,21,2,2,17
53,Bluegill,5637490685938649914,18,4,4,17
78,Turtle,4883611845655651105,23,6,4,8
3,Tilpia,17169781692994348159,18,5,3,7
53,Bluegill,17623388817241219883,22,3,1,7
5,Perch,5244579818841710984,19,3,3,8
69,Grouper,7506727650696797730,18,5,1,14
32,Cod,12188164940249454558,24,5,2,8
75,Mola Mola Fish,12898193850842659368,16,4,3,15
62,Barracuda,7936349231441016683,24,2,4,17
56,Spearfish,12969362074512478920,24,2,1,6
59,Salmon,8529177588019044484,14,1,3,12
37,Snapper,4730510193853852516,19,3,4,2
13,Sardine,1799459292666280747,22,2,4,17
72,Angelfish,1947507514610496871,23,7,2,6
11,Sardine,1051820986671449102,21,6,3,7
1,Tilapia,15578244774182662788,21,4,4,16
22,Pufferfish,3002153319115000378,22,1,1,15
81,Starfish,4703444960757655247,26,5,3,10
46,Eel,4106647493677540680,13,1,1,17
11,Sardine,807518077400977711,17,4,1,12
9,Bass,8733473203302430900,28,6,1,13
30,Herring,5975418456830673764,20,1,4,4
37,Snapper,12895952357165904120,16,4,2,14
13,Sardine,9328303023461997794,19,1,3,14
38,Snapper,7625102223944085690,19,3,3,14
23,Pufferfish,6402577981710492863,16,4,3,4
32,Cod,8400754888723675842,15,4,2,12
43,Clownfish,3581772241920141236,24,6,1,2
53,Bluegill,4462288925462974621,22,2,3,20
53,Bluegill,16309883917130551531,18,6,2,17
77,Turtle,3129268615083796256,22,1,2,7
98,Jellyfish,4555764825737758995,26,3,4,9
5,Perch,5488970402080421850,17,3,4,9
17,Spot Fish,13985003284174568992,23,5,4,19
50,Damsel Fish,6632656771046195717,24,2,3,7
25,Catfish,16494527353281647612,16,5,3,10
5059,Great white shark,8432400625718131809,24,5,4,15
62,Barracuda,7057745717888746330,14,2,2,15
5031,Boot,3674424021002901580,17,2,2,19
69,Grouper,16856464512444027630,15,6,2,9
74,Mola Mola Fish,10410517286832006145,20,4,3,15
89,Seahorse,9352847856130317636,17,2,1,18
18,Trout,11724414236221984651,20,6,1,20
32,Cod,3019799231842325581,21,5,1,20
13,Sardine,4706750165879961011,21,2,4,6
54,Redgill,17065951597687487102,28,2,1,16
24,Pufferfish,8688360354642251045,19,3,1,19
17,Spot Fish,9957252826081317462,15,1,3,14
56,Spearfish,4688449755878688182,27,7,1,7
38,Snapper,14850717692310576185,18,1,4,9
4,Perch,14085934245888186637,20,3,1,7
76,Mola Mola Fish,17524766356522234796,22,6,3,22
54,Redgill,9020813601513651597,30,4,4,19
98,Jellyfish,4660374052412489085,24,4,4,3
72,Angelfish,17688365029145736876,26,3,4,13
24,Pufferfish,5965589022279744528,32,6,2,9
25,Catfish,14975772163128674629,20,2,1,4
40,Anglerfish,62965585763397142,15,1,4,20
90,Seahorse,15380069798334684014,23,6,4,12
7,Bass,11092814312039468894,20,4,2,11
30,Herring,14741685426155104725,24,2,1,16
28,Anchovy,2457371763237247015,24,5,1,12
11,Sardine,1298175530215411484,19,1,2,11
23,Pufferfish,14989969555438102593,16,4,2,10
15,Spotfish,10049325792800331345,15,7,2,8
3,Tilpia,17242539539181647125,19,2,2,10
26,Catfish,3405970589359875755,25,4,4,12
37,Snapper,12593918239061603682,24,5,4,10
60,Green Salmon,5237913686173366072,23,3,4,16
47,Eel,51598791336427164,25,4,1,12
46,Eel,17865098265857430921,19,5,4,16
69,Grouper,10658677131026740165,13,1,2,20
47,Eel,17886332368858606934,21,2,3,1
17,Spot Fish,12834822782912544199,18,3,2,6
69,Grouper,4127485702536825325,23,3,1,5
44,Clownfish,7164075063429719078,20,4,4,1
72,Angelfish,7837441250390693603,23,4,4,15
48,Electric Eel,12853680002811505118,27,3,2,2
19,Trout,17164501236685750602,25,5,1,14
14,Sardine,8673379802696455695,23,3,1,12
59,Salmon,2607030386467917752,19,1,2,8
31,Cod,8717071437688729575,19,1,4,6
90,Seahorse,17005327971106277781,27,6,2,21
63,Barracuda,11281719959899529504,25,3,2,21
11,Sardine,8051184799897945210,19,3,4,8
62,Barracuda,8794341422052569291,15,1,1,12
51,Damsel Fish,5769003821570046980,19,4,1,11
82,Starfish,8623269737835742581,33,2,2,20
89,Seahorse,10966296195387264904,21,6,4,3
32,Cod,14523576990637178753,20,6,3,7
14,Sardine,14222588267815676172,24,3,4,12
33,Cod,9028598351752166959,28,7,1,5
79,Turtle,12994669736341052227,22,10,1,18
10,Sardine,2754375196918878405,15,5,1,5
22,Pufferfish,9302244580019655116,20,5,2,2
4,Perch,3201691057523443792,16,4,1,3
43,Clownfish,4311302033471445684,13,5,1,7
93,Blue Lobster,2139994069772745119,21,3,3,17
7,Bass,5712907323689001066,15,4,2,12
34,Triple Tail,13296014986341941846,19,5,3,14
78,Turtle,2294291859300968696,19,5,3,4
28,Anchovy,13307533408478275475,22,1,1,12
7,Bass,9057219038861420829,19,4,1,3
11,Sardine,17561946657238347216,14,3,3,9
37,Snapper,2102937636663454695,22,4,4,15
8,Bass,6950721456613775274,21,6,3,3
63,Barracuda,8369598858948062797,24,6,4,2
27,Catfish,5840194908365872755,23,2,1,12
22,Pufferfish,17491852785080666043,20,3,3,4
5026,GamerPieJess fish,5023180775723056209,32,7,1,4
17,Spot Fish,983632623163959398,16,4,4,15
7,Bass,5512378973946267464,19,5,4,17
3,Tilpia,7077641943366416993,22,6,4,5
30,Herring,5107185743672591520,16,6,3,6
84,Crab,6202116397180017715,23,6,2,21
26,Catfish,3897142688883919065,20,2,2,15
37,Snapper,5695543967748485315,16,1,4,17
71,Angel Fish,9786225873320207440,17,3,2,13
69,Grouper,12023792637185143889,21,5,2,4
34,Triple Tail,8744145005582711130,17,5,3,2
93,Blue Lobster,6262965685778460870,31,5,3,4
74,Mola Mola Fish,9869073352833103104,21,3,1,4
3,Tilpia,14137598299750036153,20,6,4,3
43,Clownfish,13466965181874567477,22,4,3,17
30,Herring,2382815852036213748,24,2,2,7
17,Spot Fish,16689744298798699056,16,5,2,18
48,Electric Eel,3272417656837644763,20,2,1,19
29,Herring,3132252473183315036,15,2,2,3
35,Triple Tail,8781001669066204034,25,5,3,19
9,Bass,2126397078866288120,31,3,3,13
32,Cod,2016770718385418366,14,1,1,10
46,Eel,1270135160347375315,21,6,4,9
93,Blue Lobster,3959623525085292423,20,2,3,2
5031,Boot,5461608622205706998,19,5,2,18
39,Snapperfish,11676482978847317753,20,6,1,16
3,Tilpia,16178083035192868155,19,1,2,13
84,Crab,13690120483810956035,25,3,3,4
69,Grouper,11537061188813670340,17,3,1,7
62,Barracuda,17140748919497735736,17,4,3,18
12,Sardine,9136711096660944817,17,6,4,11
25,Catfish,4082800880730099749,17,5,1,5
4,Perch,1980374374174528180,19,5,2,12
81,Starfish,16922393854393693747,20,2,2,2
13,Sardine,5947527454429338487,21,1,1,13
23,Pufferfish,5669845800320747840,18,3,3,1
13,Sardine,3524422108101195927,21,3,1,17
1,Tilapia,9584185182543482981,18,1,4,12
1,Tilapia,14714455021670455400,25,5,4,13
87,Shrimp,2805921979506551891,28,6,2,5
7,Bass,17972892555629854260,19,4,1,3
14,Sardine,3409377759791833491,18,5,1,7
5031,Boot,7667804820941882165,12,1,2,11
32,Cod,10046119117166396212,13,6,2,11
5028,404 Fish,13562296858216014508,27,6,2,9
51,Damsel Fish,8123663344940354076,31,4,4,9
34,Triple Tail,13378586181309798969,19,4,2,18
43,Clownfish,12334306287868289895,24,4,2,15
55,Spearfish,15961234079739545822,20,5,1,6
46,Eel,9587150544406318194,19,1,4,1
46,Eel,12799123874112329822,18,4,4,14
14,Sardine,13921358267715052081,20,1,1,18
55,Spearfish,6076831521472923936,20,2,4,1
28,Anchovy,8410010927864112578,18,3,3,4
68,Grouper,8517617973813812035,27,5,2,19
22,Pufferfish,13324987737695917771,21,1,2,19
7,Bass,14302492045105796927,19,6,4,14
81,Starfish,8039292031122439928,20,6,4,17
74,Mola Mola Fish,13279158983600305321,13,5,1,1
19,Trout,2157963251881924535,19,1,3,20
22,Pufferfish,5984257581782289389,16,4,2,14
81,Starfish,14628971455168104410,17,2,2,11
30,Herring,9286480820725060030,17,4,2,9
77,Turtle,7784348748747933211,15,4,1,8
55,Spearfish,9661820519758608260,13,2,4,1
13,Sardine,4581915390085963947,16,2,3,15
38,Snapper,18383633651384157658,19,4,2,19
50,Damsel Fish,2233173342650282080,17,4,3,20
82,Starfish,14383827096654292741,22,4,1,5
41,Anglerfish,15275700999783890977,16,3,3,19
65,Piranha,11443501034285845331,12,6,2,18
59,Salmon,607897818586162615,21,4,1,5
25,Catfish,6068469304035004492,20,1,1,7
23,Pufferfish,6194830953105319526,17,3,1,10
38,Snapper,16133142463484309828,21,1,1,2
10,Sardine,9868893669883430855,20,2,1,16
35,Triple Tail,12801585862606558034,18,2,3,19
47,Eel,14719517929297497495,25,2,2,17
23,Pufferfish,16972069423290213205,17,3,3,20
50,Damsel Fish,14080531011131729296,15,3,2,9
3,Tilpia,12794244319620688492,21,5,2,11
27,Catfish,8471513120861227359,31,5,4,9
1,Tilapia,11616213413380656264,18,4,3,9
23,Pufferfish,3807252994682480704,19,3,1,18
37,Snapper,15470898577408958638,18,4,2,2
23,Pufferfish,1848627763762289432,17,6,2,9
46,Eel,2327889767333868436,25,1,1,10
14,Sardine,7684312615412283670,23,1,1,18
81,Starfish,2903687922814430743,20,4,3,20
15,Spotfish,11129789639240844600,24,5,2,20
47,Eel,17113874181216302293,23,1,4,12
5,Perch,1766240123630508087,21,6,4,7
81,Starfish,15236863899899398716,20,4,3,4
63,Barracuda,12552653317164155069,22,2,2,9
47,Eel,9936122008341116018,21,4,4,6
16,Trout,6149329486408106033,23,5,1,7
69,Grouper,13975849713722975470,15,3,2,15
79,Turtle,3984057203824265214,28,3,5,6
62,Barracuda,1880867937063086209,13,5,2,2
46,Eel,1670631790758708488,20,5,2,2
30,Herring,5031190199611585319,18,6,1,8
30,Herring,8888941459843510639,16,4,3,9
69,Grouper,16031125892217905176,20,5,2,15
25,Catfish,8632173862500650427,23,1,4,16
18,Trout,5092429107200674918,18,3,1,15
82,Starfish,6495312905592617982,22,7,3,7
5031,Boot,4306220336858129269,20,1,1,1
43,Clownfish,10680979914070585796,19,5,1,20
31,Cod,5205955805887846228,19,4,2,6
31,Cod,14628191877096040724,25,2,1,6
74,Mola Mola Fish,10133250348211669763,13,5,4,10
75,Mola Mola Fish,2322825845079113443,24,5,1,4
23,Pufferfish,5987416039195426493,20,5,4,6
13,Sardine,12160376925269983055,17,3,1,15
68,Grouper,12806333150151928880,18,6,3,18
22,Pufferfish,11856963940583301912,13,1,4,3
89,Seahorse,7181462378212954453,22,4,2,17
30,Herring,4693498926427108195,16,6,3,6
19,Trout,15658949032390075607,19,2,3,14
11,Sardine,3652878941669379337,18,6,3,19
7,Bass,9579470587463414324,17,6,3,9
62,Barracuda,6580034889207457727,25,3,2,5
7,Bass,11710019005045560004,13,6,3,16
4,Perch,13367270540352126405,20,1,4,18
13,Sardine,9218388089389761054,17,1,2,8
31,Cod,14167248257455640781,20,2,1,1
32,Cod,16808481937980288529,22,5,3,16
82,Starfish,12037329106651193186,31,5,3,17
11,Sardine,10937223742008138984,23,4,3,7
23,Pufferfish,14539842111696200459,12,3,1,16
95,Octopus,13791848062937066305,21,2,4,11
38,Snapper,1322246443604329599,22,3,4,20
81,Starfish,16722371642412811467,19,4,1,8
17,Spot Fish,1213309819442783295,17,2,2,6
23,Pufferfish,957609459361432458,22,4,1,16
23,Pufferfish,5887720055949761596,16,3,4,16
37,Snapper,10764855308966992947,20,6,3,12
7,Bass,10409673566553630287,20,4,2,2
31,Cod,5550399943755206190,24,2,1,13
77,Turtle,4833419978825045159,24,5,4,15
18,Trout,18422656878652098681,21,7,3,18
59,Salmon,100587717908402377,22,6,2,14
11,Sardine,10801493023942054117,23,4,1,14
50,Damsel Fish,13501105246530844021,13,4,2,9
13,Sardine,17669329544005788002,20,2,2,18
65,Piranha,13163069839228084452,14,5,4,14
17,Spot Fish,13423906920315104639,14,6,3,10
23,Pufferfish,16062837233195947087,15,5,3,8
62,Barracuda,13529643285376096501,16,1,4,14
5031,Boot,5826635990604972163,19,6,1,5
39,Snapperfish,9333580277405911673,20,3,3,2
71,Angel Fish,912255138219133362,13,4,2,20
23,Pufferfish,14120419352907546043,20,5,2,18
23,Pufferfish,9523512437899967827,17,5,1,18
43,Clownfish,18388379626479868959,17,2,3,3
7,Bass,13431909805979078283,16,6,3,18
82,Starfish,7798637450274261487,25,2,3,7
22,Pufferfish,18293412688861472228,23,4,3,1
23,Pufferfish,16581146609371042974,24,1,1,4
7,Bass,18208407361918680537,15,5,3,4
50,Damsel Fish,7896253200040665173,20,5,4,6
74,Mola Mola Fish,6601679099789090918,18,3,4,1
32,Cod,12790569546013556657,19,4,2,15
4,Perch,16931264857463417673,17,3,3,16
37,Snapper,4833359766219300075,21,5,3,2
37,Snapper,925330308408431171,15,2,3,7
16,Trout,18076395409778259834,18,3,2,18
7,Bass,5892865131658551169,20,2,1,8
17,Spot Fish,12322043678585903901,19,1,4,5
11,Sardine,4370425047124671574,19,4,4,4
65,Piranha,3910491459542458617,21,2,2,7
74,Mola Mola Fish,7303482329382628022,15,4,2,9
34,Triple Tail,2829524759710253604,19,2,2,4
11,Sardine,8641675832470299522,22,5,3,18
43,Clownfish,6423521005874502928,25,5,1,9
56,Spearfish,14458833600996545153,26,7,1,16
28,Anchovy,1741213887665988453,18,2,3,4
11,Sardine,4541083171727357591,19,4,2,11
1,Tilapia,9060117508548884429,15,4,1,13
13,Sardine,7785794764469042162,19,2,4,20
23,Pufferfish,18098052124407655966,21,5,1,15
13,Sardine,13271120981243845387,17,1,1,20
22,Pufferfish,15515835224024001997,21,3,1,6
11,Sardine,9810920981990443370,23,6,4,10
5,Perch,8003288633244293218,23,5,2,19
10,Sardine,8901793011187941682,19,4,1,11
1,Tilapia,2452309746788011332,20,6,3,3
40,Anglerfish,10345412112710442930,20,5,4,2
47,Eel,12620349329922142447,25,2,2,11
93,Blue Lobster,11555097169906608324,25,2,3,12
8,Bass,6332023235961935917,19,3,2,10
60,Green Salmon,9189893536749237989,19,2,1,2
5,Perch,4308103544808131476,26,6,1,17
24,Pufferfish,15729997781473592582,20,2,2,13
47,Eel,14416358710475386971,15,6,4,8
101,Red Handfish,17027934900723784200,32,10,6,23
15,Spotfish,10351044152931814828,35,3,2,7
20,Trout,2829141723352890021,24,3,1,19
38,Snapper,13597758924922420605,16,6,2,3
5026,GamerPieJess fish,2697603117605801516,27,3,3,21
51,Damsel Fish,2014939889643890420,22,4,3,6
79,Turtle,5715978679160865182,21,5,4,18
5059,Great white shark,941180606053111276,28,7,2,16
60,Green Salmon,2229974144259897402,33,5,4,11
25,Catfish,10213978221678325865,22,3,4,10
34,Triple Tail,7831844189130115060,19,4,4,19
11,Sardine,4297328384108320454,18,2,1,19
14,Sardine,11405393658570737908,25,3,3,11
38,Snapper,4007268730558382896,16,6,4,15
75,Mola Mola Fish,2181290265703112200,31,2,4,7
10,Sardine,15787040421649351705,14,5,3,7
44,Clownfish,483916908040632781,17,2,1,17
82,Starfish,17305663580731179341,27,6,1,6
69,Grouper,17475954650857116231,15,3,3,5
25,Catfish,3144263391895093678,20,5,1,9
35,Triple Tail,17913414991440644893,23,4,4,5
4,Perch,5287633383494778316,22,6,4,11
4,Perch,12355958932286107422,15,1,1,9
53,Bluegill,13363665249521593786,16,6,2,18
4,Perch,17718644475899541520,22,3,4,15
69,Grouper,6710744375224398968,20,6,1,2
48,Electric Eel,802284006498396979,21,7,2,19
13,Sardine,10680184318912579300,18,5,4,20
23,Pufferfish,17340113000768818436,14,5,1,2
4,Perch,1108417247214648844,18,4,3,19
1,Tilapia,14562330367266735122,18,3,4,19
77,Turtle,5288758996506821831,16,4,2,9
13,Sardine,8665580045277421010,19,5,1,5
4,Perch,4185130661672496529,19,6,4,16
4,Perch,14697215293165055600,21,4,3,12
34,Triple Tail,16494998505842731117,20,5,4,8
74,Mola Mola Fish,14817343386754238795,17,4,1,17
37,Snapper,16636622605334061671,16,4,2,18
55,Spearfish,15610232635372155137,23,6,2,16
26,Catfish,12573528655571827328,27,7,2,10
46,Eel,18031597294379011264,15,3,2,14
34,Triple Tail,14683965165345379545,17,3,4,9
50,Damsel Fish,4941920042731443099,19,1,4,18
81,Starfish,9145310768181040497,22,2,4,9
53,Bluegill,13593734539795188530,19,6,2,12
40,Anglerfish,9355449840818477895,19,5,1,20
74,Mola Mola Fish,1407088025201189369,19,6,2,5
44,Clownfish,9008828379898061450,19,4,1,6
55,Spearfish,5562980698291586686,16,4,2,13
47,Eel,10055286275789998678,16,2,2,6
5049,Axolotl,2250508337322676773,26,8,1,8
44,Clownfish,16897474584878717039,15,2,4,1
29,Herring,11304099434882755711,17,5,2,9
19,Trout,5417147686369402067,17,1,1,11
69,Grouper,17622385439377314994,20,1,1,10
89,Seahorse,4358252649003638520,23,6,1,18
28,Anchovy,17094337281854057730,15,3,4,18
63,Barracuda,16996716392465631345,27,6,1,14
25,Catfish,7991229118173475614,19,2,4,1
20,Trout,7476030102723604314,19,5,4,19
31,Cod,3796189440842555490,18,5,3,4
47,Eel,3440820633133651717,16,3,1,8
15,Spotfish,12960076865873330455,24,2,3,2
28,Anchovy,9970903620852709285,21,6,2,12
43,Clownfish,13203131199320716599,18,2,2,20
89,Seahorse,16656654673689615926,14,3,3,19
7,Bass,5013433709443038773,19,5,2,10
1,Tilapia,13575185780161893708,14,2,3,8
1,Tilapia,14505886806415145926,17,5,2,20
45,Clownfish,2215999666434361095,28,3,4,4
89,Seahorse,12144009661899990488,21,1,1,8
77,Turtle,10749529171293045872,17,3,1,20
11,Sardine,8729305028486992871,20,4,4,9
28,Anchovy,12558895484222671920,17,2,2,4
10,Sardine,13971252612733950844,19,4,2,6
89,Seahorse,15589235166625544300,15,1,2,17
65,Piranha,8880869133385804483,14,4,1,19
31,Cod,12584897555565460807,18,6,4,18
1,Tilapia,10522225455789623255,18,4,4,20
47,Eel,14509995645087905483,20,1,3,17
13,Sardine,15000906891116771361,17,2,2,20
7,Bass,4796243153561653086,18,2,3,10
16,Trout,7850365324661852673,24,3,4,8
7,Bass,2315588223008168508,13,1,1,16
25,Catfish,9351435501084256543,21,6,1,20
1,Tilapia,2348678997143276208,24,6,2,13
7,Bass,8996923993438813716,23,6,2,2
13,Sardine,9437934198178394717,20,3,3,13
5,Perch,3574368192030696637,19,4,1,15
14,Sardine,7308742957179172454,22,3,1,1
19,Trout,17899585773338316824,25,1,3,6
12,Sardine,1108528623121291433,34,2,4,19
76,Mola Mola Fish,5124435602884152106,18,7,4,7
89,Seahorse,9361547085968749923,20,2,3,7
7,Bass,695636490670511675,19,5,4,2
71,Angel Fish,220483744552637314,24,1,1,3
24,Pufferfish,6931534045783466923,24,3,2,16
18,Trout,14149997045013081544,32,4,4,19
3,Tilpia,9579888640509989964,18,1,3,9
31,Cod,12710687778019497048,22,3,2,17
77,Turtle,17123423129791172467,23,2,2,6
5027,Cutthroat Trout,5788274673203950364,21,4,1,4
25,Catfish,7257320318162021084,20,3,4,2
5,Perch,15932238942993504886,20,1,4,6
34,Triple Tail,1380222115775127576,15,4,1,3
5059,Great white shark,15707600579324707977,28,2,4,6
46,Eel,17942609527969186627,18,4,3,14
5013,Sakhalin sturgeon,13640103834019621714,25,11,6,20
31,Cod,17547939698550421544,24,6,1,20
14,Sardine,11982549518023789334,21,6,1,19
59,Salmon,1025768159986534933,15,6,2,1
20,Trout,4278850631677649671,27,6,2,5
39,Snapperfish,3218767011842915881,21,7,4,2
84,Crab,7775320004923811872,31,3,1,16
53,Bluegill,3382922226068647356,26,6,2,12
8,Bass,13036026853210637442,13,2,1,4
4,Perch,15738786853984948972,19,2,3,2
71,Angel Fish,12023426408336008105,16,3,3,12
69,Grouper,4874405883357632336,23,5,3,15
11,Sardine,13938168608341363310,21,3,1,7
59,Salmon,4548045072841875347,18,2,2,19
17,Spot Fish,2033299095464607965,15,1,4,11
43,Clownfish,10500385153341639539,17,4,3,11
56,Spearfish,12472552652775438576,21,7,4,9
5031,Boot,11886163024259178159,13,6,3,8
19,Trout,14848129963612348644,23,5,1,6
14,Sardine,1042788605402569998,25,6,2,1
34,Triple Tail,16244758966496630475,18,2,1,6
19,Trout,4340832016260241967,19,2,4,13
72,Angelfish,10533961922951232745,23,7,2,12
40,Anglerfish,2074994079497149374,18,2,3,20
8,Bass,10214675644679856238,19,5,4,12
23,Pufferfish,10767759068856181702,14,4,2,15
38,Snapper,3760023795981020850,24,2,4,7
23,Pufferfish,17355653698029682338,14,1,2,2
20,Trout,10264501525259512342,29,3,3,8
11,Sardine,1143126240775299268,22,3,1,18
53,Bluegill,17117536139386235889,17,1,2,1
23,Pufferfish,11576411069909388495,16,2,3,16
11,Sardine,14283806198875442196,16,2,4,19
23,Pufferfish,7172919252395195054,14,2,2,20
5,Perch,12566469135001815640,17,2,3,12
1,Tilapia,12202686877601364269,16,6,4,14
37,Snapper,10750403633241001119,14,5,3,15
4,Perch,4514582212031231536,22,1,1,13
16,Trout,12230578559349232781,18,1,1,4
62,Barracuda,12559198140958640568,15,3,2,16
34,Triple Tail,12503897112286685288,15,1,3,3
44,Clownfish,7020454847969095761,18,6,1,8
5,Perch,1839348851045596992,17,4,2,6
3,Tilpia,15756239264235834264,19,1,2,1
71,Angel Fish,1308288633589270717,17,5,3,3
32,Cod,14905335515676231283,13,5,4,16
11,Sardine,15616682512392530119,23,3,4,15
30,Herring,14713918349818329705,13,1,4,15
1,Tilapia,3294590137980128045,16,1,3,1
32,Cod,3707530473268666848,13,5,3,15
14,Sardine,3070623695617290942,23,2,1,18
74,Mola Mola Fish,11700661027020593716,18,6,2,17
11,Sardine,4263904188897557265,16,6,2,15
47,Eel,2836478056434099664,13,2,1,8
4,Perch,12719936277792116628,14,4,1,20
7,Bass,12225287325739195668,16,4,4,8
32,Cod,17133639815887367526,25,3,2,2
38,Snapper,14040568616120312651,17,3,3,11
28,Anchovy,9196152220262229528,13,3,3,12
5031,Boot,16206542617586734808,16,6,3,19
51,Damsel Fish,6771037909029215965,24,6,4,11
29,Herring,9909006187071859127,19,4,4,8
4,Perch,14878522203557588826,16,6,2,2
45,Clownfish,4105114231459982725,20,3,2,4
7,Bass,3256526620644769843,19,5,3,10
89,Seahorse,9009527383219711032,17,5,2,3
38,Snapper,9544115741057290738,22,3,2,6
7,Bass,17466510228319715924,20,4,2,7
32,Cod,6114037645307165716,15,2,3,12
1,Tilapia,13128166177880608069,18,5,3,1
34,Triple Tail,7538402681870388970,22,1,2,9
5031,Boot,10142280857917398368,17,3,4,7
59,Salmon,12853598384690006502,18,5,3,12
69,Grouper,2730440829058432415,14,4,2,1
46,Eel,1943040862975860024,19,5,3,18
14,Sardine,13544989769686163916,24,3,2,12
81,Starfish,10424680394419885090,17,3,4,15
40,Anglerfish,14072085039066614493,21,5,1,18
34,Triple Tail,13333968721251568994,19,3,4,19
23,Pufferfish,16226090301835383040,21,6,4,15
16,Trout,16668884660189395657,16,5,3,6
4,Perch,10397119040929270651,14,5,4,16
5,Perch,12520755575936798075,19,6,2,5
28,Anchovy,15829084455043513242,19,6,1,2
71,Angel Fish,11292627251637543690,16,1,4,18
28,Anchovy,12292814461610321796,24,4,2,17
1,Tilapia,2804378898923443075,21,5,4,12
13,Sardine,16042296216726598449,25,6,2,9
1,Tilapia,2684657398521117944,14,2,4,6
30,Herring,8291387857627127116,17,4,3,20
23,Pufferfish,18304674133614571141,20,4,3,16
34,Triple Tail,10699673167192143981,18,1,1,6
4,Perch,10540885622524863538,20,4,2,1
65,Piranha,6893596993013634740,18,3,3,2
43,Clownfish,2964545295807777184,22,3,4,18
19,Trout,970759746890540146,14,1,3,16
28,Anchovy,18139583891318669257,18,3,1,2
62,Barracuda,641152114309518226,21,6,2,14
23,Pufferfish,2069984292861839382,21,2,3,3
7,Bass,2404266122410381396,17,2,1,8
47,Eel,12061311959295744984,18,1,2,8
13,Sardine,8115179449472715261,21,6,3,4
5059,Great white shark,849320926314061821,18,7,2,4
11,Sardine,6461215672716737503,22,1,1,4
25,Catfish,12884728113215138175,15,2,4,4
65,Piranha,15561635443336362978,12,2,3,7
17,Spot Fish,15125561944504744481,17,6,4,12
40,Anglerfish,15643962802998120964,25,6,2,7
34,Triple Tail,9493349903035035970,19,1,4,17
14,Sardine,8940410688106117660,19,5,3,6
55,Spearfish,13953102945417342877,25,5,1,12
69,Grouper,2320258716061945834,23,5,1,2
27,Catfish,12604427392016724964,28,3,1,15
34,Triple Tail,1755703371450693673,18,1,2,12
51,Damsel Fish,18331411230517107414,27,5,3,4
50,Damsel Fish,6256046603281293794,19,2,4,4
53,Bluegill,346199612228301365,15,2,1,2
6,Perch,7930593420747063048,34,6,3,4
60,Green Salmon,12412724724705955943,31,4,2,17
50,Damsel Fish,7369473805691806611,22,2,3,14
7,Bass,11667501869670965141,19,2,2,5
40,Anglerfish,15548262544573432758,20,4,2,3
74,Mola Mola Fish,3523903770594902465,19,4,3,10
69,Grouper,1578020356854920938,15,3,4,9
8,Bass,1506971219745421329,19,4,1,6
5,Perch,14011063044323163718,23,1,3,8
39,Snapperfish,13428855343532179550,26,7,4,7
59,Salmon,401966823466567912,19,4,2,8
69,Grouper,761687409783012106,13,5,4,8
33,Cod,16840722720958506856,21,7,2,11
12,Sardine,8524944184396984345,32,5,4,4
8,Bass,7344698771863811189,15,4,1,4
89,Seahorse,14743200738070541199,13,5,2,20
53,Bluegill,7253153493140622406,16,4,4,1
5067,Pop-eyed goldfish,2153204828335066103,17,2,2,11
4,Perch,5145436020392126568,18,6,3,5
33,Cod,9361453077530459141,19,2,3,6
5031,Boot,11374000242854453385,23,5,3,15
1,Tilapia,15756875068276698242,16,6,1,10
1,Tilapia,1387573614232462123,17,2,1,4
18,Trout,14345595875865149972,24,6,1,8
28,Anchovy,11148824020424658881,24,6,4,18
23,Pufferfish,17945467111555599277,19,2,3,2
37,Snapper,12844724481089018693,21,6,2,4
7,Bass,8111184966359672690,18,2,1,4
7,Bass,2997456055866853391,17,1,3,6
22,Pufferfish,15377678687173195682,16,3,3,7
4,Perch,9732408006634097638,19,1,2,20
14,Sardine,1268867472532112628,21,2,4,20
30,Herring,2648601658511080897,21,6,4,17
17,Spot Fish,17878190289220518978,16,3,4,13
5027,Cutthroat Trout,9396497046694205315,23,2,1,2
7,Bass,11418686589008567463,16,5,4,2
95,Octopus,15776294517504688827,26,6,3,19
5,Perch,6599502875700532760,18,5,3,2
62,Barracuda,17792257735049924129,24,5,2,9
40,Anglerfish,13167108291102743641,21,3,2,11
5067,Pop-eyed goldfish,17615032605004535517,24,7,2,5
14,Sardine,11177185726939903436,20,1,4,2
90,Seahorse,14720369656093222752,26,7,1,3
82,Starfish,4396470095763574342,26,2,4,10
30,Herring,16387613412318286961,16,5,2,12
74,Mola Mola Fish,5034886404717545793,22,6,4,12
89,Seahorse,8150319034096770235,24,6,2,11
79,Turtle,2334746187235951775,28,4,5,10
37,Snapper,6537743788808659360,18,2,4,14
19,Trout,2900320529748571496,16,2,2,10
95,Octopus,13953802057433368681,21,2,4,6
7,Bass,5964010302124867920,18,2,4,14
69,Grouper,13761158587703125957,17,4,4,3
53,Bluegill,17527300053645228041,22,1,3,15
13,Sardine,11867598570276287987,14,1,3,5
65,Piranha,13400134951893256583,20,6,1,5
1,Tilapia,10325434001954624351,25,1,4,7
37,Snapper,16242024326321403898,14,3,3,6
72,Angelfish,17285303289104534601,28,4,4,18
28,Anchovy,3621775397408878338,22,4,3,10
5,Perch,704965608287905029,20,2,1,7
44,Clownfish,3774801331903513865,16,1,2,4
3,Tilpia,7167800870661870951,17,1,2,20
41,Anglerfish,7725788253678759228,31,7,4,7
3,Tilpia,6343444438615721873,25,4,1,4
3,Tilpia,6433616289657515899,15,4,4,6
23,Pufferfish,9681280952367212172,22,1,2,1
78,Turtle,14515809284694491514,19,7,3,3
38,Snapper,17689400408143245315,16,6,4,10
46,Eel,7666998482982335341,13,4,1,5
15,Spotfish,7273824226928745849,27,4,1,20
54,Redgill,12571135134426784894,27,6,2,3
62,Barracuda,2262684889895540966,21,2,3,20
65,Piranha,17490728245156287731,15,3,1,19
53,Bluegill,3156685113076307500,23,5,1,20
11,Sardine,8995946219825774973,18,2,2,12
34,Triple Tail,361994855250322440,15,2,2,7
5031,Boot,12050966452707165580,25,5,2,1
78,Turtle,11564810200669818509,30,2,3,10
77,Turtle,9429797128144219084,17,5,4,15
13,Sardine,7767426371386256064,22,5,1,7
24,Pufferfish,10834651878908318229,24,4,3,18
34,Triple Tail,4322548545923408553,25,4,1,15
16,Trout,12322319328567956730,26,6,1,3
87,Shrimp,16441736332576988402,30,7,1,17
75,Mola Mola Fish,5660788904448066839,25,2,4,4
81,Starfish,5126734367166741915,19,4,1,14
25,Catfish,18285900864152916181,19,2,3,16
10,Sardine,8819678466217497431,19,6,1,3
74,Mola Mola Fish,7383112634008241844,21,2,2,20
4,Perch,16982205356170135060,22,2,3,19
40,Anglerfish,7101766682589592013,24,4,2,19
81,Starfish,15578424772659081657,24,5,3,6
28,Anchovy,13463489816733673749,19,1,4,18
13,Sardine,11265532232047239681,19,6,3,9
28,Anchovy,8377362076688749499,19,4,4,13
74,Mola Mola Fish,13017216885524444359,26,6,1,14
28,Anchovy,6471743046749496459,23,2,1,13
59,Salmon,1168255718734851733,16,3,4,5
13,Sardine,10420205520320230679,20,5,1,9
22,Pufferfish,14958838343879968333,14,5,2,9
63,Barracuda,13133670890398701579,24,7,1,13
3,Tilpia,15147386908545074630,15,2,2,4
37,Snapper,3835647982772374451,20,5,4,19
16,Trout,13229780018721337928,25,5,2,4
22,Pufferfish,6003272319331669273,20,6,3,3
4,Perch,2470606770077016794,15,1,3,9
5031,Boot,16119105985539957221,15,6,3,12
11,Sardine,11182075422475935060,20,3,3,16
7,Bass,9498119437685131155,17,6,1,13
89,Seahorse,14587823245496080400,15,6,4,10
32,Cod,203790523785258851,14,5,2,3
16,Trout,16779729061049260116,21,6,3,16
77,Turtle,14174710821557904639,17,6,1,14
43,Clownfish,11500417237494274586,20,4,3,18
53,Bluegill,1738589532702822345,19,3,2,10
5049,Axolotl,10552820115146588152,32,10,4,9
8,Bass,10614747067346285566,17,6,3,6
15,Spotfish,10514530702123833810,30,4,2,20
7,Bass,5917523905821278045,17,3,1,2
48,Electric Eel,5159113505631251569,32,4,1,17
44,Clownfish,4065575875365911264,16,2,1,16
8,Bass,9186705791582637692,14,6,2,12
6,Perch,2658242270480193880,27,7,1,2
53,Bluegill,6819592096239197180,25,6,1,18
74,Mola Mola Fish,7669695870646685530,16,6,1,10
74,Mola Mola Fish,11331297614074622686,20,3,3,1
37,Snapper,1911317597438522974,20,4,2,2
50,Damsel Fish,3011792380086222981,18,5,4,8
29,Herring,6694293835739100288,19,4,3,20
27,Catfish,42768469703886802,21,6,1,2
72,Angelfish,18067627358695783344,26,3,2,21
29,Herring,17932023013718698944,17,1,4,6
89,Seahorse,7819785139660321577,16,5,2,2
71,Angel Fish,12526934192691837786,20,1,1,16
19,Trout,13689748079269756711,15,3,1,9
32,Cod,10358870726294918574,16,6,3,3
68,Grouper,18064472091971010092,18,6,3,12
5049,Axolotl,10964814565584261418,28,8,3,22
31,Cod,17358594754422374935,16,4,4,13
29,Herring,3264734644640310667,22,1,4,2
40,Anglerfish,10771011069126361031,16,1,4,15
19,Trout,10269181630218699748,17,1,1,11
81,Starfish,13140314988691690783,21,5,3,6
77,Turtle,17450089749310486129,16,6,1,7
16,Trout,1914599206363442915,18,2,1,19
37,Snapper,2003280648972903930,23,3,1,2
5031,Boot,8670604658331902970,21,5,2,1
4,Perch,4039013380879877887,26,3,2,4
1,Tilapia,11859642679900002473,19,3,4,2
32,Cod,8256882006551167368,16,3,1,12
17,Spot Fish,8545880795425477671,15,5,3,5
81,Starfish,1218486233563383343,16,2,3,20
68,Grouper,5700600527151104338,28,7,4,9
68,Grouper,15955701635007772955,27,3,1,3
5059,Great white shark,12983405740219701688,19,4,2,7
32,Cod,6331293603860102180,18,2,3,12
37,Snapper,11721765648895859232,19,2,2,13
62,Barracuda,2852417395771302112,26,3,2,17
1,Tilapia,229819637554273020,22,1,1,19
31,Cod,9951697025764397562,16,1,4,6
47,Eel,5850874242923492888,20,2,1,12
7,Bass,16007311364687308770,22,5,2,2
55,Spearfish,10584771356834905236,17,3,2,9
1,Tilapia,8541928960584503718,14,4,3,13
23,Pufferfish,13075703976190465632,13,2,1,9
1,Tilapia,12869057401165723086,14,4,1,3
81,Starfish,4837248475648497422,19,5,1,5
17,Spot Fish,9981119466126976027,15,3,2,11
65,Piranha,1566270964633075424,16,6,3,18
40,Anglerfish,566324829282118400,18,5,3,10
38,Snapper,6545322638691555290,24,5,4,18
29,Herring,13197771465099134329,16,4,3,19
37,Snapper,11346794075352056059,23,2,3,13
1,Tilapia,6081560179271752576,21,2,2,5
22,Pufferfish,1752106384656298309,21,4,1,19
23,Pufferfish,1225845942828669881,23,6,2,6
1,Tilapia,14360378845508009853,22,2,3,20
50,Damsel Fish,1141155462820256332,17,1,3,16
31,Cod,9007610357959039527,22,4,4,16
33,Cod,14291120793651987127,33,3,1,12
59,Salmon,2081829440727545342,19,1,4,18
5031,Boot,3622599617750836254,19,5,4,18
89,Seahorse,3146766305868070985,23,6,4,1
44,Clownfish,1435543501233251518,15,6,4,5
10,Sardine,8073554018247331865,18,5,4,8
12,Sardine,2689041176042413697,23,3,1,10
98,Jellyfish,8554769926565723462,18,7,1,8
5049,Axolotl,10396704602516595982,24,8,6,13
3,Tilpia,11428347979047731222,21,6,3,5
25,Catfish,5107694616320967660,13,6,4,7
76,Mola Mola Fish,4706874217890239362,33,5,3,21
63,Barracuda,2431647026089806005,26,3,3,12
44,Clownfish,9400064837942113460,18,2,1,16
12,Sardine,16615873264861014523,32,3,2,8
13,Sardine,3611566647994259038,21,5,3,10
20,Trout,8570440178780182670,17,6,3,21
34,Triple Tail,9376016493748799736,16,2,3,1
23,Pufferfish,10639716482459140775,18,5,3,10
14,Sardine,13473419623434559044,21,4,3,8
5,Perch,7349431200015725634,26,2,2,1
13,Sardine,5908604987464224333,17,6,1,14
30,Herring,12328091170584253349,18,5,1,12
47,Eel,15156585912090416994,17,1,2,18
5049,Axolotl,13465205524941741653,19,10,4,10
54,Redgill,17590547454093845923,24,6,4,10
22,Pufferfish,2417136473507447043,13,3,2,12
28,Anchovy,6468549648968450697,22,3,2,4
87,Shrimp,4779930452377386327,27,6,3,17
51,Damsel Fish,16545224357351948323,32,6,1,19
13,Sardine,3596282573603493536,19,4,3,16
20,Trout,14479367463452395986,27,4,1,10
22,Pufferfish,7851035032366048888,16,3,4,2
16,Trout,6685288196979695945,18,6,4,20
71,Angel Fish,681767771902089883,16,4,1,19
7,Bass,3779566942599890375,22,5,3,8
1,Tilapia,14424686515151017651,20,1,1,19
31,Cod,2989081558747983218,16,4,1,17
37,Snapper,13120690242921082359,15,4,2,8
4,Perch,10184918603250840854,19,6,4,20
5031,Boot,18208410664087261407,18,5,1,5
59,Salmon,3332303006684405832,19,3,2,11
20,Trout,16933349544335743054,20,3,4,13
59,Salmon,3840600531746312732,20,4,3,13
13,Sardine,4342498540956604754,20,3,1,8
77,Turtle,9436503782969899477,22,5,3,17
4,Perch,16597791320292574350,16,1,1,11
38,Snapper,6142301802283865940,19,4,3,15
43,Clownfish,16584355643729407869,19,5,1,9
28,Anchovy,15079060438138484513,22,5,4,3
100,Jellyfish,3138947131293227485,34,5,1,6
28,Anchovy,7426846074070449353,20,5,3,17
8,Bass,17765948724197859286,19,4,1,3
1,Tilapia,12005948876927915806,17,4,4,20
28,Anchovy,77216656741656771,18,4,1,1
19,Trout,15141573072995751342,24,1,2,15
59,Salmon,6665074415861954146,21,2,4,8
28,Anchovy,3497222493600937507,24,1,3,10
28,Anchovy,5377276769669063281,22,2,2,1
37,Snapper,9429898253411729214,16,6,3,17
57,Spearfish,11447745496819295653,26,6,4,14
16,Trout,3955101117506563577,18,4,2,4
4,Perch,10783847605942332377,17,3,3,8
46,Eel,17744807338092159477,17,6,3,12
25,Catfish,10034835716480440634,22,5,4,18
13,Sardine,5987664045606350408,24,2,3,20
37,Snapper,16847381211565446240,14,2,2,17
55,Spearfish,17965942473850174763,18,5,1,17
69,Grouper,7767529779045753625,20,5,3,5
37,Snapper,10119874324922169802,19,5,1,16
14,Sardine,15889437529457125352,25,3,1,2
40,Anglerfish,11917942970279211635,13,4,1,15
13,Sardine,14027838077513904960,25,1,4,16
46,Eel,15655373072107546837,19,1,2,11
25,Catfish,6840117286293470525,16,6,3,13
29,Herring,12864132797053542352,17,5,3,5
1,Tilapia,15907593925817836590,25,5,4,11
23,Pufferfish,15239121468956702733,20,3,1,3
32,Cod,17943732328196283138,22,4,3,12
32,Cod,6516395817549520728,25,2,3,12
1,Tilapia,15980078722487227017,17,1,2,2
8,Bass,16807252395804596162,22,6,4,12
53,Bluegill,9509740697885502642,20,6,4,16
23,Pufferfish,4693543744838057926,20,4,1,17
34,Triple Tail,12973856437279484989,23,4,2,6
71,Angel Fish,18227989215732063087,13,4,3,1
31,Cod,9741867325640458516,23,5,1,1
25,Catfish,7299769728402908943,21,1,2,12
45,Clownfish,11556599836211964417,30,4,2,10
29,Herring,8008864296973498278,23,4,2,6
32,Cod,4901296754152850177,20,4,2,13
1,Tilapia,7175926242012381124,23,5,4,15
10,Sardine,9092665613300955890,15,3,2,16
37,Snapper,16232614998935899367,20,1,3,15
1,Tilapia,1295984442824539454,20,5,2,1
71,Angel Fish,2572717443290013138,17,3,2,9
31,Cod,8231370816187094342,17,1,3,12
25,Catfish,3688607930011754677,14,6,2,17
78,Turtle,10676429137656234429,21,4,3,12
28,Anchovy,3693052502140475697,17,2,4,18
23,Pufferfish,10302117568469849529,18,3,1,11
5031,Boot,12866603298223524318,17,5,2,12
11,Sardine,16956391783330850432,21,6,2,20
5027,Cutthroat Trout,2113815433003408881,29,5,4,16
5031,Boot,391517600735252720,21,4,1,3
1,Tilapia,430503632276348518,22,2,1,20
22,Pufferfish,17301573706682330263,19,1,2,11
17,Spot Fish,10077333567898716586,21,1,1,13
15,Spotfish,17702487683201844486,18,4,3,6
28,Anchovy,6554053550138044398,24,3,4,20
78,Turtle,15468150729426376722,30,3,3,17
3,Tilpia,8296966762877988641,17,5,3,7
35,Triple Tail,11359891210587929773,28,5,2,9
55,Spearfish,12990977671836321585,19,5,3,15
53,Bluegill,11443903604304015784,20,3,2,13
19,Trout,4405093615595530701,26,6,1,3
11,Sardine,3857686668063761728,15,5,4,16
10,Sardine,8782000310923796485,20,5,3,3
19,Trout,12029906360962479021,24,6,2,2
28,Anchovy,8339863854011700313,21,5,1,10
30,Herring,13314254178153105675,22,1,3,4
11,Sardine,1009730723314328285,19,1,1,2
28,Anchovy,14743681535565754564,16,2,2,9
7,Bass,2752851865723967376,16,5,4,14
11,Sardine,696620170214811039,19,2,3,2
62,Barracuda,8006707337556078312,23,5,3,11
29,Herring,15745372770050972239,26,1,1,17
40,Anglerfish,11786302477034614334,15,5,1,10
51,Damsel Fish,16520080003225211018,27,3,3,4
4,Perch,16765959654353082114,23,6,3,9
11,Sardine,17814642815189383039,16,5,4,11
28,Anchovy,18251744773144515653,18,2,2,3
45,Clownfish,12469737031259647832,30,3,1,13
4,Perch,17635717757586040583,14,4,2,9
7,Bass,768245863240022368,25,4,2,15
5031,Boot,4880081917720221139,20,3,2,12
23,Pufferfish,11165346367692940587,15,6,4,11
72,Angelfish,1307317241058333798,15,7,3,7
13,Sardine,11352962348241949934,17,4,1,4
16,Trout,1479801730593276955,25,6,2,5
29,Herring,92069615695391395,14,3,1,2
36,Triple Tail,8593277585385022994,26,6,4,19
26,Catfish,3110753150763425411,23,6,3,15
25,Catfish,9690077537417071467,21,2,1,3
39,Snapperfish,10500099775746844570,19,2,4,13
51,Damsel Fish,7454938836060109128,27,5,2,16
41,Anglerfish,10483259019175199912,22,2,2,7
50,Damsel Fish,5632619208167685040,21,3,4,5
19,Trout,2922207907170461220,19,2,4,9
55,Spearfish,894094391458436360,20,2,3,11
65,Piranha,9415358187816997270,19,6,3,8
59,Salmon,11715188948119386733,16,6,2,17
76,Mola Mola Fish,7062987749654086049,27,3,5,21
56,Spearfish,6329469946616976939,18,5,2,4
46,Eel,1166318062827894919,16,3,4,2
55,Spearfish,4999863029431172532,20,4,4,3
62,Barracuda,14755682377140756584,20,6,4,12
23,Pufferfish,5993554523902737696,16,3,4,6
4,Perch,11136129361493104515,18,4,4,4
5031,Boot,12753488638115945421,14,2,1,11
75,Mola Mola Fish,16236401083609187144,23,6,4,5
97,Golden Takoyaki,5334256425480380408,31,8,6,18
100,Jellyfish,7015241797176799495,27,3,4,8
89,Seahorse,5422835299193230721,23,1,3,2
8,Bass,12688538014600814757,13,1,4,5
89,Seahorse,3900537897039229624,19,6,3,5
13,Sardine,14526154234946854490,23,2,4,11
74,Mola Mola Fish,4345065728992849040,14,5,1,7
17,Spot Fish,4808410853610830047,17,6,2,3
25,Catfish,2453130139145412552,22,2,1,12
3,Tilpia,561027044868318392,17,5,3,15
16,Trout,17979268431345281346,23,5,4,20
13,Sardine,11421599967171535,19,5,2,9
7,Bass,9247807646819996544,20,2,2,10
11,Sardine,9865142871877229640,24,1,1,8
19,Trout,2859655519259896870,17,5,3,10
53,Bluegill,11291967838048373823,24,6,2,6
7,Bass,660108161121354583,21,5,3,20
5031,Boot,13946035634690742498,20,1,4,17
25,Catfish,17454150638793186602,22,2,4,12
31,Cod,3584045184853041660,24,2,4,9
57,Spearfish,11091361260013279106,31,5,2,16
74,Mola Mola Fish,12589780730753341119,18,5,3,2
28,Anchovy,12848003849906638136,22,3,3,17
44,Clownfish,713871821438553459,16,1,4,14
13,Sardine,1151772672497383466,18,4,2,10
81,Starfish,9836184160479404323,15,4,2,18
34,Triple Tail,7473399075791290808,18,4,3,17
77,Turtle,17893183588331515647,17,3,4,13
28,Anchovy,12455287830366488725,20,6,4,2
11,Sardine,15987939095359075874,17,1,2,14
16,Trout,2514809158135552346,24,4,1,1
87,Shrimp,2264913174294996248,25,4,2,14
29,Herring,6701660255670732395,21,3,2,4
5,Perch,13959444489608532057,20,2,1,20
53,Bluegill,14289765324760176577,23,5,2,4
47,Eel,6747586320008892844,20,4,2,2
44,Clownfish,11510924022079622499,17,2,3,10
19,Trout,5338513063827259490,24,2,1,1
53,Bluegill,16686166418286951145,19,2,2,1
62,Barracuda,6042504513203855000,22,6,2,7
35,Triple Tail,3945045712533352209,18,7,3,18
5,Perch,2228022959325090454,17,6,4,17
89,Seahorse,4143906853110911149,22,5,2,3
46,Eel,5386193491706401426,14,5,3,16
3,Tilpia,1108471225842047358,23,3,4,10
5031,Boot,6870996151422355167,19,4,1,12
46,Eel,16638666195135961446,20,1,3,9
74,Mola Mola Fish,4018536894240806973,12,1,2,5
1,Tilapia,15817420438342663100,19,6,2,9
28,Anchovy,8235917591266709670,23,5,1,5
4,Perch,14215968385136678950,22,4,2,17
50,Damsel Fish,9467844418818485725,12,2,3,1
81,Starfish,5832267378335951890,20,4,4,11
89,Seahorse,15167945905009242315,13,5,1,17
82,Starfish,16673807628465059298,26,7,3,3
5031,Boot,8232058600897140182,19,5,1,14
13,Sardine,12816216082997275374,14,4,1,9
1,Tilapia,8660037976499323206,14,1,1,17
5031,Boot,17227113252525950806,25,2,2,7
28,Anchovy,10439333841491171279,13,4,3,16
24,Pufferfish,3661239554797506886,21,2,3,4
29,Herring,4629077025261251942,20,2,4,10
3,Tilpia,1918145315985921664,22,4,2,10
23,Pufferfish,5428690157192892859,16,4,1,19
37,Snapper,4131279006265979985,20,3,3,12
32,Cod,9824537285907032323,22,3,2,10
1,Tilapia,17954666300411977893,18,6,4,19
29,Herring,13163055733082085624,16,2,2,5
11,Sardine,16156653052199199904,24,2,3,17
59,Salmon,2228567358518460349,25,2,3,3
16,Trout,7422952571259742691,21,4,1,10
89,Seahorse,3261079870989418396,16,3,2,11
17,Spot Fish,16746565694589085651,15,3,4,14
32,Cod,8818662616104659460,26,6,1,20
43,Clownfish,7671486430720624560,15,3,2,1
37,Snapper,9861558965304053768,19,5,3,8
11,Sardine,9425274728570140909,17,2,2,8
40,Anglerfish,1191601532973709761,22,6,3,12
69,Grouper,17587184937167813915,21,1,3,11
69,Grouper,10101526837602469662,17,1,1,16
28,Anchovy,11677078082329860224,19,1,1,8
16,Trout,10973296641257663390,14,1,1,5
4,Perch,10292328797742238328,22,6,1,19
1,Tilapia,11530149991036783356,25,2,3,2
13,Sardine,3999609481119121569,20,3,4,4
69,Grouper,9766997191089495114,22,5,4,12
1,Tilapia,3765622616105271349,17,6,3,7
46,Eel,2795366475056498487,20,6,3,11
13,Sardine,4285679684143309846,19,6,3,3
84,Crab,17109659287075960697,27,6,3,15
19,Trout,4263310142022086580,18,4,2,10
29,Herring,17932763366879491860,17,5,4,18
5031,Boot,4926646627893299401,15,4,4,12
5031,Boot,14133142673589853206,24,2,3,10
71,Angel Fish,9010883824448429401,15,1,4,8
59,Salmon,1041007210016582528,19,2,2,7
46,Eel,10497998342785484846,22,6,4,15
74,Mola Mola Fish,8194942694644052125,21,1,2,16
55,Spearfish,2611915764739335843,20,4,4,6
62,Barracuda,6296963398076883556,12,4,4,3
29,Herring,5151583862653322038,17,5,2,3
8,Bass,16505597109224526378,14,5,4,4
4,Perch,7541949193032278087,19,3,4,11
37,Snapper,4953179899049013948,15,3,1,6
5,Perch,5837839101764073486,16,2,3,16
28,Anchovy,12536370810988972941,19,6,1,3
65,Piranha,1403409244482418414,15,5,2,20
31,Cod,3434855202372369509,22,5,2,11
4,Perch,17727120301956179520,17,1,2,11
59,Salmon,12812476974772251217,18,4,4,7
23,Pufferfish,12837601278657718124,15,3,2,1
28,Anchovy,6031933682070260588,19,6,2,4
11,Sardine,5083466524418242796,23,1,1,14
7,Bass,11820533202711113266,18,1,1,8
5028,404 Fish,11363504244866778549,26,5,4,18
5,Perch,8272092396573509153,16,5,3,10
11,Sardine,2486218552422847367,19,5,1,6
59,Salmon,16821048511681156987,17,4,1,10
47,Eel,13228659447552552037,22,3,3,12
7,Bass,16121291336139496212,19,5,3,11
7,Bass,8292230574139187301,14,4,4,10
28,Anchovy,4302953016629526682,19,2,4,13
32,Cod,3317681772838267031,15,3,3,7
28,Anchovy,9051172607951975583,19,6,3,12
74,Mola Mola Fish,1135954410133178299,14,2,1,13
11,Sardine,4132572856317323097,23,4,3,19
77,Turtle,12694815937817027054,17,3,1,1
29,Herring,11780313513002749236,17,3,1,10
34,Triple Tail,9404401303291152294,12,6,2,9
19,Trout,14929596229852692027,19,3,4,18
33,Cod,1965234777924739430,23,2,1,4
81,Starfish,14856407779627969764,18,5,3,13
15,Spotfish,92580271233623425,23,4,3,3
31,Cod,11860817655465836515,18,4,3,5
47,Eel,12065672901820166037,19,5,3,15
71,Angel Fish,719820738951731754,14,4,2,9
8,Bass,1621757780250157926,17,1,2,1
20,Trout,7997473651154106142,25,7,1,8
5027,Cutthroat Trout,5273775440193850074,30,6,1,6
71,Angel Fish,16985577921075317877,21,3,4,9
4,Perch,10804134814714656054,16,2,1,19
54,Redgill,2272059734221961339,21,7,3,16
97,Golden Takoyaki,17219802731886744256,36,9,6,16
7,Bass,10405270469528968867,16,3,4,6
77,Turtle,15705519023608347224,23,3,2,14
74,Mola Mola Fish,8450630685414408331,13,5,1,15
89,Seahorse,11800519652723673879,21,5,1,15
40,Anglerfish,3009595766059868079,21,4,3,18
47,Eel,10988166669718704152,13,3,2,3
55,Spearfish,1332838095354366803,20,6,2,13
32,Cod,5627916452511846888,19,3,2,18
5,Perch,4443173938386954922,19,5,4,7
23,Pufferfish,4961931327384936507,21,2,2,10
65,Piranha,5668119716632189124,18,1,2,3
37,Snapper,2613592532737884075,16,3,4,8
69,Grouper,8990540856402713082,20,3,3,8
71,Angel Fish,16430423307895939248,17,1,1,15
25,Catfish,1848957691590028278,12,6,1,7
35,Triple Tail,17824716137126618467,25,6,2,15
40,Anglerfish,7393161214682116276,12,2,3,5
39,Snapperfish,17622763352278770283,18,2,3,16
7,Bass,7183376903291078499,20,4,3,4
17,Spot Fish,14822934481352840666,18,6,2,13
45,Clownfish,2846145966614267069,30,2,2,11
1,Tilapia,15017149044068970,26,4,4,17
47,Eel,11595684163803989495,19,4,1,15
25,Catfish,15693668309768352418,20,1,1,1
23,Pufferfish,14161576288097916802,24,3,3,3
13,Sardine,15550970011070294262,19,3,1,11
59,Salmon,17616084657553712073,18,5,4,16
11,Sardine,3952556208919020164,17,3,3,15
16,Trout,9773690005146432108,18,1,4,11
44,Clownfish,4710469029851873044,26,4,3,12
53,Bluegill,3106635442920862865,13,5,1,2
5031,Boot,9600019452945341227,14,2,2,9
25,Catfish,1380937350837104476,15,5,1,1
11,Sardine,262341658477227052,22,6,3,9
3,Tilpia,17883804129095752206,21,3,3,8
37,Snapper,7280788478849467255,13,6,4,19
11,Sardine,1482046997850236173,20,6,4,12
77,Turtle,11026025746818940012,21,2,2,7
23,Pufferfish,15206303520857244330,19,3,3,8
71,Angel Fish,17831507735595067554,19,1,4,4
16,Trout,16917273663029310845,18,2,4,17
24,Pufferfish,7077821437881933228,24,4,3,3
84,Crab,16676334735648813451,22,4,3,16
43,Clownfish,6820665862914617318,14,6,3,2
28,Anchovy,2754611327674123240,26,2,4,14
40,Anglerfish,10494962985237842369,19,3,1,10
5031,Boot,17390974284050586663,19,6,4,1
43,Clownfish,424701877737602561,23,5,2,9
47,Eel,6499419372579303413,13,6,1,8
41,Anglerfish,8693610024798059601,22,7,3,19
93,Blue Lobster,6132419710355193486,17,3,4,12
3,Tilpia,12273484513659071224,22,4,1,8
44,Clownfish,6091960028677549889,20,4,4,14
69,Grouper,1943953564549656305,13,6,4,6
19,Trout,4065402184456090026,18,3,4,2
74,Mola Mola Fish,2859599761459493360,23,2,3,1
78,Turtle,2699460538528989998,23,7,4,17
5059,Great white shark,344411866735957211,25,4,1,13
17,Spot Fish,5141180917486136404,19,6,1,13
22,Pufferfish,5783606258056543495,19,1,4,6
55,Spearfish,73272945104251412,18,5,4,17
95,Octopus,17897751872819889702,27,2,3,12
65,Piranha,9437560940281189732,18,4,1,17
11,Sardine,7182615529400513747,20,2,4,5
93,Blue Lobster,14263176879308818027,30,3,3,6
39,Snapperfish,16835435256056690423,29,5,3,9
5049,Axolotl,4139297882474366773,27,10,6,18
41,Anglerfish,15070937440000853485,27,3,2,12
47,Eel,10069082232149815286,15,2,2,1
48,Electric Eel,2056348390005689786,22,6,2,3
76,Mola Mola Fish,888267125089461355,21,6,4,19
100,Jellyfish,12468582971443726123,26,6,1,2
62,Barracuda,11977275732301236088,19,6,4,19
89,Seahorse,13134468602726812052,23,4,3,2
40,Anglerfish,11361576152515646706,16,3,1,9
62,Barracuda,17387465916659952298,15,3,3,15
59,Salmon,883117203882130522,20,2,4,9
13,Sardine,14889692795072957464,24,4,3,18
3,Tilpia,4392095878823226911,25,5,1,15
13,Sardine,15817824298262613228,18,4,1,10
3,Tilpia,11325576801422977992,22,6,3,12
30,Herring,4737718513916596558,16,3,3,3
13,Sardine,13447370789270565720,15,4,4,6
37,Snapper,11038675769680261624,22,4,2,1
40,Anglerfish,7373163436385966400,24,5,4,9
24,Pufferfish,14355279385242295121,25,4,3,6
1,Tilapia,5706634402042768611,21,2,1,6
77,Turtle,6679136627968420555,21,6,4,7
40,Anglerfish,11050763622920661129,18,3,3,18
38,Snapper,5331923798032496554,21,2,3,19
59,Salmon,12194289156996952857,21,1,4,12
16,Trout,10448902171099708364,19,1,2,5
31,Cod,8931340084668211474,13,2,2,4
46,Eel,17564182466331311901,22,6,1,8
23,Pufferfish,5050303990180568875,21,6,1,14
31,Cod,15193872824761175490,23,5,1,16
77,Turtle,12204880226114716881,19,2,3,6
37,Snapper,3419764327222761153,14,6,1,3
46,Eel,8378336982974385492,18,3,3,11
32,Cod,1448589196749656717,19,2,1,16
62,Barracuda,17802661511231376918,15,2,1,11
28,Anchovy,12175655594563266099,21,3,3,6
81,Starfish,5487811086523579828,17,3,2,14
65,Piranha,13466513438246509034,22,1,4,7
7,Bass,11198372158814410410,17,4,4,19
92,Lobster,6940775120268766802,20,4,1,7
38,Snapper,5172210381615856614,17,1,2,16
13,Sardine,6750766513464821183,25,2,1,5
38,Snapper,16740359830193497786,22,5,3,2
28,Anchovy,5405877346961799357,16,4,2,17
46,Eel,7746982528163698700,16,6,2,7
5,Perch,6108097481248325237,15,3,2,17
13,Sardine,12558867454282540128,19,5,2,12
90,Seahorse,16673413800166940014,22,4,1,12
86,Shrimp,17892462262135733716,24,3,1,20
37,Snapper,12653470616332744170,19,1,4,14
62,Barracuda,14675016178190968403,20,2,2,6
30,Herring,7431276169284190249,22,5,2,9
59,Salmon,12235261650096635801,20,6,1,1
32,Cod,8400436812826121915,19,5,1,18
1,Tilapia,9328867541949321801,19,6,2,16
34,Triple Tail,12008205068121039115,20,4,4,4
34,Triple Tail,8405285769980884564,18,4,4,4
99,Jellyfish,18368425966521908722,14,4,1,18
99,Jellyfish,5312973653231975886,19,4,2,4
58,Salmon,7564463746986435327,20,4,4,13
74,Mola Mola Fish,14992177353899941443,20,4,3,10
30,Herring,4851800773113082312,24,3,2,4
4,Perch,10265786925720014910,23,2,1,7
22,Pufferfish,16717604515356252671,16,5,3,7
92,Lobster,5211681481824635637,16,1,3,10
16,Trout,4429486479498063740,19,6,4,2
57,Spearfish,1474779935768207416,19,2,2,20
92,Lobster,17069473654688243898,24,6,1,19
53,Bluegill,2693921290949321439,18,6,2,2
89,Seahorse,10116136422335372374,14,4,4,20
80,Starfish,16903069735633253255,20,6,4,19
62,Barracuda,897605336531708901,24,5,3,13
4,Perch,16491962644699237419,15,4,3,15
5031,Boot,619340456766707528,19,4,1,11
50,Damsel Fish,7903071544204079834,17,2,2,11
58,Salmon,10236179372820234522,19,4,4,3,0
62,Barracuda,847822342948274339,13,1,2,19,0
5027,Cutthroat Trout,368859478869314456,22,5,2,9,0
10,Sardine,10258956324373818070,21,5,1,16,0
50,Damsel Fish,5900838731807544018,18,1,1,10,0
50,Damsel Fish,17248869397342086932,23,1,2,19,0
47,Eel,16514184376238458603,21,1,4,17,0
95,Octopus,10784125409056219652,30,3,3,15,0
32,Cod,3862645727396780728,17,5,2,7,0
50,Damsel Fish,14164161732441650059,15,3,4,20,1
49,Damsel Fish,13898157257166984615,19,3,2,2,0
34,Triple Tail,6206065025261706681,16,3,4,12,0
92,Lobster,13879263627678571808,18,4,2,14,0
34,Triple Tail,5494742026272673205,19,4,4,8,0
87,Shrimp,6712625000545533449,24,4,1,10,0
3,Tilpia,1012251212240249715,25,1,3,6,1
72,Angelfish,3846279560253053541,21,6,3,3,0
83,Crab,15409072755873701687,13,4,1,13,0
44,Clownfish,5392992197562004658,20,6,4,8,0
77,Turtle,3781049924923035938,15,5,3,16,0
46,Eel,13370080828256521101,25,2,4,18,4
3,Tilpia,3866598346456914313,19,1,2,13,0
34,Triple Tail,13476266465363349138,16,6,1,1,0
39,Snapperfish,776460325944542085,27,4,3,18,9
19,Trout,5153806581038448353,23,5,2,10,0
69,Grouper,1268752358602241556,13,1,3,16,0
69,Grouper,15116378005942441012,19,4,4,17,0
94,Lobster,2303148635004361462,31,4,4,9,14
17,Spot Fish,1780616810300641088,19,4,3,11,0
59,Salmon,16143275139374208704,22,1,4,14,0
17,Spot Fish,14694420280723858040,20,4,4,14,3
21,Trout,8404724597914049447,19,3,2,6,0
43,Clownfish,13298193467968400824,18,6,1,3,0
27,Catfish,8524117967669377725,16,4,2,19,0
53,Bluegill,1347453745384438005,19,1,3,5,0
41,Anglerfish,4818243865413215030,21,6,2,7,0
65,Piranha,10861690311701490075,17,4,4,14,0
62,Barracuda,12747815629676009334,25,4,1,8,0
58,Salmon,17656218435290509810,24,3,4,17,1
30,Herring,1056058046326728314,24,2,4,12,0
2,Tilapia,12977078406822232127,19,6,1,19,0
25,Catfish,416799752981655823,24,3,4,9,0
86,Shrimp,1211255402911673076,23,6,4,4,0
72,Angelfish,6230613566051845073,21,5,2,19,0
4,Perch,1402705638805523309,16,5,1,1,0
83,Crab,17776988987131123711,15,6,3,9,0
69,Grouper,16119718869240658515,14,2,1,15,0
40,Anglerfish,1755015087060808981,15,1,1,9,0
64,Piranha,17151140236599055371,19,1,1,10,0
34,Triple Tail,2815836406353668162,19,2,3,3,0
43,Clownfish,14624923662489053894,21,6,2,16,10
22,Pufferfish,17262217113825495867,18,5,2,5,0
23,Pufferfish,5962394555813029642,18,5,4,1,0
99,Jellyfish,17032177671080190143,16,3,2,6,0
53,Bluegill,10066234189135793678,18,1,1,9,0
61,Barracuda,8182593750618024144,22,6,1,6,0
7,Bass,1116198705459306191,23,1,1,17,0
24,Pufferfish,15944845904374282365,22,2,4,10,0
37,Snapper,1942299289396083467,20,2,1,9,0
61,Barracuda,15275951375111892716,19,4,3,1,3
77,Turtle,4839176441142823654,16,5,2,17,0
44,Clownfish,14087631438674822268,19,3,3,1,0
32,Cod,4337271177988202897,16,4,4,6,2
19,Trout,4084445095328212452,18,3,3,16,0
48,Electric Eel,9599228532253178833,27,5,1,8,4
62,Barracuda,5190835446189198965,21,6,3,12,4
48,Electric Eel,5221258256331480576,25,7,3,17,6
69,Grouper,11345704746520152094,20,6,1,2,0
101,Red Handfish,865692690410000087,32,6,6,18,31
89,Seahorse,15616690377202748550,20,2,3,7,0
81,Starfish,9799544948859902695,17,4,3,20,0
57,Spearfish,16212867958260717967,17,7,1,2
5031,Boot,13257903359300632698,24,2,2,10,0
8,Bass,11990682625022722224,18,6,2,4,0
41,Anglerfish,500081448095667461,19,5,3,2,0
1,Tilapia,2617551452407991182,19,2,2,16,0
48,Electric Eel,730753748983730915,35,7,2,9,24
31,Cod,11916015839510454511,20,5,4,17,0
58,Salmon,6247802117569111715,14,5,2,13,0
20,Trout,3442519819887894066,24,6,3,14,0
89,Seahorse,13667335322732081932,15,1,3,8,0
7,Bass,5177436753318437857,21,5,4,18,0
40,Anglerfish,5284550065585557864,19,2,3,11,0
10,Sardine,2571877868503812791,16,5,4,6,0
89,Seahorse,5784172116853649304,24,6,2,17,10
69,Grouper,11623985939054610429,20,4,3,19,0
74,Mola Mola Fish,14408719013739200683,21,3,3,15,0
31,Cod,3219674311313621023,19,6,1,3,0
69,Grouper,6962919916810564334,18,5,2,15,0
17,Spot Fish,17450449513838341661,17,6,1,18,0
62,Barracuda,9141303374599970517,22,4,3,3,3
71,Angel Fish,7649714597052572192,14,4,2,4,0
65,Piranha,14191873188219031937,26,2,3,17,1
5027,Cutthroat Trout,14584959272214823949,31,7,4,3,17
5,Perch,16875666632791012363,16,3,2,9,0
34,Triple Tail,12194393702795864372,17,5,1,18,1
92,Lobster,10846272250895808338,15,6,4,17,0
71,Angel Fish,8767040644009166984,19,4,3,6,0
68,Grouper,8807046104575204411,30,3,2,5,0
30,Herring,2589022027668301677,22,1,2,16,0
1,Tilapia,15335286557302455274,19,6,1,2,0
55,Spearfish,4888731138816234110,19,3,1,15,0
37,Snapper,17300858462670156911,21,1,2,7,0
22,Pufferfish,5300045244342086479,17,2,1,3,0
17,Spot Fish,14336941742172993223,16,3,4,16,0
5059,Great white shark,8341205440238703504,23,4,3,17,0
5059,Great white shark,16885311469737501237,23,3,1,10,0
63,Barracuda,3869690558595991825,21,3,2,11,0
34,Triple Tail,17725223893773091664,18,1,1,12,0
20,Trout,16360893425785253415,27,7,4,10,2
93,Blue Lobster,4605931615770255060,23,3,3,8,0
62,Barracuda,8945368155503508280,16,4,2,4,0
47,Eel,7595168382737394263,18,3,2,6,0
79,Turtle,1485977291790648241,27,3,1,10,0
22,Pufferfish,11966256113003792520,21,4,3,14,2
77,Turtle,16569245966851289562,21,1,2,15,0
75,Mola Mola Fish,12281811285592377175,25,2,3,17,0
96,Octopus,6012853017993919281,29,3,3,14,2
5028,404 Fish,6599824394856760811,26,7,3,17,21
12,Sardine,15316500372209479264,19,4,3,14,0
64,Piranha,5982248489960364436,20,2,2,1,0
80,Starfish,3204266690556988939,15,1,4,14,0
34,Triple Tail,3236190584434807699,20,1,2,11,0
5028,404 Fish,11608948417329359442,22,5,2,12,0
84,Crab,13445812227094827226,33,5,2,14,2
12,Sardine,17153153441016788306,23,2,1,14,0
71,Angel Fish,13398384123092844342,23,2,3,1,0
61,Barracuda,8627717989104785943,23,1,3,1,0
10,Sardine,5710740644719885661,17,5,4,10,0
87,Shrimp,12754721159383650242,28,2,4,10,0
19,Trout,15067149594401000345,18,1,3,20,0
58,Salmon,6897340582627889719,16,5,3,2,0
5031,Boot,5935427174106966162,16,1,4,9,0
64,Piranha,4124380048079172167,21,1,2,10,0
8,Bass,17158787606188906145,22,4,3,15,1
46,Eel,18310232308171762126,16,6,2,20,3
80,Starfish,13022398124179161472,23,6,1,13,2
59,Salmon,14011861695202283506,23,4,4,5,0
4,Perch,6633843110132617136,21,4,4,20,0
13,Sardine,11123999309207099665,21,6,2,6,0
13,Sardine,16473282806574789767,15,4,2,20,0
67,Grouper,15263284937581115938,23,5,1,7,0
37,Snapper,13378557153222886895,17,5,3,19,1
22,Pufferfish,12164962911160781450,22,5,4,5,0
23,Pufferfish,12291587405797449885,20,4,4,10,4
28,Anchovy,11111302410954316969,13,1,3,14,0
14,Sardine,3135000229128918213,18,5,2,2,0
59,Salmon,14887993416988736606,16,2,3,17,0
2,Tilapia,5863547961350119145,20,2,2,13,0
62,Barracuda,1733407588867524729,14,2,4,2,0
34,Triple Tail,11085353363538094911,16,5,3,7,0
77,Turtle,13151538010084494254,15,2,3,15,0
79,Turtle,4401236288779583850,18,6,4,3,2
75,Mola Mola Fish,11162085922142693785,25,4,1,14,0
24,Pufferfish,1540198176992275001,21,7,2,9,0
87,Shrimp,17693290801905198959,26,6,4,9,0
13,Sardine,15380305337745031498,14,4,1,8,0
56,Spearfish,17203183568297160723,27,2,4,18,0
81,Starfish,10683907328886017887,15,5,4,3,0
27,Catfish,4253618316229195909,30,7,1,11,13
46,Eel,6135713829039443616,15,4,2,12,0
51,Damsel Fish,18197080840393735384,23,2,4,4,0
77,Turtle,9768704249361800672,22,6,2,2,0
10,Sardine,5275838902782031322,21,5,4,17,0
5,Perch,11858607062305441522,23,1,4,1,0
43,Clownfish,16767474029091047747,18,6,3,20,3
62,Barracuda,4039040912267423971,23,4,3,16,0
30,Herring,6388079753782302708,23,6,3,18,7
70,Angel Fish,5769176528749931944,23,2,1,13,0
31,Cod,10192735438265467693,23,6,2,19,7
52,Bluegill,9598105680688542399,18,1,4,2,0
28,Anchovy,18352809593274835631,14,4,4,11,0
40,Anglerfish,13685469353913399824,21,2,4,16,0
68,Grouper,14441006645921103576,23,6,1,7,1
65,Piranha,16382229620513647963,13,2,3,2,0
69,Grouper,10549539725966454426,22,6,2,8,3
20,Trout,11364710800637389587,25,4,3,12,0
55,Spearfish,13178270062685959248,19,1,2,11,0
19,Trout,3031797888736108680,17,4,1,19,0
96,Octopus,10060159934080450551,24,7,6,8,4
31,Cod,12378114561503369435,12,4,3,3,0
58,Salmon,17471797614229474904,25,4,3,19,3
58,Salmon,12040675769934806657,24,4,2,19,0
19,Trout,7787899721283651987,21,6,4,8,11
43,Clownfish,10499061391693509574,16,5,2,19,0
53,Bluegill,14369170286888870923,18,1,1,9,0
49,Damsel Fish,12085125406828010709,19,2,4,11,0
70,Angel Fish,12289196282804634156,15,3,3,2,0
95,Octopus,1756250200587209690,31,2,1,6,0
99,Jellyfish,4568451664670515924,16,5,1,16,3
61,Barracuda,8943645542534799444,12,2,4,5,0
17,Spot Fish,5847008677494841642,18,4,4,13,7
37,Snapper,12596463550598262487,19,2,2,11,0
4,Perch,9571850699065453153,13,4,4,2,0
23,Pufferfish,12542067044359580562,14,1,1,13,0
64,Piranha,18209972747477206585,15,4,3,10,0
23,Pufferfish,14649682931585884034,19,5,1,19,0
58,Salmon,1273300385004793342,18,1,3,3,0
47,Eel,1727953856654537939,20,6,4,5,0
78,Turtle,14309018160650265510,24,7,1,17,2
14,Sardine,12885668070032866449,24,6,3,17,2
38,Snapper,14606824540975400541,23,5,1,5,0
69,Grouper,6965346170809381721,20,4,1,15,0
8,Bass,10300686512530456807,17,1,4,20,0
49,Damsel Fish,2222306512926823575,21,3,3,8,0
28,Anchovy,4430554657377910207,23,2,1,3,0
5,Perch,13215372081011813565,24,4,4,16,1
5067,Pop-eyed goldfish,4359014781669831321,27,2,1,16,0
31,Cod,7881742503605929385,14,4,3,1,0
54,Redgill,9791088264392533990,25,7,3,9,8
33,Cod,10398693280933479432,30,6,1,9,0
89,Seahorse,2717979218503578633,19,3,4,18,0
34,Triple Tail,5557782417239187414,23,5,3,3,0
11,Sardine,2740880634677082709,24,6,3,4,0
13,Sardine,14973397386700129718,26,3,4,4,0
52,Bluegill,3985910952232111992,22,2,4,19,0
74,Mola Mola Fish,3325725750505138617,16,6,4,2,0
86,Shrimp,10066125882501394421,15,4,1,14,0
99,Jellyfish,15153354373283443629,20,1,2,16,0
11,Sardine,9971856713086323308,17,1,4,13,0
22,Pufferfish,12996363588466396465,17,1,4,15,0
37,Snapper,5665395478482888975,18,5,4,10,0
24,Pufferfish,7838032965764317679,34,4,2,12,10
4,Perch,1928687375419407505,18,5,1,15,0
48,Electric Eel,14392875293764041357,23,4,2,4,0
22,Pufferfish,15516763715166936244,19,6,4,14,0
16,Trout,13134721821429037331,18,4,1,18,0
74,Mola Mola Fish,3257212122821840196,19,3,3,12,0
16,Trout,18221621569326772132,24,5,2,4,1
65,Piranha,5078810010817978841,22,2,2,11,0
31,Cod,9388863480994544032,19,6,4,12,0
5031,Boot,10324973587383670620,15,5,2,16,0
2,Tilapia,14028421367081910699,20,4,1,6,0
5031,Boot,17343533336565881331,19,3,4,4,0
40,Anglerfish,18013121251503776026,14,4,4,16,1
70,Angel Fish,1404892707774348524,20,4,1,4,0
4,Perch,17826194423706447546,21,1,1,17,0
86,Shrimp,16938222736511091972,23,3,4,9,0
37,Snapper,10238480733888260442,25,5,1,2,9
16,Trout,13868429147834460439,13,4,4,13,0
8,Bass,6593666212554378157,13,3,2,11,0
3,Tilpia,6979248761602458946,23,4,1,18,0
92,Lobster,4301182998926643027,21,2,4,1,0
14,Sardine,17737042612175844322,20,5,3,17,0
1,Tilapia,11438981648867321975,20,1,1,4,0
5031,Boot,10396101812377526792,23,4,2,2,0
13,Sardine,17687756953372950166,16,4,1,19,0
80,Starfish,1646485938435176566,17,3,3,3,1
5031,Boot,1508106266803208619,22,5,2,7,2
67,Grouper,16801903777712071405,22,5,4,4,0
10,Sardine,129793775742992424,20,2,2,14,0
38,Snapper,13920110447667906556,20,1,1,17,0
49,Damsel Fish,3837900187855351942,19,4,1,2,0
74,Mola Mola Fish,16066827778250190475,16,3,2,13,1
53,Bluegill,14833323196661501332,18,6,4,17,0
83,Crab,2992431683620102357,13,4,2,13,0
77,Turtle,13286257727132014132,22,4,2,2,0
2,Tilapia,15402511580644624193,19,2,3,9,0
58,Salmon,7911416486534539766,16,4,2,14,1
92,Lobster,14423008771721538158,19,1,2,9,0
16,Trout,16703182745936985100,16,6,3,1,0
77,Turtle,4084389345002319801,19,2,2,17,0
5,Perch,8210285064634867584,20,4,4,6,3
16,Trout,6422465914248331293,19,4,4,12,0
28,Anchovy,4976374487983203153,14,1,1,17,0
49,Damsel Fish,3571741047098454356,24,5,4,14,15
61,Barracuda,17916007812760096899,16,4,3,11,0
11,Sardine,8093112534140532283,22,3,1,18,0
83,Crab,11709535641648106408,22,2,3,8,0
40,Anglerfish,15246618656602166263,19,6,4,11,0
5031,Boot,16238662022896760853,21,2,1,18,0
3,Tilpia,13397331335816513029,19,3,4,20,0
28,Anchovy,16079165918636897166,21,6,3,5,3
58,Salmon,9537337770623942396,19,2,3,4,0
58,Salmon,9882236574552332359,25,2,2,10,1
61,Barracuda,9102077417301220338,21,3,3,19,0
13,Sardine,6230927829568325705,21,5,1,16,0
99,Jellyfish,6728180895905281514,16,4,1,4,0
11,Sardine,6589822627430988583,14,5,3,9,2
32,Cod,6390627693493547837,13,3,3,15,0
70,Angel Fish,13477834009473329896,20,6,3,5,2
22,Pufferfish,7054497926816975319,24,3,1,16,0
75,Mola Mola Fish,18077538704674655544,25,2,2,19,0
24,Pufferfish,11811809116508726570,19,7,3,13,0
20,Trout,14868995730938841581,28,5,2,3,0
77,Turtle,6834801533840956847,20,2,3,15,0
69,Grouper,9975756590163299054,19,4,2,12,0
77,Turtle,3896614644021927670,20,3,4,10,0
5,Perch,5895503096787359970,19,4,3,9,1
48,Electric Eel,16081288152031982891,24,3,3,8,0
83,Crab,3126280494778225265,15,5,2,11,0
45,Clownfish,9117007137749724991,28,5,4,9,0
67,Grouper,3572146736802517802,20,2,3,13,0
45,Clownfish,18399883056324108164,31,7,2,19,11
56,Spearfish,16840602072848296387,30,6,2,17,0
67,Grouper,959739841645283970,13,5,1,5,0
21,Trout,6733889475662569689,18,4,3,10,0
71,Angel Fish,5094972202467533048,20,1,3,12,0
36,Triple Tail,18186379213297678363,24,4,1,19,3
38,Snapper,8606707422365401918,23,5,1,12,0
62,Barracuda,5309561014336024108,16,1,4,17,0
91,Golden Seahorse,17845835167250522661,24,10,1,11,3
16,Trout,14508932999113547439,18,5,1,4,0
93,Blue Lobster,17386865556694961248,23,7,4,20,4
80,Starfish,13713630730712732861,16,2,3,18,0
96,Octopus,13990315871348102342,22,8,3,5,5
29,Herring,41990514271873439,18,5,4,5,0
5,Perch,10314814643775286131,13,1,3,1,0
38,Snapper,3413249507000144767,15,6,2,1,0
74,Mola Mola Fish,7131307130787920015,12,4,4,8,0
34,Triple Tail,4260864015803339403,26,6,2,7,8
34,Triple Tail,12153055503968716548,14,2,2,8,0
99,Jellyfish,12108285328735179187,17,5,3,7,0
13,Sardine,2147529660778749282,14,5,3,14,0
43,Clownfish,4053115826159126459,16,2,2,5,0
55,Spearfish,7175167196109823436,17,6,3,18,1
72,Angelfish,3723045909773143881,27,6,2,12,9
81,Starfish,627563017955318627,20,6,3,16,0
68,Grouper,5713743313610846868,23,3,1,12,0
2,Tilapia,9940176843173046386,22,6,1,13,0
30,Herring,15484813585804583493,22,2,2,19,0
50,Damsel Fish,10233682470605627422,20,4,2,8,0
76,Mola Mola Fish,11239457303094543532,23,4,2,6,1
5031,Boot,6156832520436654528,15,1,4,16,0
87,Shrimp,18241336574633680371,23,7,3,9,6
2,Tilapia,7302323666779047449,21,2,1,10,0
63,Barracuda,5015194193529929307,24,5,2,17,0
31,Cod,8318434346838731542,17,3,3,1,0
14,Sardine,2341977463710625928,16,6,3,17,0
99,Jellyfish,530035760484628446,17,5,1,11,0
90,Seahorse,6006352594370227046,28,4,1,12,0
39,Snapperfish,11145327786537496913,27,5,1,19,0
54,Redgill,6766254679660740357,24,6,1,4,0
8,Bass,6784771320067564423,22,5,4,16,0
39,Snapperfish,6928246203550656895,25,4,4,7,0
40,Anglerfish,7922163496195330609,18,6,2,7,0
44,Clownfish,884688385634098184,18,5,4,15,0
48,Electric Eel,3772063073726794479,28,4,4,7,0
63,Barracuda,15250022142566253589,28,3,3,21,0
81,Starfish,8298735514466744133,23,6,1,10,0
52,Bluegill,13747851141345952801,22,3,4,6,0
22,Pufferfish,8690937725439520436,22,3,3,3,0
18,Trout,8259057643332231642,26,5,1,19,0
47,Eel,7429558160394674986,21,2,3,6,0
19,Trout,6896109325931415387,24,4,3,15,0
25,Catfish,14490292609655622474,19,2,4,4,0
27,Catfish,9736829211293882941,30,4,3,8,0
7,Bass,624019565359288768,14,6,1,19,0
34,Triple Tail,12549422547802810163,16,5,4,8,0
40,Anglerfish,3108448817087751472,19,3,2,18,1
30,Herring,14205853988665140781,21,3,4,17,0
41,Anglerfish,16256983256599469723,31,7,3,15,10
40,Anglerfish,12074707427363388942,20,3,1,12,0
97,Golden Takoyaki,13702651112636049620,30,5,6,17,6
45,Clownfish,11036650620171164605,20,5,1,13,2
8,Bass,17050660012813114171,19,5,1,2,0
32,Cod,7403870254203083234,13,4,2,16,1
99,Jellyfish,15556908084368465687,17,5,2,18,0
5,Perch,9802490028471445545,19,3,2,9,0
59,Salmon,11280519230853716234,20,2,4,10,1
53,Bluegill,6771204849304725665,13,6,1,6,0
59,Salmon,9091269725858885435,13,4,4,2,0
8,Bass,9478565117261945616,21,3,4,15,0
14,Sardine,10341323271285523287,16,4,3,9,0
4,Perch,8052262012226559669,20,3,2,8,0
93,Blue Lobster,17341361849306802560,24,7,4,13,3
62,Barracuda,17317486106577058510,20,2,2,17,0
30,Herring,14027839967657662573,18,5,3,5,0
85,Golden King Crab,13377812061213739909,25,7,6,21,12
59,Salmon,5251218034825908152,19,1,2,20,0
96,Octopus,14034785971609475018,30,3,5,13,0
33,Cod,14052417006659223978,22,6,3,12,0
82,Starfish,11290861014127574794,29,2,3,2,0
20,Trout,13566356330379662751,20,7,1,8,0
30,Herring,1016476884456239839,18,5,3,17,0
97,Golden Takoyaki,14610287039097975510,37,6,6,11,12
78,Turtle,701575255375796658,29,4,1,11,0
70,Angel Fish,14233240311678131996,13,3,1,17,0
59,Salmon,13505225108075239757,18,4,2,5,0
13,Sardine,15288271401647494691,24,6,2,15,0
40,Anglerfish,11800608132164066595,17,3,4,4,0
89,Seahorse,14992285623988097873,22,6,1,14,0
99,Jellyfish,6421635444970372903,21,5,3,7,0
1,Tilapia,8642040926399874843,19,3,4,7,2
13,Sardine,6445603639092486540,26,4,2,19,3
22,Pufferfish,13032519085495460463,19,6,1,5,0
56,Spearfish,8277244202108788725,29,4,2,4,3
92,Lobster,13203732183403429703,22,5,2,14,5
5,Perch,348350201358450371,22,5,1,10,0
77,Turtle,17915812946180712886,12,5,1,1,0
40,Anglerfish,12150381281273289647,15,3,2,9,0
84,Crab,15568262064487000733,27,2,2,21,0
71,Angel Fish,1684256421126988490,24,6,1,15,4
22,Pufferfish,2923660125971861577,21,3,3,2,0
93,Blue Lobster,5331088975047010801,28,2,1,4,0
67,Grouper,7202097530433873817,16,4,2,2,0
5049,Axolotl,13193960990453680580,25,5,2,21,29
16,Trout,4469956776263652317,23,6,3,11,0
5031,Boot,10550109053178681935,24,1,4,5,0
10,Sardine,8726692673566138221,20,4,1,5,0
2,Tilapia,12343315897897913527,23,1,2,13,0
23,Pufferfish,3557673341388179549,19,6,4,11,0
17,Spot Fish,18328251151502126984,19,4,4,3,0
4,Perch,11012272229988584137,17,3,4,14,0
65,Piranha,367849192995265648,17,5,1,18,0
46,Eel,6202469006893990231,22,4,2,2,0
10,Sardine,3204782846194012353,21,3,2,5,0
62,Barracuda,7533922447741033316,16,4,4,9,0
59,Salmon,12004506826881048060,18,4,2,10,0
50,Damsel Fish,17050599996475779950,20,3,1,3,0
48,Electric Eel,15166732191469498468,24,4,1,20
48,Electric Eel,16922348418868311578,28,3,1,7,0
37,Snapper,14601675938363550261,23,4,4,11,1
5013,Sakhalin sturgeon,14779821238557430523,34,8,6,11,23
53,Bluegill,7665022867987786447,14,5,3,10,0
46,Eel,10223517627240007059,12,1,1,20,0
82,Starfish,18432783474650651349,21,4,1,5,0
30,Herring,10853575112023255209,17,1,4,14,0
8,Bass,7925976778718032948,17,1,2,9,0
24,Pufferfish,10601693741196711324,28,5,4,12,6
81,Starfish,11397258755176713141,14,2,4,11,0
30,Herring,14089607073502111673,14,1,3,9,0
77,Turtle,3677698181988684265,21,1,3,5,0
5,Perch,9686954407450346301,17,2,1,2,0
46,Eel,15351894066839498208,17,5,1,1,0
17,Spot Fish,11131303208440325057,24,1,4,15,0
35,Triple Tail,8888523738761995142,26,3,3,2,0
29,Herring,9778858444912228991,21,4,4,6,2
36,Triple Tail,1369514163270531154,23,7,4,10,8
98,Jellyfish,3529270322939940951,23,3,3,21,0
100,Jellyfish,16607425600777691578,32,3,1,17,0
62,Barracuda,5855021658103299712,18,3,4,19,0
62,Barracuda,5163406564730024286,20,5,2,7,0
84,Crab,10960199452895094697,24,7,4,9,2
93,Blue Lobster,16529043002977511061,20,2,1,15,0
2,Tilapia,8758611493046539375,19,3,4,8,0
21,Trout,3736771362988284225,28,6,3,5,2
10,Sardine,8160677006248659482,18,6,2,19,5
17,Spot Fish,18437564991637473205,17,3,3,16,0
47,Eel,17967949091775529380,25,6,4,11,1
69,Grouper,14417899305546565347,20,2,2,9,0
65,Piranha,2993538583383062158,12,2,4,9,0
44,Clownfish,5081706148388713648,18,2,2,5,0
77,Turtle,9011850642506188764,18,2,1,10,0
76,Mola Mola Fish,15047676648211528874,29,8,2,11,4
44,Clownfish,14598006253857111649,25,3,2,9,0
77,Turtle,16760645673723419109,17,4,1,19,0
8,Bass,5566713973600439277,25,6,3,6,0
16,Trout,3596019987292736111,17,4,2,3,0
96,Octopus,13506623883314764766,30,10,6,5,5
51,Damsel Fish,3387536273802747215,18,3,3,16,0
22,Pufferfish,5292211574755201502,19,5,1,16,0
55,Spearfish,5452774689578232741,23,6,4,16,9
31,Cod,1784526929116534322,24,1,2,1,0
13,Sardine,6275777700982675633,23,1,2,3,0
4,Perch,16962293851768795056,21,2,2,16,0
80,Starfish,5695773967733635269,19,6,1,1,0
40,Anglerfish,5602756423473434206,15,3,1,5,0
62,Barracuda,7285704848604132834,13,4,1,3,0
29,Herring,3301872075081951941,22,1,3,14,0
71,Angel Fish,15655120734581433594,17,3,1,3,1
80,Starfish,2401707783467536177,21,2,2,5,1
3,Tilpia,13509080653560078358,23,1,4,13,0
87,Shrimp,134903145442768829,20,3,3,17,0
36,Triple Tail,7248700587333903981,19,6,4,3,0
92,Lobster,4328267724897922036,19,2,3,19,0
81,Starfish,6555772280404750976,23,4,4,19,0
90,Seahorse,9521740690803564837,24,6,1,4,0
16,Trout,10085062088686866741,22,2,1,6,0
52,Bluegill,14344373930863140614,22,4,3,19,0
5,Perch,11473966205800411127,24,6,3,6,0
40,Anglerfish,11049764396083033055,20,1,3,16,0
47,Eel,6252375352389755754,21,2,3,16,0
50,Damsel Fish,17292188997291065456,24,6,3,8,2
5,Perch,1596870197695484921,24,4,4,14,5
11,Sardine,10502894891493898052,23,6,2,9,0
55,Spearfish,4428159209090552073,12,6,2,11,0
93,Blue Lobster,13692929981849178103,27,6,4,5,5
46,Eel,6686760383524872212,16,2,2,13,0
5027,Cutthroat Trout,7215178489746644101,23,4,3,3,0
44,Clownfish,7509859523306762185,22,2,1,4,0
89,Seahorse,16526043444572715028,25,4,3,8,0
4,Perch,5232751230835512895,22,1,3,7,0
78,Turtle,6423748984791757111,24,6,4,14,3
31,Cod,11745042643137695787,20,3,4,10,0
65,Piranha,17194414962634003970,16,5,2,15,0
44,Clownfish,16046895407630468384,16,6,2,18,0
55,Spearfish,13381605783592840370,17,5,1,17,0
44,Clownfish,10423806714530408318,16,1,3,7,0
100,Jellyfish,5849105210652706027,29,5,3,6,8
47,Eel,14837818597777590875,24,2,3,13,0
38,Snapper,1458547955487664549,22,3,3,7,1
99,Jellyfish,11776584446391175707,22,6,1,15,6
29,Herring,16000020169223884021,22,1,4,12,0
16,Trout,6992091409962145589,25,6,3,11,4
64,Piranha,8487190404643564475,17,6,4,13,1
14,Sardine,2655357076965653130,25,5,2,18,3
5031,Boot,8067119212451665387,17,5,3,15,0
30,Herring,4247949614467309505,19,5,1,3,3
10,Sardine,9460439681316664201,16,2,4,15,0
3,Tilpia,17131899157281735330,25,5,4,2,2
7,Bass,17598118275854600840,20,4,4,13,0
40,Anglerfish,4743668360572060915,25,6,4,13,8
47,Eel,2105557149134695432,19,3,3,13,0
55,Spearfish,17484076639306359957,18,2,3,9,0
26,Catfish,6646787242190779738,24,6,4,11,12
50,Damsel Fish,16619710310290760193,16,6,3,12,0
62,Barracuda,9212547727721591044,23,4,3,5,0
23,Pufferfish,316757389467618261,24,3,4,16,0
31,Cod,7804665818934543137,22,5,4,5,0
4,Perch,3092816372377633507,17,2,4,20,0
92,Lobster,641306757946515861,14,2,1,8,0
77,Turtle,14191757536208280795,20,1,2,4,0
58,Salmon,18349795003214102018,14,3,1,15,0
31,Cod,244480295021923854,22,3,4,12,0
38,Snapper,10926353760142473005,19,6,1,10,2
86,Shrimp,8388683764605288415,15,6,3,6,0
62,Barracuda,17558088255617310601,21,1,2,18,0
2,Tilapia,16386567224664564681,14,3,4,20,0
92,Lobster,4438578941519028854,23,6,2,8,0
19,Trout,14292894577083219812,17,3,4,12,0
64,Piranha,12301275460900267049,16,3,4,10,0
11,Sardine,13904347007353385293,16,4,4,13,0
5,Perch,15756401795142848089,21,1,4,4,0
53,Bluegill,6234944999952901502,17,4,2,2,0
64,Piranha,8891957247993859620,25,4,1,5,0
28,Anchovy,18213404094941121313,19,3,1,1,0
86,Shrimp,8033626051543493899,17,1,3,7,0
43,Clownfish,5039429765174370834,21,3,3,7,0
56,Spearfish,8392131160321032698,20,4,4,9,0
78,Turtle,12074810274010672644,23,7,4,7,2
4,Perch,800138074999326757,14,4,3,14,0
49,Damsel Fish,5418634164708382898,25,2,4,20,0
67,Grouper,14551299351797573517,19,5,1,7,0
55,Spearfish,8112353094863352918,20,5,2,13,0
52,Bluegill,10018773890700404928,16,1,3,13,0
89,Seahorse,10075393816225928458,23,3,1,18,0
74,Mola Mola Fish,729297312088826939,17,3,3,8,0
61,Barracuda,17884932590603403070,21,2,1,2,0
47,Eel,3695337188686771174,20,4,3,8,2
74,Mola Mola Fish,11188391907331841677,15,3,4,8,0
95,Octopus,157662366147838053,24,3,3,11,0
37,Snapper,17864097900472809,24,1,2,2,0
46,Eel,12091240030561339996,24,1,1,15,0
72,Angelfish,1554806973552894379,26,5,4,9,0
58,Salmon,3203633605871383916,20,5,1,5,0
19,Trout,11026156801324752269,24,5,3,20,1
25,Catfish,17701121811234411617,20,5,1,4,2
15,Spotfish,4675486487146101822,23,3,1,4,0
19,Trout,1957946402870907625,25,1,4,1,0
38,Snapper,17909639983130019985,16,1,4,11,0
44,Clownfish,16682139174028785944,12,3,3,2,0
2,Tilapia,9147206005858254519,16,6,3,20,1
18,Trout,2344951883045380402,21,7,4,3,0
52,Bluegill,6374726628281987522,18,2,3,12,0
74,Mola Mola Fish,9424292228040783239,26,2,1,20,0
3,Tilpia,283524450806725517,18,1,1,11,0
30,Herring,5889534861026362548,24,6,2,5,0
56,Spearfish,12361579583954014315,23,3,2,9,0
74,Mola Mola Fish,16035209533618871102,21,4,2,9,0
41,Anglerfish,14550307082895529015,20,3,4,11,0
60,Green Salmon,10052920822510022419,31,4,4,16,15
93,Blue Lobster,10634030557492192021,33,2,4,4,0
96,Octopus,1725708509237883626,21,5,2,12,0
70,Angel Fish,8993438731840442532,21,4,1,6,0
81,Starfish,6608233885364234485,16,3,3,1,0
55,Spearfish,6184165789185308295,18,3,2,8,0
37,Snapper,5973566527187003491,22,2,4,6,0
53,Bluegill,16059081702121489505,17,2,2,9,0
13,Sardine,4196328523815362565,19,5,1,15,0
86,Shrimp,11792676204847951324,18,3,2,9,0
17,Spot Fish,18250878358752444896,17,4,1,3,0
63,Barracuda,7773494424255119670,20,3,4,8,3
28,Anchovy,1360689215195090796,18,2,2,9,0
34,Triple Tail,16146784811206484150,23,3,1,10,0
99,Jellyfish,1727976920327697105,23,2,1,14,0
28,Anchovy,13427977464595591186,20,3,2,2,0
22,Pufferfish,4566904421119408290,16,6,2,8,0
14,Sardine,12379078479151832811,14,4,3,15,0
22,Pufferfish,902343029022637305,19,1,3,4,0
89,Seahorse,16632388346127530781,16,2,1,16,0
31,Cod,7601884477388386616,20,6,2,11,0
40,Anglerfish,573571087283407748,18,2,3,2,0
8,Bass,3957009645466235157,20,5,4,12,0
54,Redgill,6553746332323339024,24,4,4,4,0
2,Tilapia,5670536762455528583,22,5,3,14,2
69,Grouper,7677392534336306006,21,5,1,16,0
91,Golden Seahorse,931957466483674080,25,7,5,20,12
5031,Boot,6047778495421481752,13,5,2,3,0
43,Clownfish,9754463705305776432,17,1,2,2,0
5,Perch,2630528115022319941,16,6,4,3,0
42,Anglerfish,3640263179623265371,24,3,1,8,0
25,Catfish,419682872565465937,15,2,1,15,0
74,Mola Mola Fish,10386707114591459763,19,6,4,10,2
3,Tilpia,11748931367279719669,19,3,3,11,0
74,Mola Mola Fish,11068242663994873650,21,3,3,3,0
50,Damsel Fish,12889912660287685492,13,6,1,8,0
9,Bass,11272175428089225466,24,3,1,13,0
82,Starfish,1560068800625929614,23,4,1,20,0
51,Damsel Fish,14058417891771349952,32,3,2,18,0
34,Triple Tail,1510313308578034792,22,5,1,8,0
3,Tilpia,7361299585036834528,16,1,4,4,0
4,Perch,7903367208103001787,17,3,4,12,0
28,Anchovy,2697301586739892852,18,1,4,3,0
19,Trout,10978169852002095596,12,2,3,4,0
87,Shrimp,10045213117516498976,26,7,1,16,3
100,Jellyfish,7177697970787616509,25,4,2,9,1
100,Jellyfish,10474602489244540339,28,7,4,11,15
99,Jellyfish,2775947473046454208,23,2,1,2,0
15,Spotfish,8117208497651927437,30,7,2,6,0
30,Herring,11234840389077926330,18,5,4,2,0
22,Pufferfish,16384420698950229172,15,3,2,13,0
93,Blue Lobster,9071170127507806549,20,3,2,14,0
67,Grouper,18393651166422885512,19,4,4,9,0
69,Grouper,10612829333107365564,15,5,3,11,0
7,Bass,13418292030822141559,23,2,1,5,0
87,Shrimp,665138601693164116,27,6,2,2,0
52,Bluegill,5451005297840087754,22,3,3,8,3
10,Sardine,14593084410446940698,16,5,2,4,0
29,Herring,10851177798940624343,21,6,3,19,10
59,Salmon,14198792708387021819,15,4,4,10,0
31,Cod,3998535903650272,18,6,3,17,7
28,Anchovy,3198399712592704336,14,6,4,3,0
22,Pufferfish,6645676341431045125,19,4,2,1,0
71,Angel Fish,5535362579881719488,21,1,2,19,0
8,Bass,16891281487417797012,20,3,1,14,0
37,Snapper,5954711829019049658,25,6,2,4,0
32,Cod,5685273232871571007,14,4,4,17,0
56,Spearfish,5305078218348161751,24,5,3,7,0
62,Barracuda,18084823541198039594,14,5,2,9,0
7,Bass,3803405859929214667,18,5,1,11,0
5059,Great white shark,443400584519114692,22,7,1,17,8
65,Piranha,14683091745509848990,24,4,3,13,0
45,Clownfish,5046475877287713774,17,4,1,11,0
5049,Axolotl,6010958194428435833,30,9,5,20,6
96,Octopus,8602129915438829972,16,3,5,14,0
55,Spearfish,5707732321829573935,19,1,1,10,0
80,Starfish,7121183234499284745,16,6,3,16,5
47,Eel,3867971478458158130,19,2,4,1,0
38,Snapper,2964321771873537818,22,6,2,15,7
2,Tilapia,8244295844615355216,14,5,2,15,0
30,Herring,14914840050833787057,19,5,1,6,0
15,Spotfish,9419290964069550153,26,2,4,14,0
97,Golden Takoyaki,5631687239418414785,33,8,6,15,13
55,Spearfish,1563413916644564751,21,4,1,1,0
28,Anchovy,775750941125793535,23,3,1,7,0
8,Bass,3432321458313426319,23,2,2,10,0
5,Perch,16899193477764052546,17,4,1,1,0
67,Grouper,14681329225028713511,20,3,4,18,0
70,Angel Fish,9895227279507209443,20,4,3,15,0
43,Clownfish,8629119258611647747,21,5,4,3,0
55,Spearfish,3001696774264753485,19,6,2,4,0
70,Angel Fish,6115514887376580247,21,5,4,2,0
91,Golden Seahorse,1809735880934777650,29,5,2,8,0
43,Clownfish,18131854226502319811,15,5,1,3,1
53,Bluegill,16674831525880354631,20,5,3,2,0
40,Anglerfish,2309359515002528824,20,4,3,15,0
25,Catfish,7367432476203572661,19,3,1,15,0
101,Red Handfish,11031366607418569455,35,7,6,12,42
5028,404 Fish,13155195437556225351,36,6,4,5,0
14,Sardine,1074293442303320405,17,2,4,17,0
92,Lobster,13816124663521774356,18,2,1,14,0
47,Eel,12045420299288952925,19,1,1,16,0
74,Mola Mola Fish,305621537987789145,20,4,4,5,0
1,Tilapia,17918475795497554178,22,5,4,12,0
89,Seahorse,9762386928626659590,17,1,2,8,0
3,Tilpia,3691423182576214413,23,6,3,17,0
94,Lobster,13634997454521472150,21,4,4,2,0
10,Sardine,10941895189372768238,16,4,3,15,0
70,Angel Fish,9562932654757814537,17,3,1,16,0
30,Herring,6870953961580431470,20,6,3,1,0
63,Barracuda,1056505218052526561,14,7,2,11,0
29,Herring,18105220657230358811,21,5,2,9,0
59,Salmon,9805153204527748769,19,5,3,7,0
5031,Boot,8743262500105988596,25,2,3,9,0
5026,GamerPieJess fish,17504697722869438561,28,2,1,9,0
5031,Boot,3430264984028813232,21,3,1,5,0
47,Eel,8789455236693792720,17,4,3,11,0
12,Sardine,3217876726205641324,21,2,1,9,0
34,Triple Tail,17668028202037204827,21,5,2,12,0
22,Pufferfish,12515823606133031246,15,1,4,6,0
12,Sardine,7413240101198522596,28,4,4,4,0
32,Cod,8476705999988336336,16,6,1,16,0
81,Starfish,10631147293436645810,20,2,2,15,0
59,Salmon,9836902822842005993,18,3,4,11,0
76,Mola Mola Fish,15372409810726354689,26,5,6,11,0
32,Cod,6714523207731695179,18,6,3,11,0
60,Green Salmon,18318560262948363810,36,5,1,2,0
8,Bass,8894231565324592982,21,2,1,4,0
80,Starfish,3434037741171364523,23,1,4,2,0
1,Tilapia,13719010178471173945,14,3,2,12,0
64,Piranha,11198256172860083194,19,2,3,3,0
53,Bluegill,5624853146361398528,19,4,3,4,0
25,Catfish,14771814100982041752,19,1,3,13,0
25,Catfish,3855377572586780812,18,3,4,19,1
9,Bass,10984766894482945161,28,2,2,2,0
5,Perch,8556608572427550275,24,1,4,3,0
25,Catfish,9684120255012417384,14,5,1,18,2
8,Bass,5057191400665992959,16,6,3,15,1
74,Mola Mola Fish,14232224200943965402,21,1,3,6,0
10,Sardine,4724303322734706287,15,6,2,5,1
71,Angel Fish,9198651577001771137,17,4,3,17,0
71,Angel Fish,11075604247158369635,14,3,4,11,0
93,Blue Lobster,6755327017154822015,33,2,1,5,0
5067,Pop-eyed goldfish,10834412448234291117,20,6,2,10,0
29,Herring,16975508271841003803,20,6,1,13,0
92,Lobster,11386043525060301711,21,4,1,2,0
64,Piranha,13554482103621811496,19,2,4,1,0
71,Angel Fish,5138864921362763245,19,3,2,15,0
30,Herring,2551511570470740162,19,1,1,19,0
5,Perch,13286494351320903745,20,2,4,3,0
41,Anglerfish,4589424116605883344,31,6,2,2,1
32,Cod,8744962562929333059,19,5,4,8,0
27,Catfish,2782690816729953679,20,5,1,17,1
5,Perch,2925027839389094183,15,6,1,8,0
15,Spotfish,14424884737698568857,24,6,1,16,0
100,Jellyfish,7624929730409323134,25,3,4,2,0
40,Anglerfish,11594818815485716674,17,4,2,7,0
29,Herring,16909287087801005458,24,5,4,17,7
