69,Grouper,6292414704598208280,19,1,2,18
39,Snapperfish,13403851096015183719,19,6,1,5
5031,Boot,14470527447404285266,23,6,2,14
7,Bass,4320173197444394099,15,1,3,9
37,Snapper,10142956325797481648,18,1,4,17
7,Bass,15970863716656736184,20,6,4,16
89,Seahorse,11750789567366090379,19,2,4,5
28,Anchovy,6693059834713222637,25,1,1,17
9,Bass,12904007486311725025,26,6,2,11
11,Sardine,16981660042024509650,15,5,3,1
16,Trout,15150663855815038551,16,1,4,14
55,Spearfish,13819594287261631474,20,2,3,16
38,Snapper,9003117785851351156,23,4,1,11
86,Shrimp,17833389314635444974,18,3,3,18,0
95,Octopus,11886712816175792997,34,3,3,11,2
37,Snapper,15414447607527431113,21,3,1,16,0
46,Eel,6788667642235341665,13,2,2,12,0
23,Pufferfish,11776310826467164272,23,1,1,13,0
5,Perch,17288931759991533803,20,6,2,10,0
95,Octopus,9156341504782222046,25,4,2,11,0
49,Damsel Fish,10362290701281811587,24,4,2,5,7
23,Pufferfish,2290817051759487794,19,1,1,20,0
28,Anchovy,17308865804240429754,18,2,1,5,0
87,Shrimp,17220228718864606038,27,2,4,17,0
19,Trout,4882695756111160272,19,2,2,6,0
