45,Clownfish,13542963891281992225,28,2,2,5,-1
84,Crab,13065755321835300074,26,5,2,9,-1
17,Spot Fish,13530787299713724253,16,1,3,5,-1
53,Bluegill,1708474037977192423,15,3,4,15,-1
14,Sardine,6520107507298993876,25,4,1,17,-1
4,Perch,5105853803521086032,21,5,4,12,-1
11,Sardine,12056287255134576055,20,4,3,15,-1
47,Eel,8919125126030202467,21,4,2,14,-1
77,Turtle,12908537394442591342,15,5,1,15,-1
57,Spearfish,18116418354565525422,27,2,3,12,-1
59,Salmon,3795784881697414881,15,5,4,10,-1
28,Anchovy,2422117531282254970,20,5,1,6,-1
32,Cod,3421048747406890570,18,1,1,17,-1
36,Triple Tail,14849821207603590228,33,7,2,16,-1
