36,Triple Tail,11277924004172321389,23,4,1,20,-1
89,Seahorse,613294644866942281,12,3,4,17,-1
11,Sardine,16443521696548829457,25,2,4,13,-1
29,Herring,7821983283380408077,25,2,2,2,-1
14,Sardine,4332193136614745601,13,5,1,14,-1
17,Spot Fish,12629823904041861797,16,2,4,8,-1
89,Seahorse,12102831905678079798,16,3,3,11,-1
72,Angelfish,13438384796937211110,26,5,2,20,-1
77,Turtle,1387216983677887864,19,2,4,8,-1
17,Spot Fish,16920804570894454317,18,6,2,20,-1
62,Barracuda,7680832665514524861,19,3,4,8,-1
62,Barracuda,9440676947495245008,20,2,4,14,-1
