5029,{NULL}fish,789546124296782809,100,0,0,0
37,Snapper,624062965838760689,12,2,1,10
16,Trout,16234882414965214977,22,3,1,9
31,Cod,15029991229751509202,17,3,3,3
7,Bass,889098292986215242,19,2,4,1
14,Sardine,11230996659443861273,18,2,2,17
59,Salmon,5828264631346754970,15,3,2,14
40,Anglerfish,15509799346478808095,17,1,2,18
82,Starfish,10107957983301724581,24,3,2,6
7,Bass,4210266858628181614,18,2,4,19
94,Lobster,15874196387386212745,29,2,2,20
24,Pufferfish,3625256002509200375,19,6,4,9
93,Blue Lobster,7137658636988860433,23,6,2,10
69,Grouper,1616553093958299847,23,3,4,2
1,Tilapia,1983600163869563252,19,2,2,9
25,Catfish,15946788035471141970,17,4,1,12
29,Herring,6820063745951796839,13,4,4,15
13,Sardine,10438135937432075561,20,4,3,10
35,Triple Tail,10143842989179560675,30,5,4,20
5010,Blahaj,3620102527304142752,39,10,6,19
4,Perch,14790585570283556235,17,5,3,18
68,Grouper,1324381736676923037,20,7,1,8
47,Eel,11083698813110445903,20,3,1,17
24,Pufferfish,6003218216864290554,24,2,1,8
50,Damsel Fish,11352567903375154498,17,1,2,14
20,Trout,6773908214850299010,33,3,3,21
46,Eel,8602928425825191770,20,3,2,10
47,Eel,3805874570121268531,16,3,3,8
3,Tilpia,517857043302658833,19,5,4,17
7,Bass,16456041020563087315,22,6,2,16
44,Clownfish,2617723723634586179,21,4,4,10
59,Salmon,6132001462852757411,17,3,4,17
65,Piranha,14542895203076735505,22,1,1,2
9,Bass,12480577369331382847,29,7,3,5
1,Tilapia,3193712559568993665,22,2,4,5
7,Bass,16355528853828924884,14,5,1,6
47,Eel,12744857642457568328,25,5,2,6
89,Seahorse,5240589645286196347,13,2,1,1
19,Trout,16067580428404822424,13,3,3,2
65,Piranha,13681705038709152078,26,6,2,11
71,Angel Fish,11983232754839903659,23,4,2,3
50,Damsel Fish,4133559242006140327,16,5,4,8
3,Tilpia,6351358719414033743,23,3,4,9
43,Clownfish,6952900880613427336,15,6,3,9
3,Tilpia,1604631075993600248,21,2,2,10
45,Clownfish,9654513647266552599,22,5,1,3
74,Mola Mola Fish,12572771680806539195,16,3,3,16
3,Tilpia,17159401889787331753,20,1,1,3,0
82,Starfish,14613581407359046768,17,2,2,12,0
