14,Sardine,5496889681320346392,19,4,1,3
37,Snapper,7294125850203764983,17,4,3,5
47,Eel,2057284489449883459,15,1,1,6
13,Sardine,10354258056803304154,20,5,1,4
3,Tilpia,13953601476235292172,17,6,3,12
81,Starfish,8222109514780046712,18,2,1,11
31,Cod,9572638507109977767,18,3,2,14
46,Eel,13692502356198778046,21,2,2,4
46,Eel,12350898492386483842,20,1,3,10
40,Anglerfish,9723541695898836451,19,2,3,4
93,Blue Lobster,10410471029975654512,25,7,4,19
47,Eel,15096363124627235941,16,1,3,6
89,Seahorse,8879344935804338587,22,3,3,10
62,Barracuda,2846128338002145462,20,4,2,3
