84,Crab,17890503493396046141,30,6,2,17
23,Pufferfish,4972352831772249450,21,1,1,7
40,Anglerfish,17783207479040495601,19,2,1,1
4,Perch,4381110238573190599,19,5,1,14
13,Sardine,5035440090093316137,19,5,2,11
11,Sardine,18299745198344005809,21,4,1,1
29,Herring,2330858790550183943,18,4,2,2
28,Anchovy,16172826138597706542,21,4,4,4
32,Cod,17702157934333747814,15,6,2,10
22,Pufferfish,3548862744408143899,15,3,3,14
10,Sardine,9495338754483367994,20,1,2,5
51,Damsel Fish,13106908698281027203,19,7,3,16
98,Jellyfish,4810590835074802073,32,7,1,11
90,Seahorse,8931750117080248553,29,7,1,7
47,Eel,15906407567705768986,20,1,2,2
81,Starfish,13334046876801908730,17,2,4,14
19,Trout,17156670803989487921,20,1,3,19
32,Cod,6751426506966621560,19,5,4,6
55,Spearfish,16707406776496964006,15,1,4,5
6,Perch,9842519123178983737,21,7,3,18
13,Sardine,1306229994016695539,15,1,2,16
89,Seahorse,10449917040978230392,17,4,2,8
75,Mola Mola Fish,1382571224379408070,30,7,3,4
11,Sardine,5768214111389604508,25,4,2,8
28,Anchovy,15361735955407795931,17,2,1,1
39,Snapperfish,16943937838095094849,23,7,1,20
16,Trout,15475867501806248411,17,3,1,10
46,Eel,18298807855088204085,19,1,1,1
1,Tilapia,4887640398626610492,21,1,1,2
14,Sardine,2858955945146783214,22,5,4,4
62,Barracuda,9759559405016572804,20,3,2,18
20,Trout,14629822047628505972,27,4,3,19
19,Trout,8532962655038083869,19,4,2,18
74,Mola Mola Fish,2682060950318038467,16,5,3,2
13,Sardine,7729278399045843501,23,5,1,15
89,Seahorse,2471332629782408177,17,2,1,1
71,Angel Fish,10005156471813580667,23,6,2,9
32,Cod,8162441014781594013,20,5,3,6
62,Barracuda,1079341327993365555,23,3,3,2
17,Spot Fish,10943524844236064384,16,1,2,19
31,Cod,16742198634817099790,18,4,3,18
3,Tilpia,12099103263577598440,14,6,2,18
33,Cod,3834389719363537255,20,7,4,14
4,Perch,10347306303933918695,24,5,3,15
98,Jellyfish,13318656437571883135,28,2,3,3
62,Barracuda,1059218085982345870,16,6,4,2
25,Catfish,17279573163024842680,25,3,3,5
47,Eel,4839535532404019367,21,4,1,18
53,Bluegill,13192946606320928095,12,5,3,14
16,Trout,10944492089693824018,19,1,4,11
29,Herring,706497174298425924,18,6,3,14
24,Pufferfish,3717226798277763229,24,5,2,11
1,Tilapia,6807860343886084501,22,5,2,8
3,Tilpia,16622438956476600660,19,4,2,2
13,Sardine,14275932491862988015,17,6,4,12
81,Starfish,9626641556626431302,22,6,3,10
32,Cod,15643762668422864508,26,3,4,7
1,Tilapia,3812747432826212549,14,5,4,5
89,Seahorse,7765530131175635670,23,3,1,2
18,Trout,7513017839048106787,28,2,4,2
46,Eel,161967468516668259,18,3,2,13
3,Tilpia,15834666419584557971,17,3,4,13
7,Bass,1015301979742871392,14,3,1,10
56,Spearfish,3235019326098617668,26,2,2,4
59,Salmon,373467575097093389,21,4,2,20
46,Eel,7345308860998172653,23,3,2,2
89,Seahorse,17964683740195266775,20,5,3,17
4,Perch,7868490669252145510,19,5,3,8
71,Angel Fish,14496729322057195265,26,6,1,7
4,Perch,2328605276262034522,20,1,3,17
95,Octopus,9935926617118731273,19,2,1,6
31,Cod,1498676071965659383,16,4,2,3
33,Cod,11329584812194877693,22,5,4,21
22,Pufferfish,3834735569924698465,21,6,2,6
39,Snapperfish,15195297174883571725,30,6,3,3
57,Spearfish,9917846599755736540,22,5,3,16
94,Lobster,16333038098393779259,28,2,3,18
37,Snapper,9784109073758004903,12,6,2,2
20,Trout,14898440524296478732,25,5,4,3
23,Pufferfish,14573668306025533877,13,2,3,1
50,Damsel Fish,14912835380241788817,16,6,4,4
19,Trout,3742431699842371150,20,6,1,16
65,Piranha,18121347631280346049,19,1,2,9
11,Sardine,17069790198151433566,18,4,4,12
31,Cod,2049645538473324733,16,1,4,5
77,Turtle,17522467829815564013,21,2,1,9
75,Mola Mola Fish,10821355614827069804,25,7,1,13
63,Barracuda,7581853843341018255,26,5,3,7
56,Spearfish,15007589492411722286,22,6,3,16
43,Clownfish,1393595801767913577,20,6,3,9
20,Trout,5485465820913416007,17,2,2,12
37,Snapper,9323420777192512161,13,1,4,17
60,Green Salmon,8603411124671992498,22,2,4,5
100,Jellyfish,4090433697498384942,28,2,2,19
62,Barracuda,5780904063802088198,18,2,3,1
26,Catfish,9963252565189753846,25,6,4,2
44,Clownfish,3844850474043169134,22,2,1,19
22,Pufferfish,1367352474320425234,15,4,4,18
5031,Boot,5553737021394353695,18,3,2,14
39,Snapperfish,10375049310326628060,32,2,4,2
74,Mola Mola Fish,5503143849303175934,20,5,1,20
77,Turtle,2942366395983306362,16,1,4,2
16,Trout,9732313746502140025,20,1,1,11
50,Damsel Fish,8294356817717536702,20,2,3,19
32,Cod,3739065580515912412,18,4,1,6
28,Anchovy,16341498808191126123,17,2,4,18
89,Seahorse,15759356161133693188,14,3,2,9
50,Damsel Fish,16734399415748457989,21,6,2,17
32,Cod,8180499967196142156,23,1,3,13
51,Damsel Fish,9805835350687057369,23,6,1,19
3,Tilpia,644470479879996498,17,3,3,15
39,Snapperfish,4909603688679309521,29,7,3,20
56,Spearfish,3188159437894479731,23,7,4,15
3,Tilpia,15399054055476651432,19,4,3,2
89,Seahorse,4635215649132413744,18,4,1,9
28,Anchovy,12998849073925670035,18,5,4,12
62,Barracuda,4013785024582489698,20,2,2,15
60,Green Salmon,11326124478790130574,30,3,1,13
5029,{NULL}fish,454681198930314967,100,0,0,0
12,Sardine,841612787933388751,25,4,2,5
30,Herring,14324318834225406352,18,1,4,20
5028,404 Fish,5910397025956987848,24,7,3,20
7,Bass,217904347057146465,19,3,1,20
7,Bass,1807206613928378355,15,2,4,12
10,Sardine,13410004606670854113,21,4,3,10
68,Grouper,12276151717721851560,23,6,2,19
59,Salmon,16148317394481708817,23,5,4,17
33,Cod,7785211557384326783,30,3,2,6
38,Snapper,11609890447578688075,20,2,4,18
69,Grouper,1402918013221418980,20,2,4,7
93,Blue Lobster,4281673641875471760,25,2,4,4
25,Catfish,7214675458889791187,14,2,4,20
3,Tilpia,1074973647099284972,17,3,4,11
22,Pufferfish,17474155482000246183,22,5,3,6
5049,Axolotl,17232211894529233313,28,3,1,9
62,Barracuda,9653247754898782051,23,5,3,6
68,Grouper,17086909433454544625,28,4,2,4
31,Cod,14567790574791234165,15,5,4,9
57,Spearfish,11112484677360183142,25,4,3,21
97,Golden Takoyaki,11794901833616195589,29,10,6,9
4,Perch,16710241998106010538,19,1,1,1
69,Grouper,6348668926462408176,19,4,2,8
14,Sardine,17733741921356303737,15,5,1,9
34,Triple Tail,15227408392926715322,12,4,1,11
55,Spearfish,16534257680066797811,19,1,1,14
59,Salmon,427010039617139946,14,3,3,2
11,Sardine,5697047113860271259,14,3,2,1
8,Bass,11626160131681819180,13,3,1,11
16,Trout,6893179324871539326,20,5,2,15
34,Triple Tail,15563604365236104328,22,6,3,11
13,Sardine,5973145789305257220,19,6,2,4
44,Clownfish,8557094341336951915,17,1,3,12
25,Catfish,10382632281504529412,18,2,4,20
26,Catfish,7992963783480439189,25,2,1,4
17,Spot Fish,9855680750328797319,19,4,3,16
79,Turtle,1273537493721653412,33,8,2,13
45,Clownfish,5190650068554028320,30,6,4,20
25,Catfish,14712908405948447007,21,4,2,7
68,Grouper,11900370707295812690,21,6,3,15
13,Sardine,18403327810431058748,16,2,4,6
32,Cod,3217515039645347192,21,3,2,11
71,Angel Fish,13756096080460848400,24,4,2,6
56,Spearfish,10071017588985855488,24,5,4,7
62,Barracuda,5850081912670994225,23,1,4,19
16,Trout,8423377019938631676,19,5,2,17
74,Mola Mola Fish,17863618393216251951,22,2,1,10
62,Barracuda,3095837788026484502,19,2,4,15
72,Angelfish,7705928783764897954,24,2,3,20
90,Seahorse,505177302089515200,27,7,1,15
1,Tilapia,9962115612631162719,15,2,4,17
25,Catfish,18315319447475554794,15,2,1,13
81,Starfish,11267282185268956062,19,4,3,16
33,Cod,17068303032016537027,30,2,2,14
25,Catfish,494972862824113614,19,4,3,6
