65,Piranha,17759582769101978683,16,1,4,3
17,Spot Fish,5831235837157487824,17,5,4,17
32,Cod,5697122078275757103,22,5,1,4
22,Pufferfish,230724667194186944,19,2,3,2
55,Spearfish,13783323774320533883,17,4,4,15
7,Bass,10802913774589850612,18,2,4,15
19,Trout,4270256324988855659,15,5,3,10
28,Anchovy,5859251234648387819,15,6,4,2
22,Pufferfish,6713916942027680285,21,2,3,13
59,Salmon,7917222460849170675,25,6,1,15
14,Sardine,14099409265289051452,22,2,4,17
13,Sardine,13671724142662295284,22,4,1,20
5031,Boot,4626686229508767343,18,6,3,18
4,Perch,3281949654751863651,19,3,1,14
17,Spot Fish,6743192202971340767,19,4,4,2
74,Mola Mola Fish,12354294201183856180,13,6,3,8
59,Salmon,11962938741300888703,18,2,4,1
16,Trout,12556733612049405750,16,5,2,7
19,Trout,7161310508643858308,21,3,1,2
38,Snapper,11456956593457833682,19,5,3,13,4
69,Grouper,2398856836275645736,19,6,3,3,0
39,Snapperfish,2614248733060844443,20,4,4,21,0
3,Tilpia,8894477911888053972,15,6,1,17,0
5049,Axolotl,4774963813234654566,22,9,3,11,12
68,Grouper,17199146328741040740,28,5,3,19,0
17,Spot Fish,8205770940223388518,17,2,4,18,0
1,Tilapia,15981185112432973402,18,6,4,17,0
50,Damsel Fish,13688837478408198745,21,4,2,13,0
3,Tilpia,8084818555748220433,24,5,1,8,0
74,Mola Mola Fish,3590661824695010424,15,2,2,8,0
15,Spotfish,6398393773069419676,20,6,2,10,2
5059,Great white shark,9965325168580471179,20,2,1,13,0
1,Tilapia,9595649037509425748,13,5,4,13,0
17,Spot Fish,1506041385082609018,15,6,3,1,0
18,Trout,4856673789312736126,26,2,1,13,0
