11,Sardine,1064408163621635090,20,1,2,18,-1
32,Cod,17416105940670817841,21,1,1,4,-1
17,Spot Fish,10287071173171699068,19,2,1,5,-1
4,Perch,2912342829807338973,24,1,3,15,-1
7,Bass,7452563153883369555,18,1,4,19,-1
28,Anchovy,8412875299024666594,26,6,2,8,-1
23,Pufferfish,12225748827938994534,15,2,2,7,-1
38,Snapper,10334389175779137010,16,5,4,5,-1
47,Eel,9335872454432032116,21,6,1,19,-1
55,Spearfish,7690708927976575691,26,6,2,9,-1
5012,Red Handfish,10931556739715441004,27,5,6,13,-1
4,Perch,15114670429296032662,21,1,1,7,-1
79,Turtle,5619798634514313735,24,5,3,10,-1
75,Mola Mola Fish,4446119522006486426,25,5,3,11,-1
51,Damsel Fish,3197961666528104180,18,3,4,9,-1
5029,{NULL}fish,13888837312445930881,100,0,0,0,-1
54,Redgill,18376326602113644304,23,5,1,10,-1
5059,Great white shark,1649441180436383921,22,5,3,20,-1
87,Shrimp,17607260463509480604,27,7,4,2,-1
87,Shrimp,10936011369807172528,30,5,2,13,-1
84,Crab,6285669426206254545,20,3,4,15,-1
8,Bass,846584262850856793,14,1,3,16,-1
74,Mola Mola Fish,11782155938303366589,22,5,4,1,-1
69,Grouper,12877200504653996516,13,4,3,4,-1
54,Redgill,16166040848763684416,22,5,3,8,-1
46,Eel,14876150583321349726,19,1,2,4,-1
89,Seahorse,15647291816840451839,20,5,2,16,-1
32,Cod,18428630520153851864,18,5,4,10,-1
82,Starfish,12914743626784656618,31,3,1,8,-1
82,Starfish,4100988061814388121,23,6,1,11,-1
3,Tilpia,8907500902296676786,20,1,4,11,-1
5027,Cutthroat Trout,16994383367498853511,26,4,4,7,-1
63,Barracuda,18158264527052426471,24,5,1,7,-1
