7,Bass,10146627799729013337,12,3,4,14,-1
44,Clownfish,7122185670264666637,18,1,2,5,-1
98,Jellyfish,11461021899007566845,28,6,1,17,-1
46,Eel,3434896860649928542,18,6,4,8,-1
11,Sardine,18217130565529357978,21,5,4,10,-1
84,Crab,6116374137257963415,23,4,3,11,-1
89,Seahorse,2855269770348343480,18,3,3,20,-1
13,Sardine,17884721269567492670,15,5,4,1,-1
53,Bluegill,5124974160415095166,15,2,1,6,-1
29,Herring,15660055805464564511,22,2,2,18,-1
32,Cod,4518692506840257579,18,2,1,12,-1
13,Sardine,2902374039921431784,14,2,2,11,-1
65,Piranha,3379235840939838838,18,2,4,8,-1
7,Bass,2590126932443560827,15,4,4,16,-1
53,Bluegill,4635914181994446770,19,5,4,5,-1
62,Barracuda,9529942547294764838,21,6,2,17,-1
45,Clownfish,2231514834106041475,25,7,3,14,-1
37,Snapper,4075175262525180581,20,4,1,6,-1
34,Triple Tail,11588872561799522854,16,2,3,18,-1
13,Sardine,8727084146397171415,17,2,4,11,-1
71,Angel Fish,2919570537490860022,20,6,2,19,-1
38,Snapper,6748651947855995433,16,6,4,16,-1
32,Cod,13057617253298429420,20,6,2,14,-1
16,Trout,10393054328514953193,16,1,3,17,-1
8,Bass,15234773407755215497,20,1,2,10,-1
81,Starfish,8870799140067706733,16,2,3,3,-1
32,Cod,10226365725824269501,17,4,3,17,-1
23,Pufferfish,14435255627354403025,16,5,3,1,-1
34,Triple Tail,2571126874257638283,15,3,2,15,-1
5029,{NULL}fish,17237819152411313272,100,0,0,0,-1
37,Snapper,4038337564959933021,23,2,4,20,-1
7,Bass,12218044243815824197,13,6,2,6,-1
53,Bluegill,15291814342833099391,23,4,1,10,-1
44,Clownfish,4820477211113708988,20,6,2,3,-1
5031,Boot,17872315379962152402,25,3,3,3,-1
51,Damsel Fish,15622815901790784578,31,5,4,21,-1
40,Anglerfish,12001086018971725579,15,6,4,16,-1
78,Turtle,14046545437823991770,30,5,1,5,-1
19,Trout,12012399040139740964,23,3,2,15,-1
5031,Boot,8045171342313500259,19,4,3,20,-1
8,Bass,13918208498303785783,24,3,2,8,-1
3,Tilpia,10156354947564473883,17,1,2,6,-1
5010,Blahaj,9925650856242365183,28,4,6,11,-1
55,Spearfish,8224066723979485370,26,4,1,15,-1
29,Herring,17097163448717103680,22,3,3,18,-1
5027,Cutthroat Trout,8965143742194543113,24,2,3,5,-1
62,Barracuda,12679809355862558395,19,1,2,15,-1
17,Spot Fish,17073433616954167151,17,2,3,19,-1
46,Eel,17596109652416816806,21,3,4,8,-1
74,Mola Mola Fish,17871527952319168194,17,4,2,12,-1
87,Shrimp,11275202337745787637,23,5,1,7,-1
82,Starfish,184234959616361204,23,3,3,10,-1
23,Pufferfish,8982220732826988990,21,5,1,18,-1
5049,Axolotl,6598544889525300969,19,7,4,3,-1
55,Spearfish,10331534002349141858,14,4,2,19,-1
5,Perch,752280529901728723,20,5,2,11,-1
45,Clownfish,7743995617102855978,23,7,3,15,-1
29,Herring,16062156644069914704,19,2,3,10,-1
11,Sardine,12691908629676399141,15,3,1,15,-1
74,Mola Mola Fish,4042922065018005362,21,6,4,2,-1
5028,404 Fish,15633822406836988446,32,2,2,7,-1
1,Tilapia,12041467937808862323,16,4,3,6,-1
32,Cod,7743798049721855025,16,1,3,9,-1
13,Sardine,3019945322779737414,16,5,2,2,-1
65,Piranha,4648089389643688483,16,1,4,11,-1
32,Cod,13853734820674632902,17,4,4,17,-1
28,Anchovy,16969583575635375817,14,5,1,8,-1
7,Bass,1190361375292532869,22,3,4,15,-1
23,Pufferfish,15958957911754709973,16,5,1,17,-1
22,Pufferfish,216869571344588594,20,3,3,17,-1
23,Pufferfish,13352698327577499268,16,5,2,10,-1
33,Cod,14392102916342948038,22,2,3,12,-1
43,Clownfish,10741433649450623933,23,4,4,2,-1
81,Starfish,17719336142225457794,21,2,1,15,-1
10,Sardine,2948331019568335970,20,3,2,7,-1
5,Perch,11327235161896044912,23,4,4,15,-1
