84,Crab,9359509884447482515,22,5,2,15,-1
43,Clownfish,3505425520658603276,23,4,3,5,-1
53,Bluegill,10077394105972521801,21,2,1,12,-1
28,Anchovy,3784236628427851226,20,6,3,20,-1
32,Cod,5232925281645635464,12,1,4,16,-1
14,Sardine,10326833348655437374,16,4,1,13,-1
1,Tilapia,5847887037996723066,14,1,2,16,-1
21,Trout,14370978106622797859,26,6,3,15,-1
39,Snapperfish,12967639825347372245,27,7,3,9,-1
71,Angel Fish,11512469719691500418,16,6,1,3,-1
37,Snapper,3023016789735401234,20,5,1,12,-1
53,Bluegill,3671676784328761296,20,3,3,3,-1
17,Spot Fish,241283315152022387,16,5,1,9,-1
14,Sardine,12481674488322126591,14,4,3,2,-1
14,Sardine,2178909809489507356,19,3,2,9,-1
46,Eel,16144619843972293047,15,6,1,20,-1
47,Eel,14671059717733098833,16,6,4,1,-1
12,Sardine,1530854952301031347,25,7,4,5,-1
22,Pufferfish,1428549438704940044,18,4,3,18,-1
24,Pufferfish,11810824430690723387,22,5,4,17,-1
59,Salmon,11670018449579970314,23,4,1,6,-1
23,Pufferfish,2168003610652537099,21,5,3,12,-1
53,Bluegill,10412866820183167441,18,6,3,15,-1
29,Herring,7425478526444882819,24,3,2,2,-1
30,Herring,1162188919325644745,22,1,2,3,-1
31,Cod,17452623171905046405,17,3,2,11,-1
3,Tilpia,7428998429424074475,15,5,4,19,-1
89,Seahorse,9572003876472432285,21,5,4,4,-1
63,Barracuda,8374781697471470176,18,4,1,4,-1
65,Piranha,13348008473096973494,24,1,3,16,-1
10,Sardine,16492594352700728550,19,2,1,13,-1
68,Grouper,13353079765689329008,32,3,3,15,-1
