40,Anglerfish,12745214324589027001,22,5,2,9
19,Trout,5701276022365389656,23,1,4,12
89,Seahorse,3233070091280708447,15,5,4,15
31,Cod,8017201923835707238,19,4,4,5
71,Angel Fish,601715116815739936,19,3,3,6
55,Spearfish,8741432869283795087,23,1,4,17
11,Sardine,3108620325152666309,24,6,4,18
14,Sardine,4554949195444873859,16,2,3,5
16,Trout,11015024645694745880,18,2,3,9
38,Snapper,6431803734974845355,19,3,4,8
87,Shrimp,16467726165113670868,28,6,4,2
48,Electric Eel,2752658233133966485,22,5,4,17
82,Starfish,5335105253518998763,26,4,4,14
30,Herring,16439167373150219284,24,3,2,15
40,Anglerfish,15049771096386418295,25,6,2,17
68,Grouper,13776249396665051612,16,7,4,17
3,Tilpia,17602892533156575056,20,4,4,1
17,Spot Fish,14136319736271755164,25,6,2,20
72,Angelfish,9798912687695411258,32,7,2,21
48,Electric Eel,16894506875323966645,26,4,3,15
43,Clownfish,3241708345489450092,16,4,2,2
77,Turtle,12160988944763367927,22,4,3,5
17,Spot Fish,10576961939154998004,20,3,4,19
11,Sardine,18423613356507422403,20,2,3,16
4,Perch,13417645163034955559,22,2,2,13
47,Eel,14047579883959635798,23,1,2,18
84,Crab,10898223930341695481,28,5,1,6
26,Catfish,9539757659445162481,17,4,3,9
17,Spot Fish,6382006984303668805,16,3,1,1
10,Sardine,15945557634497600388,20,6,3,2
31,Cod,8021696510331155346,24,6,1,18
27,Catfish,17486378008210239608,18,6,1,5
65,Piranha,14149537189202806371,20,4,2,9
32,Cod,14226237875305787005,23,3,3,19
45,Clownfish,11206368855987950506,28,6,2,21
5,Perch,18377605650705899740,15,5,2,2
10,Sardine,14391363459622670947,19,5,2,7
15,Spotfish,9992374547984475292,27,6,3,13
12,Sardine,13019467810702990607,26,2,1,4
10,Sardine,13371597640419609277,17,6,3,8
34,Triple Tail,8701878499482561657,14,1,4,11
20,Trout,7390872030159926979,18,2,2,10
60,Green Salmon,17103187276365353645,32,5,1,21
62,Barracuda,8386044088004110258,21,3,4,11
14,Sardine,8304945292728400910,24,3,3,4
47,Eel,2016607260891157405,19,1,1,15
46,Eel,13280665512396878787,15,2,1,6
18,Trout,5593176253483335829,22,7,4,14
5,Perch,5443862986614160390,21,6,2,3
30,Herring,7434059491037088952,15,3,1,15
17,Spot Fish,14074237225381728255,18,2,4,19
10,Sardine,17080918914893790476,23,3,1,5
16,Trout,2073472184285582664,17,2,1,8
31,Cod,10737610809936037690,17,4,4,17
62,Barracuda,11459015008712840715,20,6,4,12
98,Jellyfish,6872565674633659721,25,7,4,17
14,Sardine,17143120732813143509,15,6,1,19
75,Mola Mola Fish,14307926923994048962,24,2,4,13
15,Spotfish,3152712568396434063,25,4,4,4
62,Barracuda,1453755979566508946,19,4,2,8
54,Redgill,12224139611254210571,20,2,4,14
79,Turtle,4275973888866416460,20,10,3,16
47,Eel,12159695496034266419,24,5,4,1
16,Trout,10668418167918107001,20,1,2,13
16,Trout,15971665119080304334,18,6,4,19
20,Trout,15027217971105946993,23,4,3,15
11,Sardine,9750674493737531918,17,1,3,20
6,Perch,18266404684436242075,23,5,4,13
38,Snapper,2457561809046369110,16,6,4,20
17,Spot Fish,8630503355862248847,15,4,3,9
46,Eel,3988206368173801787,19,2,3,9
43,Clownfish,12538756344132313165,23,1,3,20
17,Spot Fish,12096487840133946508,14,2,1,1
29,Herring,5932962558203140226,15,2,1,4
18,Trout,11899892499781699996,18,6,4,18
62,Barracuda,17249071834233803579,24,6,3,13
62,Barracuda,1531194545443478922,12,2,2,17
17,Spot Fish,7920286655488705800,23,3,1,18
57,Spearfish,5153952949194286490,27,5,3,8
15,Spotfish,18312850938784956547,29,2,1,20
7,Bass,5783330770333528211,19,4,2,6
1,Tilapia,13319486379628345086,19,6,4,7
29,Herring,16640089543124316278,20,2,3,8
89,Seahorse,12820949924528623027,19,3,4,6
60,Green Salmon,13299126079402660991,28,3,3,20
56,Spearfish,9937005679768974894,23,5,2,20
30,Herring,842208705352804236,24,2,1,11
34,Triple Tail,13661499897242366217,22,5,4,9
72,Angelfish,2332148170723221938,17,6,3,21
28,Anchovy,1306304514840582607,19,3,2,20
10,Sardine,13956389880017223617,19,6,2,9
72,Angelfish,6102339049070026259,22,3,2,16
95,Octopus,15690303398547903774,25,5,4,10
15,Spotfish,3310723101632513243,26,7,1,9
45,Clownfish,16808194975730667383,32,6,1,17
62,Barracuda,5208571698808442488,23,3,2,10
12,Sardine,1097950099473733336,29,3,3,8
45,Clownfish,12194115718668421542,19,7,4,10
5,Perch,10794571255932812698,20,4,4,1
5,Perch,2177112254693173163,21,4,3,17
22,Pufferfish,9580547825892173309,21,5,4,9
40,Anglerfish,8357276405221676142,20,6,2,7
72,Angelfish,2022335117146269566,19,4,3,16
62,Barracuda,9294058638199780925,12,3,4,2
47,Eel,17453202306315214443,18,3,2,5
60,Green Salmon,8973448051756095783,29,5,1,16
38,Snapper,7563097721130383491,20,3,1,16
55,Spearfish,3322273048275064303,12,1,3,4
10,Sardine,2620947345723515154,17,6,2,18
17,Spot Fish,14820139816317507031,16,4,2,14
7,Bass,9522920311471334526,22,2,1,6
77,Turtle,11387888780507360188,17,1,3,14
33,Cod,11039768314424041925,31,2,2,13
17,Spot Fish,207615131853515500,17,4,1,19
46,Eel,9923490537617450677,18,4,2,15
1,Tilapia,15665056554776237655,24,1,4,3
81,Starfish,16910203718422937814,17,4,2,14
3,Tilpia,8066552080411704824,22,4,4,6
1,Tilapia,480887742395273856,20,5,1,12
5,Perch,9006836172734662389,20,3,3,4
8,Bass,11256107507030537689,20,5,3,17
10,Sardine,13849162201614962593,24,2,4,20
72,Angelfish,2788924238812324953,28,5,3,18
68,Grouper,3406514661768308918,19,7,3,8
50,Damsel Fish,17931481880521252130,23,3,3,14
5031,Boot,16098190357972710600,20,6,2,1
17,Spot Fish,5527998228835080691,17,6,2,11
1,Tilapia,17286043614768216455,19,5,3,10
90,Seahorse,9154450150449523806,25,6,4,19
17,Spot Fish,6015641154853152224,20,6,1,19
17,Spot Fish,16074903607889897133,24,5,4,4
11,Sardine,14455470011432242478,22,4,1,13
14,Sardine,11120697447149638870,18,5,4,11
55,Spearfish,15315698478359567565,19,3,4,17
41,Anglerfish,7117769114897388646,31,6,2,17
75,Mola Mola Fish,1367897579784900189,29,2,4,18
5031,Boot,11929477875755181347,18,4,4,11
81,Starfish,1456839846464571694,23,2,4,11
69,Grouper,3123067917541464523,17,4,4,9
28,Anchovy,8800553140926027045,14,6,3,18
17,Spot Fish,16366764209920472129,18,3,4,2
62,Barracuda,5117825060010037022,22,1,3,4
50,Damsel Fish,4785123838364544153,20,2,3,14
84,Crab,4157013376353045137,16,4,3,12
7,Bass,8251048335619199248,19,3,2,3
10,Sardine,14995476999686973039,18,2,1,1
17,Spot Fish,5684616012991447138,22,3,4,1
10,Sardine,15804371263322714626,26,2,1,1
30,Herring,8229280469298337878,16,2,3,8
35,Triple Tail,16126349102144257088,24,5,1,20
77,Turtle,630794981759338154,21,6,2,1
15,Spotfish,6124822530633971992,22,7,3,8
46,Eel,16268950598292163424,20,1,1,8
11,Sardine,4313615986412316872,18,4,4,14
1,Tilapia,2045568651201265785,19,2,2,4
22,Pufferfish,2570394030395379558,18,5,3,16
47,Eel,15576192848669902078,23,1,4,9
59,Salmon,8295121851067432516,22,5,1,20
55,Spearfish,16590248305420818243,23,4,4,20
43,Clownfish,13619252438352844320,21,4,2,5
11,Sardine,883798095675410388,14,3,1,12
8,Bass,3122974684330215291,21,1,3,1
26,Catfish,14860223110437511164,28,7,3,6
84,Crab,10145689725458732438,32,6,4,5
1,Tilapia,16228920688260912477,18,4,2,16
1,Tilapia,7840232909805980927,20,3,4,12
18,Trout,10271927829085863448,31,3,1,13
89,Seahorse,14568244347023394580,21,4,4,16
90,Seahorse,18221162909849287572,27,5,4,3
28,Anchovy,4923602108687533370,21,5,1,16
7,Bass,9022010788718945989,19,5,2,17
82,Starfish,11749490965841444798,17,5,1,8
17,Spot Fish,15267899560745786564,23,6,3,4
77,Turtle,3223666193676679792,17,5,2,19
59,Salmon,113121286282556470,16,2,3,18
17,Spot Fish,7939685221875690629,19,1,1,14
1,Tilapia,1516195128603548965,21,5,4,15
62,Barracuda,16819506040724407780,15,5,4,12
62,Barracuda,9140287622020058238,16,3,1,11
16,Trout,8424108083566418132,20,3,4,1
10,Sardine,6503102998658457158,20,6,4,18
4,Perch,7876442565058291556,18,1,3,13
4,Perch,5640434821447739478,21,3,3,7
84,Crab,351485433208296737,27,7,2,19
16,Trout,5964390789354381476,17,3,2,10
26,Catfish,1583282633331990597,26,4,3,20
34,Triple Tail,16346376615416493547,24,1,2,4
77,Turtle,13605337155243335600,22,6,1,8
87,Shrimp,13184666766466668427,23,3,2,19
7,Bass,2696933404436959272,14,1,1,11
81,Starfish,16653373173075209009,19,2,2,14
17,Spot Fish,8413788644039440112,17,5,4,2
6,Perch,6455279043420826192,24,2,1,21
20,Trout,6746226694299053426,25,4,2,11
45,Clownfish,13510282085908151962,26,7,1,11
17,Spot Fish,11411302222504766475,20,2,3,12
50,Damsel Fish,4315465463001988023,20,1,2,4
8,Bass,17601362768904555460,23,6,3,16
17,Spot Fish,13204060654466445027,26,6,2,7
9,Bass,13646990999444025510,27,7,2,8
62,Barracuda,10959590614231922404,18,1,1,17
16,Trout,12578919394340518545,21,4,1,3
89,Seahorse,12413732809167025433,23,5,2,17
5,Perch,6959055166702777062,21,5,2,2
45,Clownfish,4584781033013382260,28,5,2,18
45,Clownfish,18271793077269649015,29,4,4,10
90,Seahorse,13963237878639933953,27,7,4,12
11,Sardine,15004656505502560767,17,5,2,20
29,Herring,12425330098919339818,19,3,2,8
77,Turtle,10892157929330444878,23,5,2,2
25,Catfish,17559029641172829090,16,3,1,16
62,Barracuda,14360735877221152992,23,3,4,9
65,Piranha,7725489962356460334,23,4,3,4
14,Sardine,15490026144096407523,23,6,1,4
82,Starfish,2094785219267087331,18,3,4,19
17,Spot Fish,4222837669364806732,24,6,4,20
30,Herring,5544820206911805218,17,2,1,10
14,Sardine,631974441758905975,16,5,3,6
38,Snapper,5195338095534496593,13,4,1,10
47,Eel,14330167551433505200,16,5,1,17
19,Trout,6422525607463585155,23,6,4,20
59,Salmon,11335819408273758140,19,4,1,4
26,Catfish,4310400664033185601,26,6,1,6
84,Crab,8588004909606546143,29,4,4,6
16,Trout,6672544743321327755,22,2,3,12
50,Damsel Fish,7626505137197153260,20,5,2,1
50,Damsel Fish,7734918057694640469,22,6,1,12
62,Barracuda,3812419081220354769,26,1,3,8
5031,Boot,17431270147733069216,20,2,3,14
62,Barracuda,589172549560291343,23,4,1,13
50,Damsel Fish,7951199925469748496,22,1,3,7
1,Tilapia,4034825255349821697,14,6,3,16
9,Bass,12888890765988598373,30,3,4,9
100,Jellyfish,13526937553864105159,30,4,1,17
35,Triple Tail,14455587261507729118,26,6,2,14
36,Triple Tail,9860559347122362862,30,5,4,20
43,Clownfish,15324245888235666526,21,6,1,12
5031,Boot,8571373366895270564,23,1,2,14
65,Piranha,14804580740098302076,23,5,1,16
75,Mola Mola Fish,856343141187632152,20,5,3,11
3,Tilpia,15569649930797746789,23,3,2,14
17,Spot Fish,8149753135059578369,20,3,1,2
6,Perch,8119887282238367148,27,3,1,17
59,Salmon,7959920205303342851,22,5,1,17
22,Pufferfish,10968406958366156948,18,2,3,9
8,Bass,297538253257875850,21,3,2,2
75,Mola Mola Fish,18146845354560508821,22,6,1,4
68,Grouper,12181739671888403259,30,5,4,14
81,Starfish,7317560585783246096,24,1,2,14
17,Spot Fish,14683057806935425425,16,1,1,15
36,Triple Tail,14097470406064452751,29,4,1,7
18,Trout,5334404436280591924,30,7,4,13
29,Herring,12026556247590122382,17,1,3,15
90,Seahorse,16213781276202156467,28,5,4,6
22,Pufferfish,13620757075441040844,15,1,2,1
31,Cod,14541702175523914223,18,3,3,10
22,Pufferfish,9750432913034099875,19,2,2,9
13,Sardine,12761050857284965924,18,2,4,8
20,Trout,964333874460371382,32,2,4,11
15,Spotfish,1605519817496008327,21,5,3,16
11,Sardine,3415683871358855602,24,4,1,1
26,Catfish,18199767849448482798,22,7,3,16
35,Triple Tail,5184820565950512610,30,2,4,19
15,Spotfish,16228513581534873200,24,7,2,7
13,Sardine,3908948150978186905,21,3,1,20
50,Damsel Fish,16105199918564815969,14,4,2,3
46,Eel,7675958786424513002,19,4,4,20
1,Tilapia,5249872866388735630,25,2,1,7
94,Lobster,17142411058222918155,24,7,1,7
15,Spotfish,6512789487490175797,31,5,4,9
18,Trout,9816901860312811834,29,6,1,10
32,Cod,18074950930970053114,17,4,4,6
47,Eel,13191052641376371652,17,3,3,20
72,Angelfish,13893353784504146383,17,6,4,10
87,Shrimp,10130793432709293845,26,4,3,14
3,Tilpia,11234564041664014233,17,3,1,3
46,Eel,6522153953587957412,19,1,1,2
72,Angelfish,4901015347386699700,26,5,3,15
22,Pufferfish,3756231242409530417,17,1,1,16
18,Trout,6226913454568188347,24,3,3,12
38,Snapper,18073705035299855677,23,4,1,2
17,Spot Fish,4510053654917713280,18,3,2,5
65,Piranha,11693689140162835721,17,4,1,17
17,Spot Fish,6238587661258305150,17,5,2,10
16,Trout,17519603251089175103,19,3,4,4
94,Lobster,11981164661961842439,22,6,2,7
59,Salmon,17198177414264449306,20,1,3,19
20,Trout,17604808140744804239,31,7,1,5
11,Sardine,14252204372136210805,21,2,1,10
4,Perch,2308726547071134740,19,2,2,6
45,Clownfish,6863864840482714111,26,4,3,18
17,Spot Fish,3551252652509158239,23,4,3,16
7,Bass,2433299106996238477,17,1,1,9
8,Bass,13884075516736284537,15,6,3,17
81,Starfish,12857060349366485479,19,5,3,5
81,Starfish,1501131069725224648,24,5,3,10
1,Tilapia,8176866154919138462,22,5,3,6
45,Clownfish,8997549804004930784,31,3,2,15
14,Sardine,10481560306123986811,21,1,2,14
34,Triple Tail,16038313152932119297,24,5,2,18
47,Eel,6466383526567699846,22,6,1,13
22,Pufferfish,7154246946338956001,15,5,2,5
59,Salmon,4352073194704516839,18,5,3,11
17,Spot Fish,9145779324380680556,18,2,2,3
72,Angelfish,13766923327123557250,24,6,3,5
15,Spotfish,2666485557317063247,21,6,2,20
25,Catfish,17733359560812473175,17,5,4,15
48,Electric Eel,18422166106164553073,21,2,4,12
5,Perch,17197631273418002032,18,6,1,17
7,Bass,10684184472592328440,17,6,3,1
87,Shrimp,4929111102052737941,26,4,2,9
97,Golden Takoyaki,8617775646872955417,33,9,6,6
5031,Boot,5377636050321455024,23,3,4,7
71,Angel Fish,16955065832048938474,19,4,3,20
43,Clownfish,4120683881187277001,18,4,3,12
7,Bass,17385140551616161091,25,3,2,10
78,Turtle,12872664610035081925,30,4,1,12
32,Cod,9856163050831778918,21,5,3,3
17,Spot Fish,12010039552793526919,14,4,4,15
59,Salmon,18050078932684488535,20,2,3,6
47,Eel,10356514207861592034,17,4,1,9
13,Sardine,17042952004519897249,14,5,2,10
14,Sardine,14490831454070254084,18,5,2,8
13,Sardine,13894426762306691868,23,2,3,7
17,Spot Fish,2777797525952820861,17,5,1,7
81,Starfish,7252156292742063291,22,6,4,1
28,Anchovy,6786749257808162905,14,3,1,18
28,Anchovy,7297135878883172194,18,5,1,15
17,Spot Fish,13098746063400831289,21,2,3,20
62,Barracuda,17764375419349041536,15,5,3,18
14,Sardine,16204687863669356967,22,6,3,20
18,Trout,15302410101460296994,23,5,1,9
68,Grouper,10230601807831405996,27,4,2,5
3,Tilpia,14550563617209534457,23,1,2,1
34,Triple Tail,1456652370067679921,20,6,2,7
8,Bass,3457366848602756851,20,6,3,1
38,Snapper,4086244914896416816,18,4,4,16
7,Bass,18052597086166327869,21,6,4,5
8,Bass,12529964242081145700,18,2,2,7
17,Spot Fish,10327037424503373847,21,3,4,5
29,Herring,9796430954316063573,19,4,3,11
46,Eel,11216254916749338212,13,2,2,14
84,Crab,6516426212045473629,32,4,1,3
65,Piranha,9529350302641837853,26,6,1,12
6,Perch,6814564893599189280,30,3,4,11
36,Triple Tail,13393713341720693743,20,4,2,6
50,Damsel Fish,17738388785023148486,15,6,1,9
15,Spotfish,9434234128946016006,29,4,4,8
59,Salmon,8242487919608445485,20,1,3,20
46,Eel,5588889403422725615,19,6,4,14
8,Bass,6942192805595432427,14,5,1,13
45,Clownfish,3206009076806171789,26,4,2,16
81,Starfish,11062108441029893427,13,1,3,1
5,Perch,8952962500976430978,17,2,2,11
13,Sardine,2923473521144716630,17,1,3,4
28,Anchovy,5376548475091167965,24,6,1,17
17,Spot Fish,10830601990324947751,19,4,4,17
15,Spotfish,7606962213408058644,31,6,1,9
34,Triple Tail,10080419297416957186,18,2,3,12
5,Perch,439813235519996897,19,4,4,18
38,Snapper,8364358946408003616,12,2,3,17
43,Clownfish,12907354063712142855,21,2,4,17
98,Jellyfish,9920079426516873140,25,2,3,15
28,Anchovy,16581104499419648620,19,4,4,17
30,Herring,13071610162891407311,20,6,1,4
38,Snapper,10587941348544946866,19,5,3,4
5,Perch,567314801470797789,16,6,1,18
45,Clownfish,3904834914189148212,30,6,2,15
55,Spearfish,18165096381965742153,22,6,3,18
5,Perch,13619299329977709639,20,2,1,5
38,Snapper,16038611738141938297,20,6,4,14
59,Salmon,9356184029564065699,16,4,4,7
20,Trout,11115124173650980851,30,5,1,21
75,Mola Mola Fish,15514200505971729997,24,5,4,2
59,Salmon,13257115972243026790,23,6,1,6
84,Crab,3870366670330877069,31,6,2,3
4,Perch,7490198153228922086,21,4,1,3
40,Anglerfish,1471684945292998128,23,1,3,1
18,Trout,15169285026666635540,31,4,4,14
11,Sardine,13541590479250745571,17,1,2,20
84,Crab,17632097696569608516,33,7,2,2
8,Bass,11539245387112138121,17,5,1,1
82,Starfish,6667127119479079795,28,4,3,14
27,Catfish,10992176868549776252,22,6,3,18
47,Eel,5521084266466081442,21,4,2,6
22,Pufferfish,2485326556603991208,16,4,1,13
19,Trout,10435533166293899129,19,5,2,9
4,Perch,16814143335576054667,14,5,1,1
17,Spot Fish,7761017281600947916,24,1,3,17
43,Clownfish,308659766124206286,18,4,2,5
90,Seahorse,8402507684942400051,22,4,2,16
43,Clownfish,4325686315061902133,14,3,1,4
20,Trout,1357904958502271380,26,3,2,11
22,Pufferfish,1373516052017929415,21,1,4,3
7,Bass,12966352816339551236,16,2,4,5
50,Damsel Fish,3564751331349602732,18,1,1,7
16,Trout,7296174967461944455,18,4,1,1
30,Herring,18432450832444958031,19,3,2,1
22,Pufferfish,10268624214301412627,18,2,2,5
12,Sardine,10668420163826854158,26,4,1,16
81,Starfish,232803382445919809,18,4,3,11
81,Starfish,7747048290600023429,23,5,2,14
4,Perch,10343654457214085520,20,4,2,12
62,Barracuda,9937368314990513183,16,3,3,14
22,Pufferfish,3494363368475834609,23,3,2,9
81,Starfish,14586911873746416800,19,1,1,19
14,Sardine,4695977628281599534,21,2,2,6
39,Snapperfish,3534734602673507417,28,2,1,2
90,Seahorse,5147326803552656400,27,7,3,12
41,Anglerfish,1045739890314793214,21,3,3,9
5,Perch,5462286865735319826,20,4,2,15
41,Anglerfish,7917270043695603031,27,3,3,8
38,Snapper,3570347792392366761,18,5,1,5
51,Damsel Fish,1819485257908047770,25,3,4,14
15,Spotfish,15869204416426401642,23,2,3,5
7,Bass,10379416800213373141,19,2,4,15
84,Crab,16478581086160553160,28,6,2,6
62,Barracuda,529860072596204727,14,6,4,12
14,Sardine,4595623221971897851,21,1,2,4
87,Shrimp,10376474510713842833,27,4,3,16
51,Damsel Fish,953379083390754871,21,3,2,11
43,Clownfish,13838123588276562493,14,1,4,14
1,Tilapia,15724375841301218819,12,1,3,20
71,Angel Fish,13120030496207440072,24,1,1,15
69,Grouper,3174869138314505498,17,1,1,2
10,Sardine,9147141065123035238,21,5,1,15
17,Spot Fish,14457105160359710816,14,5,4,17
36,Triple Tail,837193849467161516,22,6,1,5
41,Anglerfish,18145651183352492961,31,2,2,12
77,Turtle,14934153842607857049,16,6,2,10
46,Eel,18164222118920047069,18,1,2,10
51,Damsel Fish,14272292882292806842,30,4,1,11
55,Spearfish,7790280860986481956,21,3,4,15
26,Catfish,9447079537597805687,17,2,1,15
81,Starfish,222645134523487682,18,2,4,5
55,Spearfish,14435690664154101083,19,1,4,18
68,Grouper,8124368290911546769,23,5,3,3
4,Perch,4961892659364776021,12,5,4,13
68,Grouper,17141095229106011680,21,7,3,15
43,Clownfish,18003271342555767191,21,3,3,11
69,Grouper,6204739807176718059,20,5,1,12
62,Barracuda,12488033375613057151,20,5,1,16
4,Perch,15320162594902969820,13,5,2,20
46,Eel,9414883128966694339,21,5,1,1
34,Triple Tail,12563013169151189047,21,5,2,11
59,Salmon,3552127572860426605,20,6,2,1
45,Clownfish,15332971107409773386,26,7,4,18
65,Piranha,4714643477319175790,25,4,3,18
22,Pufferfish,6034104470788056971,18,5,2,1
17,Spot Fish,2666924148977549792,24,1,4,16
72,Angelfish,2130639242991361166,27,2,2,3
89,Seahorse,4411448895792832651,15,5,2,7
5,Perch,10168750706139967845,16,3,3,3
5,Perch,3784546029949563639,21,6,2,8
38,Snapper,15935505511438423631,17,4,1,9
81,Starfish,6875941215740092335,17,1,4,6
30,Herring,14135936481705104033,19,5,4,11
18,Trout,18065512372377427602,30,7,3,12
43,Clownfish,8846167355991008348,21,2,3,2
6,Perch,12793166624016980769,29,4,4,12
11,Sardine,7513724278525423665,19,6,1,6
39,Snapperfish,11283798665650935751,29,4,1,17
10,Sardine,16427836870262124180,17,4,4,7
4,Perch,7214246885614635946,20,3,4,1
89,Seahorse,13191141937072771614,23,2,4,11
29,Herring,10490078379472754790,13,2,2,18
43,Clownfish,11728115515351031782,23,5,1,2
19,Trout,5899733409071393047,23,1,4,3
6,Perch,9874316698948032497,28,4,3,8
50,Damsel Fish,498050891019507276,16,4,1,15
32,Cod,9822846065418509578,16,1,4,2
1,Tilapia,1871676048836849891,17,1,2,20
45,Clownfish,16005192968368028906,27,4,3,4
81,Starfish,8210524455340002208,25,4,3,15
30,Herring,3174670040534690268,23,2,3,7
11,Sardine,13544297494139563356,16,3,1,16
5031,Boot,11109008858038802758,21,6,2,19
81,Starfish,540466546681565136,14,1,1,8
14,Sardine,7803755642624339562,19,6,1,15
19,Trout,16036554748906306307,16,4,3,9
7,Bass,9934539412034113253,16,1,3,6
75,Mola Mola Fish,2638679678104854646,20,3,1,15
84,Crab,17537587233707726022,20,3,2,18
8,Bass,280221372315704967,16,6,4,5
60,Green Salmon,16640484976962041738,28,3,2,15
17,Spot Fish,15110302688713397008,19,2,3,5
75,Mola Mola Fish,17207852083193148314,18,2,1,19
22,Pufferfish,11427112101956773013,20,5,2,6
69,Grouper,865409485901023978,19,3,3,4
78,Turtle,5104027115754029115,28,6,3,10
15,Spotfish,2692757934236899369,20,5,3,12
81,Starfish,13457695771193173601,19,5,2,12
34,Triple Tail,14354861090623541054,17,2,1,13
11,Sardine,11432506456095433854,15,5,1,1
77,Turtle,16164872681470884533,18,1,2,5
10,Sardine,3943099544947925814,19,4,1,10
59,Salmon,9722908112733219739,17,1,2,4
15,Spotfish,5520454224621133299,22,3,1,15
75,Mola Mola Fish,12023631751379149227,21,4,2,2
17,Spot Fish,6706460112420795296,18,3,4,10
8,Bass,3106460756411270690,15,5,3,8
9,Bass,13174457688830414803,28,6,1,13
15,Spotfish,5771397010875974371,21,5,3,18
45,Clownfish,2194996924896800392,24,6,2,9
11,Sardine,3397423121911168131,15,6,2,9
25,Catfish,4938388313899098244,17,5,2,9
17,Spot Fish,14560136805490070081,22,3,4,6
28,Anchovy,944436932909335127,19,2,4,13
60,Green Salmon,17977764199928046562,27,7,4,21
1,Tilapia,3604405932824518564,25,3,1,16
17,Spot Fish,662254476849780621,18,6,1,16
45,Clownfish,2798339223807906544,28,7,3,13
65,Piranha,2207940938921963856,22,5,1,3
43,Clownfish,16349304409244921016,19,1,2,19
35,Triple Tail,10528859757480051918,24,7,2,19
15,Spotfish,374377363030003780,14,4,4,20
10,Sardine,13495027515917273406,21,5,4,1
46,Eel,10551739330829366848,16,1,1,2
10,Sardine,12551815790541767820,12,4,1,19
15,Spotfish,9160629784208375697,28,6,3,4
13,Sardine,3813458470079014118,19,6,3,3
14,Sardine,8746940551590816250,18,5,1,12
5031,Boot,7156173877694624044,20,4,2,3
81,Starfish,2628631402617214955,14,6,4,3
13,Sardine,14870386399070608779,21,3,3,8
16,Trout,14436644536453231097,19,6,1,8
1,Tilapia,9584720857441425525,25,4,2,16
16,Trout,5911005354737641720,21,1,2,17
13,Sardine,8085307737293279784,23,1,2,5
1,Tilapia,12772860594601559568,21,4,2,18
14,Sardine,12973089498223248458,21,6,2,1
8,Bass,16672239682583848074,14,2,1,6
8,Bass,1443019354275615781,21,5,4,13
59,Salmon,9369328705370465317,22,2,4,16
50,Damsel Fish,13790898520212086225,15,4,1,8
8,Bass,7186386919813904093,19,3,4,18
71,Angel Fish,17813557762371835037,18,6,4,20
71,Angel Fish,2471950814370873540,21,1,2,9
41,Anglerfish,4668170424246809649,27,3,2,8
94,Lobster,16085532504188336888,27,5,3,18
71,Angel Fish,13716117948828072293,22,6,3,5
77,Turtle,10567531166317062401,21,1,4,12
45,Clownfish,11871408428882522025,34,5,2,3
46,Eel,14640861850340558716,19,6,2,6
33,Cod,2628899750290360424,30,6,2,21
55,Spearfish,13270408416794114642,18,1,4,17
75,Mola Mola Fish,5896835211060484057,31,5,1,12
15,Spotfish,16841407681632941351,25,3,1,17
14,Sardine,5976288131544987,19,6,3,17
15,Spotfish,12580696206846335041,26,2,1,18
8,Bass,8325198722928905210,17,1,2,9
7,Bass,4061982295004179022,23,6,1,9
38,Snapper,11792692121910322024,21,6,3,18
17,Spot Fish,10598957178654668181,18,5,2,10
10,Sardine,9501796306986724500,18,1,2,2
77,Turtle,13830870401627317342,14,6,3,12
33,Cod,15660564508324865924,27,5,1,2
12,Sardine,7917766935812285074,20,5,1,10
15,Spotfish,12657159751026152789,29,3,1,18
5,Perch,2445570950026676833,16,3,2,16
89,Seahorse,7612930880332779220,14,4,1,12
75,Mola Mola Fish,11627883297034066482,27,4,2,12
32,Cod,13761280328447037666,21,3,1,2
81,Starfish,1328612629722132120,15,3,2,12
45,Clownfish,9947725367389383943,19,5,1,4
87,Shrimp,6311973941354056390,21,4,1,7
65,Piranha,16425387520532390137,24,5,2,20
10,Sardine,920263907333799040,16,6,1,1
47,Eel,14470391708086147969,16,5,3,12
14,Sardine,4527301138270928639,17,3,2,3
5031,Boot,7278156357785865511,17,1,4,10
84,Crab,7920643134677081554,17,4,2,13
90,Seahorse,12671996983040852332,23,4,3,11
76,Mola Mola Fish,11011344463074161565,28,10,4,6
7,Bass,4375735521966415001,20,1,1,16
89,Seahorse,10961036793168106645,17,3,1,18
8,Bass,7018619562825699255,17,4,3,17
77,Turtle,1710738266474718750,19,3,1,4
5010,Blahaj,11514460567452779043,28,4,6,12
14,Sardine,18286195779282515193,15,4,3,1
89,Seahorse,826115953598411271,20,2,3,16
11,Sardine,3352658164535855353,21,5,2,4
81,Starfish,683122765539276472,24,4,1,16
31,Cod,16150875191099416437,21,5,2,5
68,Grouper,12263614290759328602,34,7,2,18
20,Trout,6244281968144764666,23,7,1,9
38,Snapper,17429162869995159637,16,1,3,20
38,Snapper,17755723526523619638,21,4,3,15
5,Perch,13838186881052712640,15,6,2,10
43,Clownfish,15058625217897641588,26,5,1,19
5010,Blahaj,4208092940105017813,33,9,6,9
17,Spot Fish,14212816715635538218,21,1,1,18
77,Turtle,12485725456659172971,16,1,3,11
68,Grouper,17074774090945738478,21,6,2,13
1,Tilapia,15197290406836871570,13,2,2,19
18,Trout,17595179433606573289,20,4,4,14
17,Spot Fish,6950404473124517566,25,6,3,15
63,Barracuda,1883496478020228118,20,4,3,2
98,Jellyfish,10656578381096371084,29,5,2,5
29,Herring,5492610804137020800,12,4,1,11
11,Sardine,7786500708335735789,17,3,3,9
26,Catfish,3844065734871342762,25,6,2,18
54,Redgill,14727552252915387359,24,2,3,21
31,Cod,11309122575776809237,14,3,2,10
17,Spot Fish,11128455079532329944,20,5,1,17
62,Barracuda,6878660566836228095,15,2,3,1
62,Barracuda,11322425465250250000,21,1,4,11
3,Tilpia,12086090663458830908,24,4,1,7
81,Starfish,2978800818780144754,23,5,3,17
76,Mola Mola Fish,13016625900005213012,27,5,3,4
65,Piranha,5176687636227500522,22,3,2,18
1,Tilapia,12128709454043030499,12,4,4,5
60,Green Salmon,270488334098453439,29,6,2,15
77,Turtle,8909641283514028033,15,4,4,16
19,Trout,15445448036515399606,18,1,4,6
72,Angelfish,17112112445533618815,27,2,3,18
15,Spotfish,3401666254032235925,30,3,3,3
11,Sardine,10382207936052665655,18,4,1,3
46,Eel,3890798652725066223,20,5,3,17
41,Anglerfish,1756660745292283757,22,5,1,9
11,Sardine,16598765143630468146,18,2,4,12
90,Seahorse,1200333766309519756,27,4,1,21
36,Triple Tail,17698559815069845080,22,5,4,11
7,Bass,17947418004345892938,23,6,4,5
65,Piranha,6913651823176376789,25,2,4,7
55,Spearfish,11004962842339891647,24,2,3,19
50,Damsel Fish,18421348353630922542,19,4,2,3
29,Herring,2212888556620139054,18,2,3,16
50,Damsel Fish,16596894756196329754,18,5,1,7
26,Catfish,7620174424220159941,23,4,2,6
20,Trout,8030160082704846695,24,5,2,9
7,Bass,4342279239729469863,25,5,4,5
54,Redgill,15195304963739358797,19,4,2,6
81,Starfish,7398630960047508392,24,5,2,6
10,Sardine,7113825630403579731,24,3,1,6
90,Seahorse,8555193559834209429,17,3,1,17
7,Bass,5095502563018330858,18,6,3,17
31,Cod,14785291715512510892,14,3,3,14
65,Piranha,10305891290686812897,22,5,1,8
77,Turtle,13860830933073235304,19,6,1,5
27,Catfish,17084844228819176285,21,4,4,7
89,Seahorse,11905636624684348362,20,3,1,15
8,Bass,5397207900533927820,19,5,2,5
35,Triple Tail,7881839171862257221,24,5,2,14
72,Angelfish,1669050978454988199,34,3,3,14
43,Clownfish,17387415775258334824,20,4,2,8
17,Spot Fish,8515616538183930000,20,3,2,2
7,Bass,2028682222933238133,21,5,3,15
59,Salmon,2419004122217708371,13,3,2,6
34,Triple Tail,16456537530595128549,19,3,2,9
17,Spot Fish,3562365307923120821,21,1,3,16
26,Catfish,13998523433069271303,22,2,1,14
60,Green Salmon,13357245041191489257,22,7,2,19
34,Triple Tail,7472036679632864547,21,4,3,2
10,Sardine,3329206216103876823,16,4,4,15
5031,Boot,13486923278239773602,25,2,2,17
3,Tilpia,1967355807914957322,20,4,4,20
17,Spot Fish,6678087777182231464,17,1,2,4
45,Clownfish,2994557273049399706,29,4,1,11
17,Spot Fish,2684594224226108425,23,1,3,20
100,Jellyfish,2773695772711076269,28,2,2,21
22,Pufferfish,5550416167405545465,18,1,4,7
82,Starfish,1862849278518082091,25,3,3,9
14,Sardine,10539888077803250955,16,3,4,1
14,Sardine,5418172893442001799,25,1,1,17
46,Eel,16005205041009675005,18,3,1,20
3,Tilpia,7258734684976828669,13,6,4,4
4,Perch,11773349897999312551,16,3,4,5
34,Triple Tail,7603922736014260951,15,5,1,19
65,Piranha,17666054256127202995,19,4,4,7
26,Catfish,17245312890326188676,25,2,1,7
84,Crab,13852091700502232048,34,4,3,17
50,Damsel Fish,2429255709125750148,21,5,3,9
59,Salmon,13625418606175106460,22,4,4,12
15,Spotfish,4519722332163989481,26,5,1,7
50,Damsel Fish,15445418596428237578,22,1,2,1
15,Spotfish,16053219925643241770,19,6,4,15
1,Tilapia,4327220338836940134,20,4,1,19
16,Trout,9651567093248943592,19,1,2,11
41,Anglerfish,5505654891342904399,22,3,1,4
89,Seahorse,18213838158927492203,19,1,1,12
22,Pufferfish,15667248894742459264,13,2,1,6
1,Tilapia,1306626916003851550,23,3,4,13
50,Damsel Fish,17256290071282677277,22,1,4,3
31,Cod,10277148676251939191,15,6,2,8
4,Perch,8669494148581025466,20,3,1,16
12,Sardine,15080796227600665258,30,7,3,16
3,Tilpia,15874103861620077540,19,3,3,11
8,Bass,6463739220388426689,18,1,3,11
5059,Great white shark,4858486044425372644,17,4,2,13
90,Seahorse,17381379604591185923,30,5,4,17
29,Herring,7124820620229392645,16,6,3,1
11,Sardine,5789260585459548588,14,5,1,4
55,Spearfish,15793549905842181995,19,3,2,3
25,Catfish,10723541921268942036,21,3,3,1
20,Trout,324686105681015862,31,7,2,7
98,Jellyfish,1310520909762627370,31,6,1,18
9,Bass,9202112378794475093,25,4,1,5
75,Mola Mola Fish,2763729860505454297,17,3,4,4
38,Snapper,16292633752535325096,19,3,4,13
17,Spot Fish,7347696127041853373,21,6,4,18
47,Eel,16528139605043234952,17,1,3,1
90,Seahorse,10582737016605849762,23,6,4,15
90,Seahorse,11458278202826810550,23,3,2,21
13,Sardine,1529710764018201951,17,5,3,12
28,Anchovy,4876367654454631651,14,3,1,16
55,Spearfish,12407878361093247624,19,3,1,17
81,Starfish,740917872020989107,21,1,1,16
13,Sardine,7002559842518668319,19,4,3,19
59,Salmon,8266687695545312356,21,5,1,4
48,Electric Eel,8776424967026220798,25,6,2,13
84,Crab,6858704092161026566,26,4,1,10
81,Starfish,7792861809101150477,20,2,1,15
84,Crab,15100300275865634911,21,2,1,9
25,Catfish,9545839039017163354,22,3,3,9
89,Seahorse,1416050572023536966,21,4,1,12
54,Redgill,8518457937606761741,25,7,1,5
17,Spot Fish,3994110582157980140,20,4,3,19
19,Trout,14241654147250663819,17,5,2,5
71,Angel Fish,15380903951637347901,13,1,1,16
8,Bass,17469509632355683114,21,6,4,4
7,Bass,10084562788749117853,24,5,3,5
65,Piranha,5064456070165418279,16,3,4,7
1,Tilapia,8881949338586631693,22,6,2,7
100,Jellyfish,13922628823474587282,18,3,4,7
81,Starfish,14211049179189207323,15,6,2,12
17,Spot Fish,6801161852430694932,25,2,1,10
5031,Boot,14285929268044274981,17,4,1,4
14,Sardine,358297788058239097,15,5,4,19
13,Sardine,2736350195824672939,22,6,2,6
60,Green Salmon,9653771570943141618,25,4,2,10
81,Starfish,3259275250388859760,14,1,4,15
50,Damsel Fish,1245517238416904620,25,5,4,10
90,Seahorse,6430288766054773990,19,3,3,2
11,Sardine,14672662766198292221,18,4,3,6
5,Perch,9345948418822125702,22,5,3,7
31,Cod,7488329250953195115,23,1,4,6
43,Clownfish,14127845161247224535,16,1,4,20
7,Bass,6632524985909501986,25,6,2,6
4,Perch,12778794893287513083,21,6,3,19
14,Sardine,13092007846143360420,23,3,2,10
43,Clownfish,9709684990354344305,20,4,2,10
46,Eel,15223634111385296440,26,1,4,20
24,Pufferfish,5946588799102105276,27,4,1,12
38,Snapper,18054992775591518755,17,2,4,9
93,Blue Lobster,17212189141697777769,20,6,1,21
29,Herring,17351462688299721489,19,6,2,20
7,Bass,16535762383050763690,25,1,4,11
81,Starfish,8185301364582373165,18,1,1,3
15,Spotfish,11703778201416855662,25,5,4,10
17,Spot Fish,16619235668097446387,17,1,2,4
62,Barracuda,1969327295368301115,21,1,4,2
13,Sardine,5420430159944888099,17,3,1,6
43,Clownfish,14549749474110805936,20,5,4,15
7,Bass,6046918414226037041,19,5,2,9
26,Catfish,1856407555226105685,32,5,3,15
26,Catfish,3407183559815526234,26,5,1,12
28,Anchovy,18227640454269917997,19,4,2,10
75,Mola Mola Fish,18332426159361969911,24,6,2,16
17,Spot Fish,11146831649752579921,19,5,1,14
11,Sardine,10736102870264311202,18,4,2,4
14,Sardine,683168959271441374,21,5,1,17
16,Trout,16766496176427254390,17,4,1,9
98,Jellyfish,17727212117151607497,34,2,4,3
29,Herring,3871069634688191787,19,5,4,2
14,Sardine,9916867594489325013,13,4,4,16
100,Jellyfish,16160246741655580953,28,2,1,16
95,Octopus,13769641726788287268,16,7,1,5
68,Grouper,8386883768660805291,25,4,3,18
45,Clownfish,15652384455114783238,30,3,4,7
41,Anglerfish,16993318640442873051,25,3,2,5
30,Herring,14086415745056212818,17,2,4,17
39,Snapperfish,13513476872066859232,28,2,3,18
39,Snapperfish,4936119843475349961,21,4,1,9
7,Bass,8881606737459840260,20,5,1,6
17,Spot Fish,11302807540110002430,21,2,2,5
45,Clownfish,1810401005569969003,26,6,3,10
65,Piranha,699124035705544996,24,5,2,19
50,Damsel Fish,15373100811365588754,18,1,3,18
76,Mola Mola Fish,5388513985824049799,29,8,2,17
15,Spotfish,12805681392751172638,29,5,2,14
65,Piranha,2877536718719504819,17,1,3,2
13,Sardine,10404697253121278570,21,2,2,12
14,Sardine,3446104720086787680,23,1,2,8
15,Spotfish,17509872681005971426,17,6,3,14
45,Clownfish,15640335725011399139,21,2,3,7
48,Electric Eel,3802084024719439567,32,3,2,5
15,Spotfish,12676709678461624495,25,7,2,5
14,Sardine,7291992654680561725,19,4,2,9
17,Spot Fish,4774769601782563751,21,1,4,1
48,Electric Eel,8928026103022848794,26,7,1,4
47,Eel,4823861044887612330,24,5,4,19
30,Herring,3207838258117187582,14,4,1,18
28,Anchovy,6898334211150460921,18,5,2,3
22,Pufferfish,5467238804472587778,13,3,1,20
38,Snapper,449543537253318230,23,3,3,6
45,Clownfish,1791927235337133618,18,5,2,7
47,Eel,5621154598986600323,16,4,4,14
25,Catfish,9187154871962404742,13,4,4,20
89,Seahorse,16892127626638541315,19,4,3,14
17,Spot Fish,14219434359558209506,24,6,3,5
43,Clownfish,14261881377727172464,25,6,4,20
4,Perch,2127812974844298910,21,1,3,9
13,Sardine,16604247604865160811,15,3,2,16
43,Clownfish,2789946763339847951,19,3,4,1
16,Trout,12705697077787466977,18,6,3,14
59,Salmon,6850189662644005584,17,3,3,1
31,Cod,13590769681230385441,21,4,1,8
13,Sardine,12051749994389341401,17,5,1,14
5,Perch,6170902873771975531,19,4,3,19
72,Angelfish,15806505403443536469,28,5,3,17
72,Angelfish,4998927792503609593,18,2,2,19
62,Barracuda,18341248474428604679,16,1,1,16
8,Bass,5899638841440115250,21,5,3,20
11,Sardine,1262446332637177037,13,3,2,20
11,Sardine,8610965625992735632,18,4,4,18
12,Sardine,4723322542298609182,29,4,2,14
65,Piranha,5858717282585161807,19,6,1,7
17,Spot Fish,13378208133064230311,21,2,2,9
77,Turtle,16459417573305615471,22,4,1,8
15,Spotfish,18306245446174904776,20,5,1,20
17,Spot Fish,408585963633035363,14,1,3,6
9,Bass,2592585028807877484,17,3,2,6
7,Bass,3341092599015470674,12,3,1,6
59,Salmon,13634208232424907451,15,3,4,9
65,Piranha,14754696059737163309,17,2,1,11
60,Green Salmon,448813099975839009,17,2,4,10
59,Salmon,5392037910346772144,17,2,2,4
43,Clownfish,14187126566430673452,19,2,2,20
55,Spearfish,11874217432219439456,17,2,3,16
28,Anchovy,10312839346171453387,22,3,2,13
28,Anchovy,12277620613057082830,18,1,2,2
15,Spotfish,10113076841733598457,25,2,1,8
75,Mola Mola Fish,3154744047417422245,29,3,3,20
62,Barracuda,17658154918789819421,17,5,2,16
31,Cod,734155347414822803,22,5,4,2
6,Perch,163372285383133215,26,5,4,18
40,Anglerfish,14094594004161342164,16,6,1,20
65,Piranha,7852033686960980011,21,6,1,11
89,Seahorse,5614245186583310573,25,2,1,20
43,Clownfish,7984057086475510747,16,4,3,3
16,Trout,1160927397360172421,19,6,3,4
36,Triple Tail,15952226291211131109,24,6,1,4
47,Eel,841229806640060455,13,1,3,12
78,Turtle,2361815354117772876,20,5,4,20
60,Green Salmon,12684540420634796810,31,7,3,20
14,Sardine,13435508139696440995,21,6,2,5
59,Salmon,15350701198509670808,22,6,3,1
26,Catfish,11257782121487680485,26,3,1,6
18,Trout,2673766855772805117,26,6,1,12
26,Catfish,2935572321744929625,26,7,2,12
17,Spot Fish,16824451434409224077,22,4,3,18
59,Salmon,9415497829194215199,21,6,1,18
51,Damsel Fish,2315768101255121162,30,6,3,8
27,Catfish,6675336906928341960,29,5,3,8
89,Seahorse,9654568600909355735,20,5,3,10
75,Mola Mola Fish,9518154579937144809,27,2,2,7
11,Sardine,14594926646851786733,20,5,2,13
9,Bass,10252706494463025409,23,6,4,18
30,Herring,13827943725773019007,14,3,2,4
84,Crab,17940907025364102870,24,5,2,13
65,Piranha,4230163247788196387,20,4,3,15
25,Catfish,12833603305677521342,15,5,4,7
55,Spearfish,9648815480498643667,23,2,2,10
5031,Boot,9521042348422912865,16,6,3,12
26,Catfish,1648772479942042986,26,4,2,19
17,Spot Fish,15102564683118917224,17,5,4,18
46,Eel,9938547559569077812,13,3,3,19
30,Herring,16767317546501975933,21,5,4,9
23,Pufferfish,15013699364482649401,18,2,1,14
7,Bass,16835190567585071477,25,4,1,7
29,Herring,8536908433274565432,17,5,4,10
46,Eel,5151887221519973179,15,5,3,16
17,Spot Fish,8167214661708198677,19,3,2,19
31,Cod,15562204140126174241,19,4,3,1
19,Trout,11564084969272053033,21,6,4,15
1,Tilapia,935068924385793722,22,4,3,2
90,Seahorse,4900821067117468239,30,3,1,19
53,Bluegill,5532800799146257432,22,5,1,12
8,Bass,8730402393992858636,20,1,2,10
59,Salmon,3843875883616177603,25,1,2,6
17,Spot Fish,16292335928283250040,25,1,1,3
72,Angelfish,14530950259551726250,27,6,2,17
46,Eel,390502732944446217,19,5,1,6
5010,Blahaj,1066068971290546176,26,8,6,21
5,Perch,17320193382950219463,24,4,2,9
1,Tilapia,6951582316889340316,19,3,1,15
71,Angel Fish,7015459429507672185,12,4,4,20
59,Salmon,7197872137796601866,13,2,3,14
11,Sardine,7028238652381240946,18,6,3,9
81,Starfish,1991858641184136652,18,1,1,19
44,Clownfish,14265851387710307537,24,3,4,19
8,Bass,10692363151293326379,18,2,1,9
17,Spot Fish,3782984084621388457,16,5,1,1
59,Salmon,4739859884626672027,15,6,1,9
13,Sardine,1486527142514969891,19,6,4,2
17,Spot Fish,2569211976839590590,19,6,4,4
90,Seahorse,4884321395139931049,28,6,1,6
5,Perch,3683186192037609772,22,5,3,14
36,Triple Tail,1690966084650799394,19,4,4,9
31,Cod,14407668858737262198,19,3,3,19
59,Salmon,16655757232968368460,18,2,2,3
41,Anglerfish,12388475418008551644,29,2,2,14
17,Spot Fish,14442508780779860063,19,1,2,20
45,Clownfish,4386715060532208473,22,2,2,10
34,Triple Tail,9500065340033539334,17,2,4,17
22,Pufferfish,14854875721957942798,25,2,1,6
29,Herring,1866932402803642394,14,5,1,9
10,Sardine,5893112476067314938,18,4,2,3
59,Salmon,11828915568190557446,13,1,1,17
81,Starfish,5832526723959964557,18,3,2,2
23,Pufferfish,15140308563804907445,21,4,1,9
69,Grouper,17945656990614272165,16,3,3,7
32,Cod,8295657983895836215,21,2,3,18
15,Spotfish,1150852628325918854,23,2,2,19
14,Sardine,7809663904619965385,13,3,1,14
15,Spotfish,13984730292326992242,28,3,1,14
3,Tilpia,11606996070252621011,21,4,1,2
68,Grouper,4701802638045218749,31,4,3,5
74,Mola Mola Fish,2688709777657028358,20,2,4,5
28,Anchovy,3082758853409211424,20,2,4,14
17,Spot Fish,2638760506231660863,13,5,4,18
29,Herring,7802647088475526383,21,5,1,8
6,Perch,16463263350580538905,28,7,3,9
15,Spotfish,8583995811169569297,26,7,4,13
17,Spot Fish,9068320272284660288,23,4,2,10
39,Snapperfish,1885366140567897342,25,2,3,15
90,Seahorse,4212848566048002497,23,2,3,12
38,Snapper,5045215940051677544,23,6,1,17
17,Spot Fish,11457885023276886393,20,3,1,1
33,Cod,7825583244053737245,27,5,2,9
19,Trout,775903643360164868,16,3,1,3
10,Sardine,10218445194739726196,23,1,3,10
87,Shrimp,7091919657807239901,24,6,4,16
81,Starfish,11046643748281483858,23,1,4,20
16,Trout,7027569496793380193,16,5,3,9
1,Tilapia,16457050879698871156,26,3,3,12
26,Catfish,11261850581527909190,33,6,3,14
76,Mola Mola Fish,6158725456507526577,24,5,4,9
38,Snapper,1271797379371014354,17,4,2,5
46,Eel,8781866125428666717,22,3,4,8
29,Herring,3811077565307745896,26,6,1,12
21,Trout,12427537798564076770,23,5,4,3
75,Mola Mola Fish,8898946991301811082,22,6,1,14
34,Triple Tail,9371262193547293608,21,5,1,2
13,Sardine,13613081740291767200,19,4,2,19
11,Sardine,6088044558507468584,20,6,2,5
32,Cod,11642542916880998657,24,5,2,20
13,Sardine,8597804891829063934,14,5,1,7
1,Tilapia,5893215160075410919,22,5,3,15
11,Sardine,11580432716172074866,18,6,4,16
38,Snapper,11604154439567803058,16,2,3,4
43,Clownfish,14343724816689056620,16,3,1,13
5031,Boot,10594576811285788067,16,6,2,19
11,Sardine,11657784864944756235,24,2,3,8
82,Starfish,6600135082654697499,31,2,1,12
22,Pufferfish,3953222030599152185,16,5,1,3
62,Barracuda,7624588416312248092,16,5,4,19
46,Eel,2987519557897954654,16,3,3,1
16,Trout,12406840350647606005,18,4,2,15
5,Perch,14135701405778575371,20,1,1,3
33,Cod,469727058009981939,21,3,3,6
16,Trout,11973848614301932305,20,5,4,3
81,Starfish,12612651218196225283,13,4,1,16
13,Sardine,9899400346158662082,23,1,3,7
5029,{NULL}fish,3182371001630708657,100,0,0,0
3,Tilpia,3623691540298218848,12,1,4,8
13,Sardine,624508180443006997,18,6,3,16
7,Bass,1134912484470846201,25,3,3,14
13,Sardine,11213411621053697761,17,5,2,20
13,Sardine,8245719353813046664,21,6,2,5
5,Perch,856489519775216086,18,5,3,10
62,Barracuda,15876665766955167129,20,3,3,4
4,Perch,12394374559326040334,19,4,2,8
76,Mola Mola Fish,10718781331635438459,29,3,1,22
5,Perch,16907322826675388215,20,5,3,19
53,Bluegill,15945445882381267003,21,1,4,13
28,Anchovy,590027290116589927,19,3,1,2
10,Sardine,2628409810428257337,13,4,2,3
34,Triple Tail,14265901977450977338,18,4,1,17
38,Snapper,2520521725189558155,17,4,4,19
90,Seahorse,5932191791238743293,23,7,4,15
3,Tilpia,15126855516871103719,12,4,3,2
74,Mola Mola Fish,17670142782484110331,17,1,1,4
78,Turtle,12881626676249697362,22,3,1,11
7,Bass,8780033983178202581,23,1,3,17
79,Turtle,17635739085040176681,27,3,6,19
5013,Sakhalin sturgeon,14783459836201179754,27,4,6,5
29,Herring,12629520325429587251,22,6,2,12
3,Tilpia,6828814236669784039,13,1,3,14
100,Jellyfish,17288949214656037945,25,7,2,19
5,Perch,9353954651571968541,20,5,3,18
56,Spearfish,14081473777741699158,28,5,3,6
5,Perch,13650904132980518096,25,5,4,13
60,Green Salmon,2745846640535965280,29,7,3,13
87,Shrimp,5589678120479273363,24,4,2,8
17,Spot Fish,1186556860677915700,24,2,1,3
10,Sardine,10054890046698796107,17,3,4,13
17,Spot Fish,6072821482337393684,17,5,1,20
3,Tilpia,11415683101262073644,21,6,2,2
59,Salmon,6323889190589865678,23,4,4,12
79,Turtle,658715715304504351,28,4,3,15
26,Catfish,5030717702926156225,22,5,1,2
79,Turtle,13717191648239805013,27,4,2,9
5,Perch,3400783139688472027,22,4,1,3
7,Bass,13706921031459985142,16,5,1,2
5031,Boot,15153707322637675170,17,3,4,7
63,Barracuda,11805528002475922107,20,5,4,16
4,Perch,11275963760759159877,19,2,3,6
4,Perch,13757810004600017259,17,4,4,13
59,Salmon,14673899452378692314,19,5,3,15
50,Damsel Fish,2592419015649425200,20,3,3,8
40,Anglerfish,10843940869574093252,21,3,2,19
77,Turtle,3095618146649629702,13,5,3,4
8,Bass,3241490906231745997,22,2,2,13
50,Damsel Fish,2436157437744061250,20,6,1,4
5031,Boot,9239871753602933861,14,4,4,14
89,Seahorse,9618828766200084953,19,3,2,7
3,Tilpia,17453121606778216454,18,4,2,8
3,Tilpia,2838896483125282659,20,6,3,20
77,Turtle,16725020983657823707,12,4,1,6
13,Sardine,13825102671397732547,26,3,3,16
87,Shrimp,5017988753319729281,31,5,2,15
79,Turtle,18109508839309086559,24,4,5,17
30,Herring,15104800397054075299,24,1,2,5
71,Angel Fish,2661075048450639597,14,5,3,3
79,Turtle,3616413467616139371,26,3,4,4
89,Seahorse,14509117404727772335,21,1,2,17
53,Bluegill,7422449031541207470,17,1,4,10
50,Damsel Fish,2004378279073906416,15,2,3,8
55,Spearfish,5632857300548453314,13,1,3,5
10,Sardine,10818283426088054805,18,3,4,7
30,Herring,9327248419107583935,15,2,2,14
40,Anglerfish,245858667563004201,19,2,2,2
45,Clownfish,4567917159253226390,21,2,3,9
54,Redgill,15515378917286375649,25,6,4,16
5067,Pop-eyed goldfish,4351432796090241482,21,5,3,19
31,Cod,5810740481547926581,21,1,4,14
5031,Boot,4906096989484685938,19,6,3,9
65,Piranha,14888921898770041925,23,5,2,8
19,Trout,3836889842266830031,17,5,1,11
5,Perch,6095742069042840633,20,6,2,2
76,Mola Mola Fish,13285542788707013611,31,9,6,5
4,Perch,1785569941154254734,20,6,2,10
43,Clownfish,17642804568899321259,20,5,3,16
5067,Pop-eyed goldfish,1345385051602118662,28,3,4,17
5,Perch,4178504818800456845,23,5,4,13
39,Snapperfish,9742548288221655177,25,3,1,7
69,Grouper,7716846887371422601,20,1,3,2
25,Catfish,5176073729323735801,18,3,2,1
79,Turtle,16423942858960404916,28,10,3,4
62,Barracuda,17867865738847868645,20,6,2,17
30,Herring,9629583433407663950,14,5,1,8
30,Herring,807188730690506559,19,1,2,4
22,Pufferfish,14646272085802644740,26,4,2,16
62,Barracuda,10418516407920927941,20,1,3,10
10,Sardine,17315489778924421184,25,3,4,18
53,Bluegill,2544037216562352226,20,6,4,6
62,Barracuda,5509631626740747119,24,1,2,4
23,Pufferfish,16049644635989697409,18,3,3,20
77,Turtle,15403859739483608927,12,1,3,9
43,Clownfish,11497354335032067635,22,5,3,4
7,Bass,10424508996094618580,18,1,3,7
74,Mola Mola Fish,6248412243017577812,18,6,2,4
22,Pufferfish,3647305496995910109,25,6,3,14
46,Eel,16395922824163996375,15,2,4,11
33,Cod,12906679129704482800,29,6,1,7
53,Bluegill,17485661872425912669,19,3,3,16
33,Cod,18338452889501227663,18,6,3,14
65,Piranha,211220360417947226,25,6,2,3
84,Crab,8065262738516916941,27,6,1,21
32,Cod,16274321464571486984,22,2,1,20
3,Tilpia,4182438198590762458,25,1,4,6
76,Mola Mola Fish,3352837307986368132,27,5,2,6
6,Perch,18290333763998253954,22,5,3,14
1,Tilapia,1670028925080353173,22,5,1,14
5031,Boot,2240534650733614069,13,2,4,12
5031,Boot,12133205899593308684,17,6,1,18
10,Sardine,11406984773683186439,23,6,1,10
74,Mola Mola Fish,10070677631334917082,20,5,3,7
16,Trout,2825525383078051072,16,1,4,19
7,Bass,544669997983724972,13,1,1,15
5,Perch,14585172098217223913,17,3,3,6
57,Spearfish,14547594021837070447,27,4,1,3
25,Catfish,11798578621305220962,20,5,2,10
28,Anchovy,3848202274779582914,15,6,3,20
36,Triple Tail,18298931255381851477,26,2,1,6
55,Spearfish,1015192176865363870,20,4,1,4
45,Clownfish,12202200354891846696,26,5,2,13
31,Cod,3444334505114034695,21,3,2,9
6,Perch,873911472555044264,19,4,2,8
10,Sardine,11673319233936554746,18,5,2,15
50,Damsel Fish,8332450257277251789,21,2,1,11
59,Salmon,15606298723468748347,20,4,1,16
95,Octopus,8178472278682481426,24,6,2,18
38,Snapper,11800263341631343604,18,5,2,18
30,Herring,13538475568814230919,14,2,2,12
11,Sardine,11172620205776403008,17,6,4,6
46,Eel,4424995971235792305,23,4,4,10
41,Anglerfish,12490046064358990757,21,2,1,9
62,Barracuda,672310541755678692,19,3,2,5
94,Lobster,6322227573416632151,28,3,1,8
19,Trout,8325237901906256059,19,4,4,9
100,Jellyfish,896980507744092021,21,7,3,2
55,Spearfish,49309564854980058,19,1,2,12
30,Herring,7294661557704133,19,3,2,8
50,Damsel Fish,18339697652943527974,15,3,3,4
43,Clownfish,16677920142031565189,24,4,1,11
32,Cod,9733965952466435453,18,6,4,10
17,Spot Fish,17044026539544172127,15,6,3,1
77,Turtle,5831528271422566003,26,4,3,12
31,Cod,10134546101558616008,21,6,2,20
82,Starfish,6657547868592657885,22,7,2,9
54,Redgill,4242569059108486488,21,4,3,5
81,Starfish,1510464088427188695,20,6,2,17
40,Anglerfish,2143542496601367069,18,6,4,20
10,Sardine,1309123918302985655,17,6,3,17
30,Herring,3605634638640374632,16,1,4,19
24,Pufferfish,4283549827949579716,28,2,1,3
55,Spearfish,14319792584438079233,26,4,3,5
79,Turtle,2485982537072490105,24,6,6,10
10,Sardine,14155998404805727841,13,6,1,5
29,Herring,5854373085123137281,17,1,3,1
47,Eel,12466410444634780038,13,1,2,12
30,Herring,15445723954890263569,21,2,3,1
28,Anchovy,1724263187103119011,18,1,3,18
78,Turtle,12047528949197308117,22,5,4,12
5059,Great white shark,11103210593554194389,26,2,4,4
62,Barracuda,4033716614257574121,22,1,4,15
28,Anchovy,8691690042153765082,24,4,2,13
7,Bass,5161010595160366631,22,1,2,8
32,Cod,8269252663504224391,15,6,1,20
22,Pufferfish,15074766375572022579,17,3,1,12
62,Barracuda,6706822385668435937,20,2,3,3
53,Bluegill,14755103392076018137,20,5,1,16
32,Cod,4230808831545869081,13,3,4,7
7,Bass,6526973577098655371,17,3,2,13
46,Eel,574997786763032492,18,6,4,5
17,Spot Fish,624242516070591608,24,3,4,7
84,Crab,9484799565106819900,21,5,3,10
3,Tilpia,4489316467850780459,16,2,1,2
22,Pufferfish,7425858262333447684,16,1,1,11
69,Grouper,9542422416583858559,13,3,2,7
6,Perch,7725531543635905911,30,2,1,12
81,Starfish,7547608773718752003,15,1,2,3
90,Seahorse,7477847392788678826,20,3,1,8
82,Starfish,12019982365628375625,23,7,2,18
32,Cod,9540429726448173685,22,3,3,11
44,Clownfish,17567519215191545271,20,2,2,7
5,Perch,8910192192272240849,19,4,1,13
68,Grouper,12182229987802447483,24,4,1,21
12,Sardine,13244937091082069187,30,6,4,15
55,Spearfish,5752285810819891358,16,2,2,19
55,Spearfish,6013444427864842811,17,2,1,11
84,Crab,7612216801692774761,27,4,4,5
11,Sardine,12811285749179125853,23,1,4,17
20,Trout,11139478367558260941,23,3,2,3
40,Anglerfish,7727128192237128439,17,1,3,20
89,Seahorse,17156042764470125500,23,5,4,5
3,Tilpia,5047247162633450160,24,6,1,9
10,Sardine,5251920940866750579,23,2,2,17
51,Damsel Fish,1404726449190479016,15,4,2,15
65,Piranha,9804908587156577522,24,3,2,10
28,Anchovy,11375704557460696570,20,1,4,3
53,Bluegill,14039723775436985209,18,3,3,4
94,Lobster,2962097997894112415,22,2,1,15
59,Salmon,6178575279255902211,25,2,3,12
1,Tilapia,17189309857349105610,20,4,4,11
62,Barracuda,13799846205477710263,18,3,1,13
8,Bass,16440814585130133244,20,2,3,14
63,Barracuda,17770214978509651621,36,3,2,14
71,Angel Fish,9707572953501802344,25,5,1,19
84,Crab,5151455692415806111,27,4,2,12
84,Crab,11391930606615951381,35,7,3,9
23,Pufferfish,16759934103628219056,18,1,4,1
93,Blue Lobster,13152893170847558764,30,4,1,19
56,Spearfish,6222366261567318848,23,4,2,17
53,Bluegill,2008731482156909669,24,5,4,10
69,Grouper,3492394027293846954,21,5,1,4
23,Pufferfish,16647923482982690668,19,2,2,6
17,Spot Fish,11222529299044514032,18,3,2,12
38,Snapper,9219335961206236390,15,1,4,14
5,Perch,16398400881256137768,22,4,4,20
10,Sardine,1913079591660099873,14,5,4,13
71,Angel Fish,8459141213228741291,21,3,2,1
19,Trout,14242129678482128885,16,4,4,9
53,Bluegill,3298922959351096430,19,2,3,1
36,Triple Tail,7529175388424761134,26,5,2,9
31,Cod,16781628205834699428,14,5,3,4
82,Starfish,3419871307272011067,22,5,3,8
81,Starfish,10637955302675391611,16,4,1,4
95,Octopus,454793193871487657,22,4,1,19
28,Anchovy,13429372970028764249,17,1,4,12
69,Grouper,16070600908792603960,24,2,2,12
26,Catfish,5413798030563357070,28,6,3,21
44,Clownfish,5231833703687612037,17,1,3,17
46,Eel,15035273424722954408,20,2,1,2
14,Sardine,15228031470628942628,22,4,4,5
1,Tilapia,10750723948043826000,13,4,4,8
38,Snapper,7346385630127630038,17,3,4,15
30,Herring,13182209711446037880,23,1,1,13
29,Herring,8800354225748995828,19,5,4,19
5031,Boot,14164395473614871065,13,4,3,2
71,Angel Fish,6615182373227384942,19,6,3,11
11,Sardine,14065866335464264072,23,2,2,13
28,Anchovy,724306717906830001,24,6,3,1
16,Trout,12627422054830213420,19,4,1,3
17,Spot Fish,11314013646940683603,21,4,4,20
28,Anchovy,11992222777045851330,22,2,2,20
74,Mola Mola Fish,2782680403690473623,22,2,1,5
45,Clownfish,12971807191052280970,27,7,2,11
21,Trout,11610344831256076508,25,4,1,20
62,Barracuda,4056195309407480295,26,3,1,13
8,Bass,6408991926288672978,17,2,1,15
1,Tilapia,9117356975838830931,23,5,1,18
89,Seahorse,4265525842451744232,21,4,4,14
79,Turtle,13598692731708332982,28,5,4,13
30,Herring,16040600477377440484,18,4,1,9
69,Grouper,18097413479036759343,20,4,2,11
48,Electric Eel,8499641960025430548,30,7,2,15
55,Spearfish,1108427455553077357,13,2,2,19
38,Snapper,11714710220659609369,22,4,3,7
11,Sardine,6087597813453121134,19,3,2,2
19,Trout,8461481854293896906,24,4,2,12
59,Salmon,5289089256063732335,21,4,2,15
32,Cod,2814375493538427553,20,5,3,10
29,Herring,15527145988259552957,14,2,2,6
94,Lobster,6893669475522240070,33,4,2,5
46,Eel,4031992324923671715,16,3,4,1
32,Cod,7985769387967894157,15,4,3,6
18,Trout,2447351435737101534,30,7,1,7
94,Lobster,839310508130385293,28,5,4,4
43,Clownfish,18121497200049669019,20,6,2,5
31,Cod,17326118243161771704,17,2,3,10
3,Tilpia,17882944662476443751,23,3,3,18
100,Jellyfish,8528390634564390045,27,7,4,19
41,Anglerfish,17945109044224478547,19,3,2,4
9,Bass,10323943878124199637,22,3,2,20
54,Redgill,11256192964009416376,22,6,4,17
59,Salmon,18140353109115415792,16,5,1,2
7,Bass,16411564472378732840,19,4,4,2
24,Pufferfish,8217168033351523942,27,5,4,3
28,Anchovy,3636690002797327319,19,1,1,18
43,Clownfish,5861009516946170333,17,5,2,19
50,Damsel Fish,16629010984489637378,17,1,2,7
76,Mola Mola Fish,16598434924615863179,22,3,6,9
20,Trout,5638773628873156545,26,3,2,11
74,Mola Mola Fish,2437577384732504087,26,4,1,16
41,Anglerfish,9096805972135711863,31,7,1,13
47,Eel,872376453416378984,23,3,3,13
69,Grouper,13004061676753993550,17,6,1,20
25,Catfish,14773599338563002049,19,2,2,10
15,Spotfish,9596729211240601424,29,2,1,12
5,Perch,3777067417868219116,24,3,3,10
32,Cod,15160777295176800798,17,2,2,14
15,Spotfish,9940366866585342069,29,3,4,4
41,Anglerfish,11499359697573683208,35,3,1,9
69,Grouper,2445349541038821265,13,6,1,2
1,Tilapia,2287269600829028495,15,6,3,17
57,Spearfish,2307387599552198060,21,6,1,20
71,Angel Fish,4307188434996466092,15,5,3,13
9,Bass,9340783597280898816,29,6,4,3
48,Electric Eel,9166273065415474537,29,7,3,18
79,Turtle,4925024607950468795,16,9,1,14
28,Anchovy,6686131860003345871,26,1,1,15
55,Spearfish,1922478758306556300,16,2,4,1
46,Eel,15542182981573633214,19,5,4,1
89,Seahorse,4149917910733757875,16,3,4,11
69,Grouper,16369399856987106376,22,3,1,8
69,Grouper,6042625350875750330,19,1,2,15
100,Jellyfish,13878631327021821164,26,7,3,7
72,Angelfish,2289550235676835199,26,3,4,3
17,Spot Fish,610284077254541671,20,2,4,1
41,Anglerfish,5326087472262461918,25,7,2,19
53,Bluegill,7793810102970256115,13,5,2,16
65,Piranha,5546486892311506532,23,2,2,20
76,Mola Mola Fish,13647446519429460346,29,10,5,19
13,Sardine,15175581563738542097,21,6,2,5
11,Sardine,16835729008206885801,16,1,1,7
7,Bass,2884483723405329492,19,5,1,12
23,Pufferfish,3270393919294774039,19,2,4,8
16,Trout,12407943620907834877,22,6,3,16
81,Starfish,2481664960061155417,12,5,3,8
71,Angel Fish,7080760261164295930,13,5,4,4
22,Pufferfish,15850836809537794511,15,6,4,18
5031,Boot,15036214784581003886,17,1,2,4
69,Grouper,15308596692208466175,12,6,1,12
51,Damsel Fish,4715048100711421469,29,4,4,15
62,Barracuda,6235264517478889234,20,4,4,1
23,Pufferfish,13373783383289181210,19,3,4,4
13,Sardine,13484945316440644289,20,1,2,16
54,Redgill,5952207494563748161,29,4,2,2
9,Bass,13352037691768729142,29,7,3,9
25,Catfish,10305163482925988800,17,5,1,12
89,Seahorse,2684639289093736551,19,4,2,12
28,Anchovy,17499979396110213254,24,3,3,4
63,Barracuda,938894994687798148,27,4,3,13
90,Seahorse,7705019610579769731,31,2,4,9
5067,Pop-eyed goldfish,16965845744017428276,25,6,4,8
5031,Boot,95500497400458621,17,5,2,9
89,Seahorse,9103012948702346057,20,2,3,10
27,Catfish,13920717823646881835,30,6,2,18
46,Eel,6776320934460569175,22,6,4,6
55,Spearfish,18335348504695029414,21,1,4,17
40,Anglerfish,9478169581499819759,16,1,1,1
39,Snapperfish,2418227423795219056,34,7,4,5
11,Sardine,9148916940428585311,18,3,4,2
23,Pufferfish,6375817702355884276,23,1,1,19
35,Triple Tail,17397783237100858649,24,6,2,14
75,Mola Mola Fish,16883970014937021471,28,2,1,6
22,Pufferfish,6744680953236525449,19,5,3,1
84,Crab,17290919267500259662,28,2,3,21
45,Clownfish,18157273586261938371,23,5,1,12
1,Tilapia,2172381096985916480,19,4,2,6
69,Grouper,7982302806069685489,26,1,2,9
16,Trout,2908687834422731321,18,4,2,10
71,Angel Fish,9165649750352352536,18,2,4,6
19,Trout,16777693174755377696,13,4,2,6
16,Trout,17518371932763328775,18,4,1,3
32,Cod,14640585538885195767,16,3,1,17
5059,Great white shark,14500140226472160576,22,3,3,3
10,Sardine,16648631740207934234,24,4,2,6
1,Tilapia,12773942708748368281,17,4,2,2
3,Tilpia,2696294451174351804,22,3,1,4
28,Anchovy,1738633412473027122,22,6,4,6
59,Salmon,18288903879017301395,22,6,2,5
50,Damsel Fish,16099751964240805910,19,6,4,8
23,Pufferfish,13113370493511794120,25,2,3,14
25,Catfish,8301461560726466301,12,1,2,20
17,Spot Fish,8877705546516941903,22,1,4,10
4,Perch,4553675666357301659,12,4,4,3
31,Cod,15985521069601060007,20,2,4,16
14,Sardine,325152968763383919,17,4,1,17
60,Green Salmon,838831044227084189,26,7,1,7
38,Snapper,7287838789839748370,15,6,1,19
28,Anchovy,7490598880765932181,21,6,1,10
59,Salmon,10986108744903713757,19,6,1,11
90,Seahorse,3719302667334433055,27,4,1,13
1,Tilapia,15442623291416168083,19,6,1,10
53,Bluegill,6609515654923114523,20,6,3,12
17,Spot Fish,5173616496274368430,18,6,3,16
46,Eel,5009728268914875709,23,6,1,14
19,Trout,14773051408334424428,20,5,3,4
13,Sardine,7996769361568065946,18,2,2,20
11,Sardine,1509101821802958374,24,6,3,5
23,Pufferfish,17744157683417919992,18,5,1,12
4,Perch,13121392890200706693,21,1,2,8
21,Trout,3002973786595281773,27,5,1,12
68,Grouper,9919905101098540410,22,6,4,20
5059,Great white shark,1281062147917070066,34,3,4,19
79,Turtle,6325245552648597133,27,8,2,21
90,Seahorse,11189157191389779924,26,3,2,18
47,Eel,7897069636918690290,24,2,1,1
79,Turtle,11832125934805063565,29,4,5,13
32,Cod,13919762059203201924,18,3,3,7
30,Herring,14745050645953715555,15,1,4,12
19,Trout,14188908154224304529,22,2,3,10
22,Pufferfish,14216699733556541607,18,6,1,16
60,Green Salmon,5826584675795618998,14,4,4,19
89,Seahorse,18329640203782514007,17,1,1,15
10,Sardine,3043132250097782117,19,3,3,1
47,Eel,5097351082825618794,25,3,2,11
55,Spearfish,7634772904202061376,18,3,2,2
11,Sardine,7444646480462986145,14,5,2,18
76,Mola Mola Fish,14666613037767765252,24,8,5,16
55,Spearfish,12759610394695074998,18,5,1,15
38,Snapper,15005764656635359992,18,5,3,13
5012,Red Handfish,10035324214689351176,24,6,6,16
8,Bass,1009704318945710466,19,5,2,5
53,Bluegill,4482700289401485914,24,2,1,15
40,Anglerfish,690956283073528982,20,2,2,1
77,Turtle,5401249767758233344,19,1,3,12
16,Trout,5307207834192465750,16,2,4,13
19,Trout,5295556977184477903,15,1,2,10
45,Clownfish,12522429435973381850,19,4,3,15
74,Mola Mola Fish,9322613570906438072,21,5,3,14
35,Triple Tail,6378477291459346992,23,7,4,9
25,Catfish,1625923782709885285,17,1,4,19
16,Trout,14038476296477110957,17,3,1,6
25,Catfish,1255609721255956267,17,4,2,9
65,Piranha,3783278222110032660,16,3,1,18
11,Sardine,1905259970622959303,22,1,2,3
75,Mola Mola Fish,7988184671977960956,20,2,4,4
30,Herring,16704113739724255070,14,5,3,19
53,Bluegill,11240448635803421434,17,3,3,3
13,Sardine,7378052659120602989,18,3,4,13
31,Cod,17074887821156250105,17,3,3,13
17,Spot Fish,1997709583785957856,17,4,3,6
29,Herring,2584215925766691917,24,5,1,9
69,Grouper,9129682499645871830,24,5,1,8
24,Pufferfish,1010073102842921383,19,4,3,10
47,Eel,9184477102340487671,21,5,1,19
44,Clownfish,15907158112797099115,20,1,2,6
17,Spot Fish,1261992184813907003,26,3,1,20
13,Sardine,5929418853162613313,17,6,1,8
3,Tilpia,17151764477621771725,15,4,3,12
76,Mola Mola Fish,12848749990703520845,28,6,4,3
35,Triple Tail,11441201076833921885,20,2,3,10
74,Mola Mola Fish,15343779950712663838,12,6,4,18
87,Shrimp,7751000924345295650,30,5,1,10
62,Barracuda,10125671572753815195,23,5,2,17
47,Eel,2681735492759117445,21,4,1,19
28,Anchovy,11385495754358089927,15,3,1,11
79,Turtle,9317046113362462324,24,6,4,10
60,Green Salmon,8069555119377252084,20,3,2,19
7,Bass,527637139058799436,23,4,2,15
18,Trout,7866192225351482545,24,6,2,20
35,Triple Tail,12907979340953343357,30,5,1,5
59,Salmon,9333523149175715223,15,3,1,7
30,Herring,12388024280964673973,14,6,3,14
72,Angelfish,6773602147521634957,21,7,1,10
5,Perch,3636921266239790287,25,3,3,16
100,Jellyfish,11905405806487212247,19,5,1,14
10,Sardine,6062003284994924147,16,2,2,13
41,Anglerfish,5935451218139888816,19,7,1,7
5013,Sakhalin sturgeon,6867214449572477652,27,4,6,5
3,Tilpia,9579598544059509627,17,1,4,9
11,Sardine,10562427288260325694,17,1,1,18
81,Starfish,13448680813622115471,17,2,4,15
53,Bluegill,11390327360578667065,23,1,4,15
32,Cod,3365581724861626539,25,5,3,6
21,Trout,2517745824306197560,23,7,2,21
40,Anglerfish,10576821095639672766,14,3,1,8
28,Anchovy,7953845608971774938,18,4,3,16
69,Grouper,744389235896291683,22,3,3,20
10,Sardine,42562601512128356,12,3,4,9
65,Piranha,2743702267574902056,21,4,4,15
76,Mola Mola Fish,4057828297589614569,22,9,5,14
50,Damsel Fish,7615333269088458942,24,6,1,18
76,Mola Mola Fish,8582965747357037181,26,8,6,21
38,Snapper,2102179646549607290,20,6,1,4
1,Tilapia,11324454371636245813,22,2,3,16
11,Sardine,11561939889230509214,23,3,4,7
17,Spot Fish,3647077819659388794,12,4,4,12
13,Sardine,13350238114824707392,15,4,3,3
6,Perch,10392198136632217915,22,2,1,2
23,Pufferfish,6067219718236763484,18,2,4,2
18,Trout,678532462353888456,32,3,4,12
4,Perch,6666737005403568616,23,3,4,4
8,Bass,5486202370925402030,15,3,3,7
69,Grouper,14737142459991414157,20,2,4,3
77,Turtle,12977265729678960371,23,3,3,16
5059,Great white shark,308479089883481072,28,3,1,12
25,Catfish,6633036835938889355,13,2,4,3
5031,Boot,8271834371613540986,24,1,2,19
23,Pufferfish,13544828983413956335,20,3,4,4
1,Tilapia,8632120668259538128,26,1,3,18
69,Grouper,18037796507008321676,14,1,1,14
39,Snapperfish,8336049735122248158,32,3,1,11
44,Clownfish,18264046810219420263,22,1,3,20
89,Seahorse,3560154286661829430,18,5,3,4
28,Anchovy,15445176316400692519,18,1,3,4
16,Trout,6538595450108279654,19,5,2,18
50,Damsel Fish,5842202743315776060,19,5,1,10
19,Trout,14138760826253311804,22,4,2,17
31,Cod,7272837199505709993,19,1,3,3
93,Blue Lobster,4040690061437831006,18,2,2,5
71,Angel Fish,15587175513862256163,15,2,2,10
28,Anchovy,13313090458539178551,17,1,3,6
34,Triple Tail,4417125038861512820,22,4,2,17
54,Redgill,5552026661985113133,24,2,4,3
16,Trout,5862407839391196019,12,5,2,17
1,Tilapia,1443435995927458924,15,3,3,20
55,Spearfish,7896792281624388234,18,3,1,1
43,Clownfish,17966653380338486196,15,2,3,16
35,Triple Tail,17383684778119395081,29,5,3,9
16,Trout,8256829002041370275,15,5,1,11
11,Sardine,439609904141081839,20,5,2,7
23,Pufferfish,4995430926877120252,20,4,3,18
79,Turtle,2472419809602517172,18,5,3,11
27,Catfish,15661495543824885680,25,6,1,20
37,Snapper,16233608877655683470,22,6,3,8
21,Trout,14166459656913124360,21,6,3,20
53,Bluegill,16684474062875809106,20,4,1,4
72,Angelfish,16336521907502979479,20,5,2,18
19,Trout,5232360513958303917,24,5,3,11
59,Salmon,7852656718992878249,17,5,3,12
55,Spearfish,10533952535131735703,26,3,3,18
48,Electric Eel,17411812812451634418,19,7,3,9
63,Barracuda,7934647695497729000,27,3,4,15
71,Angel Fish,12054251019349611393,23,3,1,6
79,Turtle,7219216891667650465,24,9,5,5
8,Bass,13840602240223744187,17,2,2,10
71,Angel Fish,17430287639992098134,15,6,3,6
10,Sardine,15561051148192712464,18,3,3,2
13,Sardine,864718886897617216,12,1,2,10
39,Snapperfish,8324494363828305029,31,7,3,19
7,Bass,16821717207443287246,17,6,4,6
77,Turtle,3068132740782985322,21,3,3,12
37,Snapper,2105558213246996178,23,6,1,10
8,Bass,1191848514669038884,19,4,4,7
65,Piranha,8530178119896719533,18,6,2,11
69,Grouper,13981180395735383363,21,6,2,16
34,Triple Tail,14590584370066063832,13,6,1,18
54,Redgill,6133623530235953420,29,3,1,9
13,Sardine,3484125244821378870,20,2,2,19
38,Snapper,9211589141306972568,18,1,3,20
19,Trout,8813893388105348442,21,1,4,10
25,Catfish,12809758578456219001,18,3,2,5
82,Starfish,3386292795162979430,28,4,3,6
3,Tilpia,4586519771849190942,13,5,3,11
14,Sardine,13162867016484855750,23,2,4,14
50,Damsel Fish,15409569909075369235,19,3,3,15
11,Sardine,10107092927952393421,13,6,3,5
55,Spearfish,17323980045681714637,15,2,2,8
23,Pufferfish,800832998122044438,17,1,2,5
3,Tilpia,16082663910710873297,25,1,4,13
32,Cod,6338327204638696901,20,4,1,12
20,Trout,4737905614138566646,27,2,4,9
75,Mola Mola Fish,6770686685276746419,26,6,2,4
60,Green Salmon,10260756611981035448,30,6,3,17
79,Turtle,1700312451539878447,31,5,4,17
22,Pufferfish,11489570059906973402,18,5,1,2
7,Bass,10211598132264687252,22,6,1,11
1,Tilapia,11775630484996386853,18,2,1,11
46,Eel,11629200601680311996,19,4,4,8
39,Snapperfish,16798090050918601875,27,4,2,13
4,Perch,1940673005125814487,18,1,2,6
4,Perch,2499634084365732795,21,4,4,1
7,Bass,12434310991418825351,23,1,3,3
43,Clownfish,4133883635678829831,19,6,4,2
34,Triple Tail,17151006590242187326,20,4,4,16
8,Bass,2601806880627695147,21,3,2,12
54,Redgill,12903483862961380489,33,6,2,18
87,Shrimp,10458167561768752879,26,3,3,9
29,Herring,16403628522097064786,21,1,3,1
28,Anchovy,12249332800613683195,14,5,1,14
30,Herring,9915807645808853731,19,6,3,8
40,Anglerfish,9213536795618724167,19,1,4,6
5031,Boot,8166556705216032812,19,1,4,10
21,Trout,11713163603757531298,27,5,3,8
13,Sardine,8636811529727100768,14,3,1,10
13,Sardine,11887514143087075876,17,3,2,14
1,Tilapia,2908731268473479676,21,4,1,20
84,Crab,7333693372299799875,25,5,4,11
74,Mola Mola Fish,2342024145460388127,19,5,2,7
38,Snapper,1568698589740865361,18,4,3,19
69,Grouper,7684405031142833102,18,3,2,20
34,Triple Tail,1574384892226002874,13,2,1,6
78,Turtle,11573624435753862202,19,4,4,21
50,Damsel Fish,12998092538423054464,26,1,1,6
84,Crab,10787651704981870109,26,5,4,15
10,Sardine,15608198432710384703,18,5,1,15
9,Bass,1580335058504666964,23,5,2,8
5031,Boot,4137172447278809191,15,2,2,16
54,Redgill,8438363989147509864,23,3,3,17
50,Damsel Fish,16081238634566824070,24,4,1,9
7,Bass,17393948024037712836,19,4,2,2
13,Sardine,474172724380239298,22,4,3,1
19,Trout,12097217338309702438,22,1,2,16
23,Pufferfish,10958700542344819580,17,6,4,15
11,Sardine,10777149845094466304,19,3,3,5
31,Cod,6249946311679976166,18,4,2,14
22,Pufferfish,12780375085147704180,18,2,3,14
15,Spotfish,18107560548886644004,24,6,3,3
3,Tilpia,14040561798799664533,21,2,2,5
13,Sardine,15693209063338058251,19,2,3,4
22,Pufferfish,5935959036478106469,13,6,1,18
90,Seahorse,5814076144664747936,24,2,2,11
25,Catfish,14665070287138323423,18,2,2,20
38,Snapper,4129420104716644695,17,3,1,2
25,Catfish,13304552898066957513,18,5,4,9
79,Turtle,3430746213615198909,35,6,2,4
25,Catfish,11449515046227570062,26,3,1,6
69,Grouper,12651486918624375389,17,5,2,19
23,Pufferfish,7141633615717601252,22,4,1,3
5,Perch,8912606363517354944,16,3,4,7
45,Clownfish,4262104534815712796,29,5,1,16
17,Spot Fish,7033766072115373006,17,3,4,14
1,Tilapia,1627546503613348360,22,4,3,15
29,Herring,1104989743733756572,22,1,4,18
46,Eel,16418534486957443415,17,6,2,18
28,Anchovy,4912214578035905946,16,2,1,2
93,Blue Lobster,4588505626789640727,26,3,3,8
17,Spot Fish,7807527580241745862,20,4,1,2
25,Catfish,12166965129712591523,18,1,4,2
62,Barracuda,12721869894191911310,18,1,1,9
43,Clownfish,16995855530827764989,21,6,1,19
5,Perch,13916952736954940019,23,3,2,16
22,Pufferfish,1851219827316437118,19,4,2,8
59,Salmon,10762316557378132823,21,1,3,4
57,Spearfish,12931644722961047845,19,4,1,7
5059,Great white shark,14281472553095122739,22,7,3,14
10,Sardine,12178594832357529038,21,6,1,12
14,Sardine,1269586955327583664,16,6,1,15
14,Sardine,8612948543101847977,20,1,3,12
31,Cod,6497149730273062241,22,6,2,2
7,Bass,14504469988894773951,19,2,1,17
1,Tilapia,5216177323126768162,15,1,2,9
32,Cod,686610680440881377,23,3,2,12
36,Triple Tail,14919584299130207152,23,3,1,20
13,Sardine,4844410205469599069,19,6,2,3
89,Seahorse,16831838628793007424,22,4,4,18
32,Cod,1806125657007519638,25,5,2,7
36,Triple Tail,16741930739059163340,29,5,1,3
50,Damsel Fish,8190197575277178285,19,1,4,7
31,Cod,3008712023472899565,20,6,1,8
17,Spot Fish,8567089615243115111,23,2,2,9
34,Triple Tail,14334749147347989289,19,1,4,10
20,Trout,8601577618418358488,26,7,3,9
4,Perch,7890695501769497943,19,3,3,19
37,Snapper,14317120336562836243,20,6,3,6
28,Anchovy,18017783692379500,24,5,3,11
82,Starfish,13131135392807163262,23,4,3,21
7,Bass,2757251863623348421,18,1,4,12
40,Anglerfish,10419792478787302257,22,5,3,16
23,Pufferfish,17243019396674997309,15,2,3,11
8,Bass,11579378063213614820,20,2,4,5
40,Anglerfish,18287375129952992186,19,4,2,15
60,Green Salmon,3442003945272671212,25,4,4,17
22,Pufferfish,14276352998153848708,15,6,3,4
14,Sardine,2052801873237316489,15,3,4,5
37,Snapper,7789777716881195075,15,3,3,7
5026,GamerPieJess fish,12224133698108651565,27,2,3,14
1,Tilapia,17645108596755538068,22,3,1,17
55,Spearfish,13856147083804908928,17,6,2,13
81,Starfish,3659240316547627273,14,5,1,17
8,Bass,424633784940020979,19,3,1,14
31,Cod,69004345962544843,23,2,2,19
16,Trout,18130942228644424490,15,4,3,7
50,Damsel Fish,15883873388514658750,19,3,3,16
35,Triple Tail,1214757299148603666,24,5,4,7
59,Salmon,10357052392085653276,16,4,4,12
41,Anglerfish,6310434161276016015,23,4,1,5
38,Snapper,4171623307162195570,15,2,1,19
53,Bluegill,18014073568937346966,18,3,4,9
31,Cod,8800717805725592843,20,6,3,17
34,Triple Tail,6004102060364213010,22,6,2,1
44,Clownfish,10962289510777713382,22,2,4,1
51,Damsel Fish,17650656946200481985,25,7,1,19
5031,Boot,16219521257665055792,16,3,1,14
23,Pufferfish,13017650306248665158,20,1,1,18
38,Snapper,2743705158769529914,17,6,3,1
74,Mola Mola Fish,1061142200367409462,15,6,4,10
45,Clownfish,9501108756952851255,26,2,3,5
79,Turtle,8430046630615105061,30,10,2,8
28,Anchovy,11002765094136614239,15,2,2,7
25,Catfish,14046519920496648229,18,1,1,20
29,Herring,1554741393160983579,16,2,4,3
1,Tilapia,10182296219678092405,15,1,2,14
11,Sardine,10958770691640930576,17,4,1,1
30,Herring,15763336119634791945,20,4,2,18
25,Catfish,1424777963016837867,22,4,2,16
68,Grouper,378366134393470266,19,4,3,17
69,Grouper,11918115691462992380,16,6,3,11
71,Angel Fish,12832292658990219777,17,3,2,11
47,Eel,7376049695842245167,15,2,1,7
5,Perch,4663107538134676597,17,3,4,1
65,Piranha,6986951052947771588,20,1,1,7
19,Trout,16102046809460614894,15,5,4,13
26,Catfish,3166793938835509958,30,6,1,4
63,Barracuda,15845222724824527940,18,6,4,9
10,Sardine,13962686206208412912,22,6,1,1
79,Turtle,6509599083712512066,31,5,6,21
19,Trout,11123460430775776913,23,6,3,12
40,Anglerfish,8494372319107066485,18,1,3,6
56,Spearfish,305479163849311644,30,4,1,21
47,Eel,17191222473591397123,19,4,1,9
3,Tilpia,18274313230379411760,17,1,4,14
71,Angel Fish,12591418191637050063,17,1,1,4
28,Anchovy,9661969881367825121,21,1,1,5
5067,Pop-eyed goldfish,1062532274411804857,16,7,1,17
5049,Axolotl,12393352294977325827,26,9,4,4
46,Eel,11780353197521815684,23,4,2,3
12,Sardine,8711045475766288134,21,2,3,3
50,Damsel Fish,9524133872029905341,16,6,1,14
84,Crab,13891575618586077541,27,7,3,7
46,Eel,10251016465398419100,18,4,3,10
11,Sardine,303062935126965729,15,1,4,20
21,Trout,7837615856164942142,18,7,1,21
22,Pufferfish,2702056080254702388,22,3,3,7
38,Snapper,14188502125274160838,17,2,3,10
32,Cod,8243915617822391208,20,5,1,13
3,Tilpia,17389421453572939774,20,1,3,19
17,Spot Fish,11606279913240068321,20,3,2,15
28,Anchovy,1424283171782475083,25,3,4,19
69,Grouper,13243689193885570760,22,3,4,7
24,Pufferfish,3290912486704447932,18,5,4,10
7,Bass,18341079902702752097,24,5,3,10
30,Herring,8218710473882215612,21,5,3,2
75,Mola Mola Fish,9423099282276849428,35,7,4,3
51,Damsel Fish,7935208562148262051,28,6,1,7
25,Catfish,12116676272878139979,19,4,4,12
47,Eel,9557272499727315616,23,2,4,6
26,Catfish,2524990841085938127,22,2,1,10
11,Sardine,18246481470794551428,21,2,1,14
29,Herring,13948543422807764916,20,5,4,19
25,Catfish,1099702018788019661,19,3,4,7
5,Perch,12429560444468908525,19,2,4,19
54,Redgill,6092230138478120063,16,6,1,11
87,Shrimp,2045354530404039603,28,5,4,8
55,Spearfish,3109532679626468723,19,2,1,3
53,Bluegill,12361151499497633337,21,4,2,19
51,Damsel Fish,6316826166034116201,25,3,4,11
53,Bluegill,169282678254897067,21,1,3,8
97,Golden Takoyaki,1540993255139070067,32,5,6,12
5031,Boot,1353292651219182421,20,5,4,9
71,Angel Fish,5413468564812167646,16,2,3,14
33,Cod,14506812518912738700,15,7,1,6
54,Redgill,16939097061078004902,31,5,4,17
1,Tilapia,3878281324463772620,21,6,2,20
30,Herring,1456182414754476957,16,1,4,11
13,Sardine,2076977734713439776,18,2,1,17
13,Sardine,12685755912962986881,18,2,2,7
81,Starfish,15855889317989401741,21,2,1,4
5031,Boot,11176451099991912930,17,4,3,1
78,Turtle,11376864892417405240,24,6,2,14
23,Pufferfish,14369274232130123674,24,4,4,17
1,Tilapia,3915018168641862349,16,2,2,1
11,Sardine,4583897320991033036,15,2,3,4
32,Cod,7444449905529317282,18,1,2,4
5031,Boot,12084957155294792180,20,5,3,6
13,Sardine,3967015703269381198,20,3,4,9
59,Salmon,17921386374636002907,18,4,3,18
59,Salmon,11469753358044712023,26,6,2,11
9,Bass,4048300769277907368,26,6,4,21
32,Cod,10240127990780727462,19,6,3,4
72,Angelfish,7397813019863658525,25,5,1,10
44,Clownfish,3300953159752657298,15,5,3,15
45,Clownfish,9543902603091995660,27,6,3,14
5010,Blahaj,12929943818553110149,36,6,6,9
5013,Sakhalin sturgeon,1310408532401734562,34,5,6,7
10,Sardine,3876205639368411126,16,5,4,20
40,Anglerfish,11456521876785594705,20,3,4,4
47,Eel,6262356531737022773,12,5,4,17
5,Perch,12343648999948627444,18,1,4,8
14,Sardine,1634813843665986623,13,4,4,3
63,Barracuda,9364806436073699314,27,4,4,19
38,Snapper,10655089296732267041,17,6,1,4
3,Tilpia,16516163842261003938,17,3,3,19
16,Trout,11076450454463881493,20,4,4,14
45,Clownfish,6505822493595594582,17,2,4,11
74,Mola Mola Fish,5477926222798678895,24,4,4,19
1,Tilapia,4830957014275893147,19,6,4,3
19,Trout,16001437265083181677,13,3,4,9
38,Snapper,5197141312384755395,22,4,2,2
5,Perch,10515346110572726969,19,2,3,11
55,Spearfish,2640513897325787363,20,5,1,5
5031,Boot,1838665336945893907,26,4,4,7
94,Lobster,6564195554455475897,21,4,4,17
28,Anchovy,6112926830363537413,24,4,1,9
14,Sardine,16107792335149466783,19,3,3,8
74,Mola Mola Fish,18001590667714056960,15,2,1,11
81,Starfish,9859737382827201670,22,6,2,7
89,Seahorse,12314504403702318325,22,1,2,8
5012,Red Handfish,153079616824896673,35,6,6,9
21,Trout,11444457857366637074,31,5,2,21
63,Barracuda,11874687028896016956,21,6,2,3
4,Perch,14501598297659034754,23,6,1,19
28,Anchovy,7167155006157710625,21,2,3,12
34,Triple Tail,16433589614118942125,20,1,4,6
16,Trout,7128418143466428218,20,6,2,4
4,Perch,5797891504496672360,20,5,4,20
28,Anchovy,3114421932735041913,17,6,4,1
37,Snapper,1790834819159562903,20,5,2,14
13,Sardine,147479136173162800,15,1,2,13
15,Spotfish,6983486301986119836,28,5,2,6
59,Salmon,11901846631442886288,22,3,4,7
74,Mola Mola Fish,16025927754588664381,17,4,2,17
23,Pufferfish,10947722661464772118,13,3,3,18
34,Triple Tail,3423339023698559873,18,1,4,11
59,Salmon,2290173825842908192,22,1,3,1
32,Cod,17984911691116933522,23,2,3,5
28,Anchovy,731786592098841528,17,4,3,17
28,Anchovy,15424965398482935585,16,2,3,20
37,Snapper,5024651650730078072,19,5,2,8
50,Damsel Fish,6391818866751795352,13,2,2,20
32,Cod,4609384397141367550,13,3,4,13
14,Sardine,2595063803621871855,18,1,4,11
55,Spearfish,16064224852378321997,18,6,4,3
100,Jellyfish,10721829236786849763,29,2,3,10
5031,Boot,4179766594772242381,13,6,2,15
76,Mola Mola Fish,10836885979181968544,25,3,5,7
69,Grouper,10633711009576075390,13,2,1,5
37,Snapper,10208040304308060462,18,2,3,11
8,Bass,14361028537136203031,24,6,1,6
25,Catfish,5678895591323706790,15,4,1,19
84,Crab,3388396302395988079,20,4,4,19
27,Catfish,8878835326443417513,26,7,4,14
89,Seahorse,5141766032959518935,18,2,4,8
93,Blue Lobster,6611412381086086069,24,2,4,5
37,Snapper,15496658530910371855,18,5,1,12
38,Snapper,11092824439504473361,20,6,3,18
47,Eel,8319507065632272833,21,6,4,12
46,Eel,4419105376251314590,20,1,1,12
44,Clownfish,8162745607448230452,20,1,4,11
16,Trout,6102465043996084240,14,2,2,4
74,Mola Mola Fish,11835331282015578788,18,4,3,16
5067,Pop-eyed goldfish,17079979602842620318,32,4,1,21
72,Angelfish,4083978903345998339,20,6,4,13
5049,Axolotl,4193143083186457150,27,7,2,10
76,Mola Mola Fish,8530957597100494132,24,4,3,10
5049,Axolotl,7233579904430863255,21,8,4,11
38,Snapper,10527310284127018617,15,4,2,11
22,Pufferfish,9587560580091065796,12,4,1,4
10,Sardine,10274131122300749496,20,3,4,13
4,Perch,883101445291978014,20,5,3,11
30,Herring,15719616608794026574,18,4,4,18
28,Anchovy,6004418797190659985,20,5,4,16
38,Snapper,4248298461650159683,21,6,1,6
25,Catfish,11015268325946403445,23,1,3,8
55,Spearfish,17071471874984301008,17,4,4,4
59,Salmon,2965089336344438104,15,1,4,15
17,Spot Fish,242099529317747120,14,4,1,14
8,Bass,10304962278874504532,19,6,1,20
37,Snapper,10082555557347255468,24,2,2,10
11,Sardine,11673850843218164886,23,2,4,8
62,Barracuda,9914056882735881453,21,3,1,18
7,Bass,1629228122785110864,25,4,3,16
37,Snapper,2534249054328046737,20,6,4,13
4,Perch,12581987313738187452,19,3,4,2
38,Snapper,9494274710384865331,15,3,3,19
8,Bass,5964417632202234856,21,3,4,20
5067,Pop-eyed goldfish,16001134015612094883,25,6,1,4
5,Perch,15063202681318064635,19,4,1,3
11,Sardine,17086400930892648568,25,3,4,12
32,Cod,237906637388481864,16,4,1,4
32,Cod,8650218071266495933,25,4,1,19
16,Trout,4023431750772082965,22,3,4,8
7,Bass,15077437069909223423,20,3,4,12
51,Damsel Fish,8033474375104018365,26,5,3,6
5010,Blahaj,16093908235259457073,31,4,6,14
43,Clownfish,9695494961733847553,19,1,4,15
40,Anglerfish,4555614400659472516,24,5,1,19
10,Sardine,10910070931944154659,16,4,2,17
60,Green Salmon,732584957440930205,24,7,4,11
5031,Boot,15282477570401041259,13,1,1,6
19,Trout,6152472678210817669,20,3,4,13
5012,Red Handfish,15011313533076667083,29,7,6,14
29,Herring,10743102188067202143,15,3,1,15
5031,Boot,11186077175879835464,23,5,1,8
34,Triple Tail,9270890391229450197,19,2,4,9
36,Triple Tail,2183888918686920253,28,6,2,2
53,Bluegill,12983669706854949470,25,4,3,16
8,Bass,5336835283171812816,14,5,1,14
50,Damsel Fish,17464656438397890756,22,4,1,11
79,Turtle,11805875274769996309,26,10,4,9
45,Clownfish,5042116971148943942,34,2,4,21
5049,Axolotl,16718785555691539948,24,10,4,19
3,Tilpia,10461796571601367644,12,6,1,10
100,Jellyfish,15820052471020626019,26,4,2,12
68,Grouper,10378958577750629737,29,4,1,11
43,Clownfish,10103261661442281829,23,3,1,4
5026,GamerPieJess fish,796291510160144131,26,7,2,19
65,Piranha,14603012988803496192,23,1,4,9
28,Anchovy,12695894388497174003,17,2,2,3
12,Sardine,15732179736984272884,29,4,1,17
26,Catfish,18403521159927162883,25,3,3,12
30,Herring,7850968718713825711,26,1,4,5
5,Perch,8373459943249891900,16,3,3,7
37,Snapper,2825269576444786779,20,1,1,19
4,Perch,9527758787061756310,19,4,4,3
29,Herring,4720801911473238409,17,5,4,6
28,Anchovy,3883212763865460091,25,2,3,13
25,Catfish,12613499330099583247,22,2,1,15
35,Triple Tail,17763927402081656702,17,6,3,21
20,Trout,9470861909243533385,27,7,4,10
26,Catfish,4505992496697012763,23,6,1,13
50,Damsel Fish,7480159502047706971,20,4,3,18
4,Perch,11204686386031251892,16,3,4,11
74,Mola Mola Fish,8000289498400802795,23,2,2,5
5067,Pop-eyed goldfish,168215452947751184,17,7,3,17
30,Herring,16882126249990772832,18,1,1,14
41,Anglerfish,8126817687570368566,24,4,1,10
7,Bass,4085342076175088412,14,3,4,13
7,Bass,625626801843859908,13,2,3,15
32,Cod,14977612959136174576,26,6,1,16
28,Anchovy,8556383372727208897,21,1,2,18
5067,Pop-eyed goldfish,624228394494969333,20,2,4,21
32,Cod,17549102721571397185,19,1,3,15
11,Sardine,8499540293593215930,17,1,1,12
29,Herring,18411145389045074365,18,4,2,1
25,Catfish,5743895301917466302,23,2,2,14
68,Grouper,14822714088726664586,29,3,1,13
15,Spotfish,9800586548832305388,27,3,1,10
20,Trout,14807911305558585523,34,7,3,4
53,Bluegill,11080836668590320062,21,1,4,13
89,Seahorse,8648737445245401595,14,2,2,13
32,Cod,6122912455978476967,18,2,4,6
47,Eel,4635826700489444667,21,6,2,11
17,Spot Fish,12499382566367788363,24,3,3,10
59,Salmon,8565088917709984029,18,3,3,17
25,Catfish,7602207107088861425,19,5,4,14
59,Salmon,8349513482343942604,14,2,1,10
13,Sardine,6531057979420341109,13,1,2,6
28,Anchovy,14732638475847192696,14,1,4,20
4,Perch,5019117712880711238,17,3,2,10
89,Seahorse,13779468884561685362,15,5,1,17
60,Green Salmon,144210911472683129,34,4,1,7
43,Clownfish,6829047286748399380,20,2,1,3
53,Bluegill,13868982591915460407,18,3,4,18
37,Snapper,2372280310185219269,21,4,2,9
25,Catfish,5371300633871500200,17,5,1,5
4,Perch,10893380790237456564,15,6,4,15
37,Snapper,12276423530685718392,20,4,4,20
77,Turtle,10858188485735795242,21,4,2,9
5,Perch,1831960103770085824,15,2,4,16
19,Trout,13193583702606176531,22,6,3,13
3,Tilpia,16910692580590069996,24,4,2,20
22,Pufferfish,3466042122696235286,18,4,2,16
89,Seahorse,2822697708851049602,23,6,4,17
23,Pufferfish,10505897660200427812,19,3,2,18
65,Piranha,7060300410130193702,20,2,4,4
31,Cod,17488145964796542042,24,2,4,10
23,Pufferfish,7562531273795918537,14,4,4,18
53,Bluegill,17255449082270475478,23,5,3,4
28,Anchovy,7650193899264176207,15,4,2,15
59,Salmon,7332505200669513616,21,4,2,8
32,Cod,2680043150581771969,18,3,2,16
14,Sardine,13764762962103537767,22,4,1,2
23,Pufferfish,14902336605650863788,21,1,1,9
68,Grouper,12415059913142303590,23,4,2,5
57,Spearfish,6599051121429255409,24,2,2,2
87,Shrimp,10369159790024043797,27,7,3,18
40,Anglerfish,16407432971016450916,18,5,3,15
6,Perch,7269720722590430138,18,3,2,6
34,Triple Tail,7145595075154608559,16,3,1,7
50,Damsel Fish,11885365358345520969,22,4,1,8
5031,Boot,15966370911232720661,23,6,4,3
74,Mola Mola Fish,4589006941514214478,21,5,4,10
5059,Great white shark,240719959347158907,24,7,1,15
37,Snapper,17832960322716324111,18,1,2,3
46,Eel,17115170609008631798,18,3,2,11
50,Damsel Fish,2087309228331034928,16,1,3,9
30,Herring,7337982088909036094,21,6,2,6
8,Bass,16297102370318006325,24,5,3,19
71,Angel Fish,6731422708844542285,20,2,2,2
78,Turtle,14105664743343948281,32,3,4,3
13,Sardine,6291964668784044953,22,5,2,10
89,Seahorse,3015257999160806046,18,1,1,8
65,Piranha,16647843959841502359,18,6,1,14
5010,Blahaj,16935314908005632722,28,10,6,7
40,Anglerfish,15865165549329310492,23,1,3,12
40,Anglerfish,7275862953214908033,24,4,4,6
5013,Sakhalin sturgeon,2716742162736097910,25,7,6,12
100,Jellyfish,18387517798486842937,21,7,2,2
98,Jellyfish,14830242628650019530,21,3,3,7
5,Perch,8335279796675071265,19,6,1,9
95,Octopus,6270534496361987648,18,5,4,3
3,Tilpia,15417570935796410593,16,1,4,7
36,Triple Tail,9275003903168961936,23,6,2,14
1,Tilapia,12577551314886177374,13,2,3,19
5010,Blahaj,9911643349433216582,36,5,6,8
48,Electric Eel,12348350194465672892,27,6,2,14
29,Herring,17941889875087656256,21,6,3,19
54,Redgill,8478442682324230351,27,5,1,2
51,Damsel Fish,17638453726574702953,14,5,3,4
59,Salmon,6377374444311727511,24,1,3,14
65,Piranha,12667943739059291516,20,6,2,1
40,Anglerfish,3407484161630732482,22,2,4,1
44,Clownfish,4384348982965591205,26,1,4,4
79,Turtle,3930092933756623836,17,9,2,11
95,Octopus,8443996348528511796,26,7,4,16
44,Clownfish,10523546941875177789,13,1,4,19
20,Trout,9068465707090170016,22,3,3,9
69,Grouper,10190932435692541900,20,1,1,11
16,Trout,1492922909386208012,20,5,3,18
46,Eel,9891583252117684526,17,3,1,18
82,Starfish,16942507340013474545,21,2,4,20
30,Herring,1000378759084816668,23,6,2,4
25,Catfish,7229717211320638935,19,6,4,12
5049,Axolotl,535264311356357282,29,6,4,14
5049,Axolotl,17196195642344224809,20,3,5,16
5059,Great white shark,13167773437156709959,24,4,1,2
95,Octopus,3453930110990153089,20,6,2,19
81,Starfish,7811912342147268841,19,4,4,13
18,Trout,10826202773442027470,24,6,1,5
47,Eel,9788047285485852056,15,1,3,2
5067,Pop-eyed goldfish,2256055263103089965,30,7,4,4
81,Starfish,16727498379188806286,20,5,1,6
90,Seahorse,10176340644455031485,24,4,3,15
43,Clownfish,6012702262453662674,18,1,1,5
5012,Red Handfish,6105415881273783002,31,7,6,15
15,Spotfish,11289030331201974219,18,3,4,11
16,Trout,3552097564611106425,15,2,2,16
22,Pufferfish,1472635587168484848,19,4,2,10
37,Snapper,6326149341203433662,21,6,4,14
71,Angel Fish,5967697763440423232,13,4,2,20
4,Perch,18058692300206857059,17,6,3,4
41,Anglerfish,7854025223946577094,28,2,1,19
25,Catfish,15661655467098407390,19,3,1,5
55,Spearfish,2337920733675600185,13,6,4,18
1,Tilapia,16911203348074152489,23,4,1,5
32,Cod,1679257682039830900,14,3,4,4
16,Trout,518236465960274648,21,5,4,7
5012,Red Handfish,16142828654258051529,23,10,6,22
40,Anglerfish,6651047421115038707,15,6,2,3
14,Sardine,13754182182841204783,19,3,2,8
28,Anchovy,8359423654102602824,20,5,4,4
14,Sardine,6502719743512911356,24,6,3,1
46,Eel,4097753347553479058,14,6,4,19
6,Perch,16683959000220098221,24,6,2,14
65,Piranha,7286087957550673435,21,3,3,1
5,Perch,12770297229373905710,16,2,3,17
30,Herring,6949793534991006307,16,5,1,6
50,Damsel Fish,15795130026880209754,19,2,2,5
46,Eel,8780454603894410897,21,4,4,20
74,Mola Mola Fish,9052567991056803166,22,2,1,1
32,Cod,6975227961914013545,16,4,3,16
8,Bass,989969729196947707,21,4,3,16
43,Clownfish,94848027445855181,23,1,1,14
36,Triple Tail,4629970475907813276,31,2,2,18
10,Sardine,9199832881745144370,25,3,2,2
30,Herring,16864728685398919291,18,2,4,17
5010,Blahaj,3256269179453944637,25,6,6,7
63,Barracuda,12267476710238646487,31,6,3,6
56,Spearfish,15739835306848684575,21,4,2,5
16,Trout,8201936413296446597,24,1,3,4
89,Seahorse,13559520351135808128,19,3,2,1
35,Triple Tail,4657142974974964796,30,3,2,21
65,Piranha,16383891008298014209,20,6,3,8
77,Turtle,1746797922082386153,15,4,1,19
68,Grouper,12327852156212007644,30,5,3,5
29,Herring,9611417648523417962,19,3,1,1
17,Spot Fish,14331587707593201786,15,5,2,20
43,Clownfish,4579353725998224584,20,2,3,17
55,Spearfish,5161918488503467307,24,5,1,19
48,Electric Eel,13791801578012108653,25,4,1,19
62,Barracuda,3432532178407251813,15,4,3,7
68,Grouper,4240342641688465436,28,4,1,10
33,Cod,3802593180214571062,21,3,3,11
94,Lobster,5866788841550937138,28,2,1,17
39,Snapperfish,10849570697356810613,31,7,1,21
47,Eel,14870425140470053406,22,5,4,15
89,Seahorse,8834106181593120944,21,5,4,8
59,Salmon,4270924156835217601,18,6,2,13
39,Snapperfish,174418375954242961,26,4,2,4
23,Pufferfish,14136213082466582651,18,2,2,18
25,Catfish,1723478168222438027,15,4,4,14
14,Sardine,854723736891369799,24,2,1,6
93,Blue Lobster,3647537487714458830,23,2,4,17
5067,Pop-eyed goldfish,132730865935998531,26,7,3,7
26,Catfish,4723958374476420427,26,4,1,19
43,Clownfish,1224074907319772430,18,5,2,5
29,Herring,7581751099526530208,15,6,1,16
5049,Axolotl,4169555683673982615,27,6,6,17
29,Herring,9139115761221695933,14,4,2,3
94,Lobster,15416689256017605632,20,5,4,5
10,Sardine,4907710587974395720,15,2,4,1
17,Spot Fish,432142252339883975,20,5,4,13
40,Anglerfish,3471190862679553113,15,1,4,18
17,Spot Fish,405101029929980177,19,6,3,18
81,Starfish,17056148006480559467,18,2,4,1
36,Triple Tail,5297435453569607321,19,4,1,20
40,Anglerfish,2939899683135719256,14,6,2,20
43,Clownfish,12653112164996446442,23,6,4,1
78,Turtle,17300525387601455328,23,2,3,10
22,Pufferfish,16047141941651649137,14,6,3,9
8,Bass,11747197000037069024,16,2,2,1
71,Angel Fish,14848674618147752487,14,2,4,8
26,Catfish,6939548979502367223,22,6,2,3
10,Sardine,1906978850343008802,20,3,3,1
14,Sardine,12577933641516473026,18,1,3,20
25,Catfish,3556929778139987000,16,4,4,9
3,Tilpia,1031026456654807146,19,5,4,2
75,Mola Mola Fish,13073377173623466353,20,5,2,3
63,Barracuda,9891944718705790564,21,3,2,21
3,Tilpia,12863532350592007311,20,2,3,16
68,Grouper,3253153377103978103,23,5,2,13
1,Tilapia,3274999226498410063,16,6,3,13
55,Spearfish,12682111261824903656,20,2,4,14
29,Herring,2113510417980598612,19,5,1,11
59,Salmon,3438304360248099402,16,3,4,11
47,Eel,10414495421066453705,18,6,3,20
20,Trout,15211797667660886057,16,6,4,9
32,Cod,6984098767271677234,24,1,3,1
17,Spot Fish,2592677693429400933,18,2,4,20
74,Mola Mola Fish,9669381521786732203,20,4,1,14
40,Anglerfish,13842200123123756901,18,5,2,9
81,Starfish,9424006988175742615,15,5,1,3
44,Clownfish,9285441565240644931,19,2,1,10
46,Eel,9205026375193088600,23,6,1,11
19,Trout,6649165755651723933,19,4,1,20
59,Salmon,15293636626687325981,16,6,1,15
25,Catfish,13317574721542579666,20,4,3,12
65,Piranha,5937404663837256861,20,3,2,17
14,Sardine,16539474206847017214,17,1,3,17
84,Crab,8684365967253258883,22,3,3,11
43,Clownfish,11781842692295678372,17,4,2,16
25,Catfish,8341886686093055430,19,6,3,3
65,Piranha,10106534071012257134,25,5,3,3
14,Sardine,17109865242765688529,15,1,2,20
19,Trout,15555788363448768083,24,4,4,7
71,Angel Fish,13968364360267353068,16,1,1,2
59,Salmon,5819971307111549157,20,1,4,2
33,Cod,3829118861147418250,24,7,4,8
47,Eel,8543345958704956169,18,5,2,3
37,Snapper,15959000377722839870,15,4,3,2
5067,Pop-eyed goldfish,7720972319360147239,29,4,1,9
79,Turtle,6392024173550299134,22,7,3,18
25,Catfish,12901042556332459064,16,1,3,17
71,Angel Fish,12744999819125865365,21,1,4,9
5049,Axolotl,9374040341095198778,26,4,1,10
40,Anglerfish,16476447181691685909,18,3,2,4
31,Cod,8464646802405588744,19,6,4,14
10,Sardine,18262950867952154877,23,4,2,10
41,Anglerfish,15001641591234036947,21,7,1,10
22,Pufferfish,13433755151897764137,22,5,1,19
40,Anglerfish,17855611661521615986,17,1,3,11
13,Sardine,8839239789656729221,21,3,3,19
30,Herring,3109792478170168149,23,4,4,8
8,Bass,18148051123208794297,23,3,2,15
8,Bass,15453395453729323239,21,4,4,9
59,Salmon,18043212957717268714,23,6,4,9
98,Jellyfish,2451414238101459106,25,3,3,21
34,Triple Tail,5157227759970599731,18,6,1,16
4,Perch,12357587575210504107,14,5,2,8
28,Anchovy,8055347638845695330,18,5,4,9
28,Anchovy,13084906022063841445,18,5,2,9
37,Snapper,13695321908876840880,20,1,2,18
3,Tilpia,11450082713196952141,25,6,3,3
22,Pufferfish,4901331733606862958,17,5,3,8
16,Trout,10379081847646493994,22,2,1,13
8,Bass,6713923016602263072,16,5,2,5
28,Anchovy,18160650256955485697,23,5,3,16
3,Tilpia,16069095039465374969,20,1,2,10
13,Sardine,17022510729158379145,23,3,4,17
5027,Cutthroat Trout,17595457520642245129,23,7,4,6
89,Seahorse,12148343981005963531,13,6,2,2
4,Perch,13650108641928997831,20,5,2,7
29,Herring,14668103958749641253,20,3,1,3
28,Anchovy,17410159435441818336,21,5,1,1
40,Anglerfish,13351742785659028936,24,1,4,12
47,Eel,3120644614276942864,24,3,2,3
47,Eel,2849364332082428902,16,4,3,9
69,Grouper,9953329530556568715,23,6,3,14
94,Lobster,10231616063071709859,19,2,4,21
71,Angel Fish,6486772397891376333,19,2,3,18
5,Perch,11469123807570350526,26,5,1,6
56,Spearfish,14066824590162040726,34,5,2,9
72,Angelfish,9301650917051852605,30,6,3,7
3,Tilpia,9154082868241975608,15,2,2,13
27,Catfish,6734840766092874062,16,2,4,18
44,Clownfish,13781159691739313519,16,5,4,2
35,Triple Tail,5969514492875818415,17,4,2,21
55,Spearfish,13312918967064006306,17,3,2,8
16,Trout,17024814751673749305,14,1,1,19
9,Bass,7995794804392029857,24,4,2,8
89,Seahorse,7454883354703140327,23,2,1,11
28,Anchovy,10732773733511662579,15,1,2,12
44,Clownfish,6687879579496702941,19,1,2,6
19,Trout,8251924019834857333,19,1,2,10
32,Cod,4495273000927987374,16,2,1,4
69,Grouper,3027378777819148388,21,3,3,3
89,Seahorse,4114940613227906625,18,1,2,15
4,Perch,11162529633521136359,20,3,2,11
13,Sardine,7388732439487149620,19,1,3,2
5059,Great white shark,14398814798983598177,27,3,1,6
82,Starfish,15579131071161485514,20,3,1,12
17,Spot Fish,10808325661415251627,18,5,4,7
62,Barracuda,17986571666305643113,20,2,4,14
30,Herring,14840967928443063506,15,4,1,15
5031,Boot,15701151589004800678,20,3,4,2
16,Trout,11911375645933612308,17,1,4,7
75,Mola Mola Fish,11004717182184205041,24,3,3,8
47,Eel,13667404291847135845,21,5,3,10
53,Bluegill,11872283550066143282,24,4,3,6
34,Triple Tail,15206357787324916902,18,1,3,17
77,Turtle,16384839069706472439,17,4,1,17
36,Triple Tail,2440974303823612258,21,5,2,20
44,Clownfish,7992214891098685511,15,5,3,20
34,Triple Tail,13716501004011535049,18,6,4,16
69,Grouper,1748306013586372328,13,3,4,5
30,Herring,6468538142085047818,24,2,2,9
5028,404 Fish,12750200321255737498,21,7,4,6
59,Salmon,15045974381451472836,20,6,1,13
62,Barracuda,8195574415586159333,15,3,4,8
31,Cod,14987756493098453835,13,6,4,9
4,Perch,17989809277959670273,21,6,4,5
47,Eel,15111679287683299355,20,2,2,8
37,Snapper,374727050724723669,22,2,3,13
40,Anglerfish,17644448645669914055,22,3,1,1
76,Mola Mola Fish,7172754665685649892,24,8,1,17
53,Bluegill,2104017010924373195,23,2,2,19,0
8,Bass,1833507386406489322,17,5,3,2,0
8,Bass,6976512772465214263,21,1,2,6,0
58,Salmon,14481564012741118188,21,4,1,16,0
56,Spearfish,8851448171574054379,29,5,3,19,1
3,Tilpia,4851639447388414655,19,4,4,6,0
20,Trout,18415352727136258231,35,5,2,15,5
43,Clownfish,10317381058497333336,19,2,4,10,0
80,Starfish,3470686554753697181,18,3,1,19,0
44,Clownfish,16711444927719319889,19,3,3,7,0
49,Damsel Fish,16050444551280802324,23,5,2,7,0
23,Pufferfish,7992545226256187228,22,1,1,19,0
68,Grouper,478611748208015913,31,7,3,4,5
47,Eel,5155723766576191810,23,5,3,20,0
34,Triple Tail,9466964183727224722,17,1,4,7,0
33,Cod,14352168189158485757,26,2,2,19,0
29,Herring,15919567772447206350,22,1,2,6,0
43,Clownfish,2221529784192394500,19,1,1,4,0
44,Clownfish,7681660556570466599,20,1,3,11,0
74,Mola Mola Fish,9659655338335454215,21,2,4,18,0
