7,Bass,17198372973017009671,22,6,2,12,-1
14,Sardine,8778272291838900513,22,3,1,15,-1
75,Mola Mola Fish,17683367666215552006,19,3,4,11,-1
1,Tilapia,7926713195294813773,15,3,3,6,-1
43,Clownfish,2568359279501304219,21,4,3,15,-1
17,Spot Fish,16131521296249933812,20,6,3,1,-1
78,Turtle,2019469904835911085,25,3,3,19,-1
5031,Boot,11552379063668883801,18,1,2,13,-1
14,Sardine,6101780468639179792,21,3,3,14,-1
90,Seahorse,14389324196718267015,21,4,3,14,-1
29,Herring,10199426885154838979,14,4,1,14,-1
71,Angel Fish,84719376362637527,18,2,4,7,-1
5067,Pop-eyed goldfish,4826236098353678092,25,6,1,18,-1
28,Anchovy,11837365349706027943,18,3,2,13,-1
28,Anchovy,14205247544497891171,23,6,2,20,-1
46,Eel,13356828548645235175,13,5,2,20,-1
16,Trout,983632292301350235,18,5,3,17,-1
4,Perch,14100029552917637007,15,5,3,15,-1
53,Bluegill,2502908561901249080,13,3,3,15,-1
56,Spearfish,18248610627174961394,25,3,1,10,-1
14,Sardine,2527922180509770826,22,4,4,13,-1
93,Blue Lobster,5254014982277762000,18,2,2,14,-1
23,Pufferfish,1816939340483079604,17,4,1,4,-1
32,Cod,4202353074084496218,16,3,1,18,-1
7,Bass,8285067032831461072,22,4,3,12,-1
20,Trout,6196332542197324415,19,7,1,12,-1
8,Bass,2755013250309664881,14,2,2,11,-1
8,Bass,12304636907247094549,22,5,2,13,-1
11,Sardine,11708115684568349554,18,3,2,16,-1
62,Barracuda,619571382936332120,15,4,2,19,-1
31,Cod,10048131068643317086,20,5,3,13,-1
25,Catfish,9656319813299734681,19,2,4,14,-1
5031,Boot,10163594513455992634,23,1,2,2,-1
31,Cod,9315624620622456046,19,3,2,7,-1
32,Cod,11180407343622942307,22,3,4,6,-1
63,Barracuda,14444100431499156031,21,4,1,15,-1
16,Trout,8721116139199869720,14,6,3,20,-1
31,Cod,9098176339270021196,23,3,4,10,-1
54,Redgill,15637219971036245652,24,3,3,20,-1
