1,Tilapia,6301246817646046418,18,4,1,2,-1
16,Trout,10067626599955569103,18,3,1,13,-1
71,Angel Fish,10568355734977829612,17,5,4,10,-1
89,Seahorse,6408504760942562272,20,1,1,7,-1
77,Turtle,2479081660803868592,20,3,1,4,-1
16,Trout,5557037502565523368,20,5,3,11,-1
22,Pufferfish,8954839527590050287,16,2,3,9,-1
43,Clownfish,11304093116919085953,20,6,1,20,-1
71,Angel Fish,2136423819482695849,19,2,4,19,-1
5026,GamerPieJess fish,3379379211247399546,30,6,3,19,-1
22,Pufferfish,6518697986591583294,22,6,4,1,-1
13,Sardine,8530382396182582466,18,2,4,11,-1
16,Trout,14944680460548081120,19,2,3,13,-1
50,Damsel Fish,16379541470658964913,19,4,2,4,-1
4,Perch,9753201265021271945,20,1,2,13,-1
44,Clownfish,3736055464164013627,16,2,4,10,-1
87,Shrimp,9076866378044028890,26,3,4,2,-1
5026,GamerPieJess fish,12280788578653942278,20,7,4,14,-1
30,Herring,1247113059492633325,17,4,2,6,-1
28,Anchovy,13618854034691085968,19,4,3,11,-1
51,Damsel Fish,1710989866298068515,22,5,1,12,-1
38,Snapper,15444431207080174176,21,3,1,20,-1
100,Jellyfish,18081161076117073105,23,2,2,18,-1
74,Mola Mola Fish,17211303914500610024,21,5,4,14,-1
4,Perch,16130185827323060328,17,2,3,6,-1
74,Mola Mola Fish,11646565727420161537,20,5,3,15,-1
16,Trout,14880025280596645814,21,3,1,6,-1
89,Seahorse,15766187080963949748,23,4,2,1,-1
62,Barracuda,13504227808323577107,12,6,3,18,-1
11,Sardine,12970579087920376583,19,5,4,13,-1
60,Green Salmon,3679783126780843283,22,2,1,7,-1
23,Pufferfish,18398140961566767005,15,4,4,20,-1
31,Cod,11272453392411863472,23,6,3,17,-1
14,Sardine,4693798748041523879,13,1,1,13,-1
7,Bass,15538057762612991420,15,4,2,14,-1
37,Snapper,12591721434534204258,19,5,3,14,-1
43,Clownfish,4121089926847217305,18,2,4,16,-1
40,Anglerfish,13824992842940217387,23,3,4,6,-1
38,Snapper,7154258394304944625,18,2,1,1,-1
7,Bass,2108191919114112913,24,1,1,4,-1
39,Snapperfish,5000405998194380407,19,7,1,8,-1
28,Anchovy,9560064557497012337,18,3,3,4,-1
39,Snapperfish,3735512234357876646,31,5,4,4,-1
19,Trout,11505811346433502454,16,3,1,6,-1
41,Anglerfish,9098608468073494663,28,4,1,15,-1
68,Grouper,15626008518441342464,26,7,1,11,-1
15,Spotfish,8759553116638695675,23,4,1,8,-1
29,Herring,8982606076763317859,14,2,3,20,-1
47,Eel,6239292399863285319,21,5,4,18,-1
33,Cod,4663472365749826609,27,2,2,2,-1
10,Sardine,15669451905081075783,24,2,4,8,-1
37,Snapper,12206034542332408316,21,6,4,2,-1
53,Bluegill,9761065156451985197,18,5,3,8,-1
57,Spearfish,13834376132933609373,25,4,4,4,-1
28,Anchovy,7594894507060063730,21,2,2,2,-1
71,Angel Fish,12101028845452390577,14,2,2,13,-1
44,Clownfish,9998204290180199147,23,3,2,11,-1
22,Pufferfish,15002410336382070913,19,6,3,20,-1
89,Seahorse,3970583646644686267,14,6,4,2,-1
5,Perch,15707810793120136957,17,5,3,14,-1
62,Barracuda,17876512356161326650,22,4,2,4,-1
5,Perch,18353964411265820951,14,2,3,14,-1
10,Sardine,2613448456099680577,19,4,4,13,-1
17,Spot Fish,6376769504133563436,16,2,2,11,-1
48,Electric Eel,17044303389430742814,17,3,3,10,-1
46,Eel,2578742456102335519,20,6,2,3,-1
21,Trout,8813091897031842965,28,5,2,3,-1
5031,Boot,9099725366277195115,23,6,3,9,-1
25,Catfish,1865318321264793732,20,5,3,18,-1
63,Barracuda,7402893073038454264,28,3,4,8,-1
1,Tilapia,8535553956460136672,21,6,4,19,-1
40,Anglerfish,4439508582198189173,19,6,1,12,-1
40,Anglerfish,7249044806153700153,21,5,2,7,-1
31,Cod,9041829366481954597,19,5,2,20,-1
32,Cod,10833477616885664476,24,4,1,18,-1
11,Sardine,11599118448207515192,25,2,4,11,-1
62,Barracuda,2740130846908729452,21,4,4,6,-1
94,Lobster,778395588929399553,15,2,1,16,-1
38,Snapper,398721879139388260,14,4,2,14,-1
25,Catfish,11595865654331494708,22,3,1,9,-1
5,Perch,16171805784350868989,19,3,4,18,-1
77,Turtle,6645181013790150316,23,1,3,9,-1
5059,Great white shark,797298210871390074,23,6,4,11,-1
43,Clownfish,8346448823122895793,20,1,2,17,-1
34,Triple Tail,11897360026913835131,20,6,4,6,-1
40,Anglerfish,4994740776199560212,17,4,1,18,-1
62,Barracuda,12076922677843311499,22,1,4,3,-1
14,Sardine,9270711875021656904,20,3,1,10,-1
59,Salmon,8775326239313792695,22,3,1,8,-1
30,Herring,12250865345866751295,13,5,1,11,-1
59,Salmon,7633202980307603570,13,3,2,12,-1
8,Bass,18121341644566619264,21,4,1,20,-1
76,Mola Mola Fish,13035735894569638957,20,8,2,5,-1
62,Barracuda,2590760734575260112,22,4,4,12,-1
14,Sardine,11292229569605642877,23,4,1,4,-1
84,Crab,9939994788237507542,19,6,4,4,-1
39,Snapperfish,3648020870947549139,23,3,1,18,-1
77,Turtle,2954343649080165001,18,3,4,12,-1
36,Triple Tail,10506422603270511303,24,4,3,18,-1
5027,Cutthroat Trout,16786140103255456277,23,3,1,9,-1
47,Eel,5686674646842474003,16,4,4,7,-1
7,Bass,17064303650051878101,25,1,3,1,-1
19,Trout,4960524774821782351,25,3,4,1,-1
74,Mola Mola Fish,11572528285609631580,19,3,2,14,-1
1,Tilapia,15495459075011535916,19,4,1,13,-1
38,Snapper,269362336939046240,17,2,4,13,-1
44,Clownfish,4894992337577168744,20,5,2,13,-1
37,Snapper,16571600253088268642,16,1,1,1,-1
32,Cod,3448994105709484966,17,1,2,2,-1
71,Angel Fish,8765309285943884953,22,3,3,20,-1
8,Bass,4730187301886709936,24,2,4,15,-1
50,Damsel Fish,16944068428739143773,20,1,2,10,-1
69,Grouper,9234743397213365548,20,5,4,5,-1
5059,Great white shark,16376909873432186716,20,5,1,20,-1
50,Damsel Fish,3878919053847818615,17,5,2,18,-1
34,Triple Tail,383037859143476791,12,2,2,5,-1
46,Eel,3724971710252149451,14,6,3,1,-1
14,Sardine,6336099884814481942,25,3,2,1,-1
7,Bass,8614684164061033233,15,2,1,9,-1
7,Bass,15216148568717280345,19,6,3,10,-1
25,Catfish,14717983112292255152,22,3,4,3,-1
13,Sardine,4086018976578715340,24,4,3,16,-1
35,Triple Tail,12542478386301240728,30,2,4,12,-1
47,Eel,1058479798740248940,18,5,4,15,-1
46,Eel,10172460731904647831,18,4,2,10,-1
30,Herring,14994149456239512409,19,1,2,14,-1
53,Bluegill,2265221894047033544,21,4,1,16,-1
37,Snapper,6079622802550123931,19,3,1,9,-1
69,Grouper,11320469852611662539,17,5,1,13,-1
3,Tilpia,17100522230347494644,15,1,2,16,-1
48,Electric Eel,6196742935508008638,29,5,2,12,-1
53,Bluegill,6554370315376047849,22,4,2,12,-1
50,Damsel Fish,11309777048819265708,21,6,1,14,-1
32,Cod,2217964442557976100,21,3,4,5,-1
81,Starfish,2103679110590114276,20,5,1,18,-1
81,Starfish,5227261178453989587,24,6,4,4,-1
95,Octopus,3154410142580176023,25,4,3,11,-1
8,Bass,891747573390614160,17,3,4,7,-1
50,Damsel Fish,7149741485214213335,14,1,3,2,-1
55,Spearfish,1320779842432324257,20,6,2,1,-1
53,Bluegill,11931209187028029838,21,4,2,13,-1
81,Starfish,12591279627782718727,22,5,2,13,-1
81,Starfish,7044328699437143042,23,3,4,14,-1
37,Snapper,7733982252189018866,17,1,1,10,-1
13,Sardine,6383052912703657931,20,5,1,1,-1
7,Bass,16204466586486853988,16,4,2,8,-1
22,Pufferfish,3628324825737368924,15,6,2,11,-1
22,Pufferfish,478759804995351976,17,6,2,3,-1
25,Catfish,13877101934018967963,16,3,3,8,-1
4,Perch,2846466280660241699,25,1,3,2,-1
23,Pufferfish,6090905781697787579,21,3,1,11,-1
46,Eel,12336362694870710355,13,1,4,14,-1
5,Perch,17946536082304708810,14,5,2,9,-1
37,Snapper,2816338405015189813,24,1,3,20,-1
32,Cod,17081319506240494872,14,2,4,7,-1
77,Turtle,3348792347420822061,21,1,2,16,-1
62,Barracuda,11535145298237969408,14,1,3,10,-1
87,Shrimp,6867035050080715327,26,3,1,21,-1
30,Herring,2981851034897556550,20,4,4,6,-1
78,Turtle,4790945326273677105,18,2,4,4,-1
89,Seahorse,11826398828415667767,14,3,4,4,-1
15,Spotfish,4285032560475804396,29,2,3,13,-1
15,Spotfish,17878487863468626632,24,4,1,19,-1
30,Herring,13496382431962598950,20,4,3,6,-1
46,Eel,7642534282499076613,20,4,2,20,-1
7,Bass,15173747197960971567,26,6,1,6,-1
74,Mola Mola Fish,15240431054867800878,19,3,3,7,-1
74,Mola Mola Fish,14381964901066359279,13,5,4,5,-1
19,Trout,18376909441491837448,25,2,2,1,-1
19,Trout,8779814460045007831,17,6,3,11,-1
1,Tilapia,15062311194433775857,20,5,3,12,-1
46,Eel,3180399479299009357,14,4,4,6,-1
11,Sardine,5059515611711266895,24,3,3,8,-1
50,Damsel Fish,14086933998318734990,18,6,3,8,-1
30,Herring,14878612525073641344,22,3,2,18,-1
14,Sardine,17927450589797007050,16,6,2,11,-1
74,Mola Mola Fish,612428160978790828,22,6,4,9,-1
63,Barracuda,1665936106935220626,19,2,2,9,-1
17,Spot Fish,12218101021166210957,17,3,3,7,-1
37,Snapper,3962081508952549047,17,3,2,15,-1
89,Seahorse,3255511104965466192,25,5,2,9,-1
1,Tilapia,10246773623498936662,23,4,1,18,-1
38,Snapper,9814639256240901660,16,3,3,10,-1
46,Eel,12856528697992947018,19,1,2,9,-1
23,Pufferfish,13736763686445913207,18,2,2,8,-1
1,Tilapia,16797647676012874293,18,2,3,11,-1
7,Bass,15679252174517266216,16,6,2,10,-1
71,Angel Fish,11644927077824984293,20,6,4,10,-1
69,Grouper,10581169497668042501,24,3,2,5,-1
22,Pufferfish,1047321018102989438,20,3,2,1,-1
13,Sardine,7237744478255797179,20,2,3,17,-1
7,Bass,6305053672017500926,21,1,2,1,-1
40,Anglerfish,2285887329326070562,21,1,4,4,-1
34,Triple Tail,8313548707973088996,20,2,2,20,-1
5010,Blahaj,14737712695847949528,35,5,6,15,-1
40,Anglerfish,15367595320101935187,22,6,2,14,-1
55,Spearfish,18389999243076514740,22,4,2,14,-1
5067,Pop-eyed goldfish,5607598665307550128,27,4,4,10,-1
8,Bass,4662055020088456767,16,2,2,18,-1
94,Lobster,6526667177800698032,18,3,4,18,-1
40,Anglerfish,1576224191165973657,22,1,3,17,-1
5027,Cutthroat Trout,811994636452490614,26,4,3,15,-1
74,Mola Mola Fish,8517405057489890803,19,6,4,15,-1
9,Bass,1014685982695073489,28,7,2,5,-1
30,Herring,13800114717481284720,22,4,3,3,-1
5067,Pop-eyed goldfish,16644374887176514092,26,6,3,16,-1
16,Trout,3421616981684897836,20,2,4,8,-1
74,Mola Mola Fish,10742880326988231266,19,5,1,5,-1
97,Golden Takoyaki,1107549762441715427,29,6,6,17,-1
34,Triple Tail,9901438530037795922,25,2,2,20,-1
7,Bass,1851935590673439481,19,3,4,9,-1
33,Cod,11219747761859087833,22,6,1,5,-1
76,Mola Mola Fish,6355920037967321341,19,10,3,4,-1
54,Redgill,7521142770047732351,27,3,2,21,-1
57,Spearfish,11319529300677839893,27,6,1,16,-1
77,Turtle,7614915788363769545,15,2,2,8,-1
45,Clownfish,14662053116256036804,31,2,2,6,-1
74,Mola Mola Fish,6725373645645628918,22,3,2,1,-1
46,Eel,12423191337062686042,22,3,3,10,-1
29,Herring,13059447130579516918,21,1,4,1,-1
15,Spotfish,2271523882959670355,27,2,1,3,-1
25,Catfish,17026262781572004342,19,4,4,16,-1
89,Seahorse,16597193455134863021,21,4,2,13,-1
7,Bass,8982459159339945070,20,5,1,11,-1
1,Tilapia,14779734356764311293,19,2,2,4,-1
34,Triple Tail,2975090914499657086,18,3,2,6,-1
7,Bass,8932149669162251479,15,4,4,6,-1
7,Bass,6274014910087770040,18,6,1,2,-1
81,Starfish,11520525570692423519,17,6,1,11,-1
79,Turtle,9295044162780669263,24,7,4,7,-1
5059,Great white shark,10843695294755146113,29,5,4,12,-1
11,Sardine,16709832975505366690,18,3,1,19,-1
21,Trout,10724681419125851903,18,6,2,3,-1
74,Mola Mola Fish,3482927647109389600,18,6,4,14,-1
15,Spotfish,9511513833151022095,29,4,3,2,-1
44,Clownfish,15401988879853714821,22,5,3,18,-1
76,Mola Mola Fish,6764927921346616203,29,8,3,10,-1
50,Damsel Fish,7669518422680059409,15,2,4,12,-1
19,Trout,2153093281136462001,22,1,2,8,-1
25,Catfish,16654602973186198468,17,6,4,6,-1
5026,GamerPieJess fish,8886056664919419103,31,2,2,8,-1
15,Spotfish,2052398252517290189,25,3,2,18,-1
29,Herring,3528437713870966545,19,4,1,6,-1
74,Mola Mola Fish,6363126087054350157,18,5,1,1,-1
