89,Seahorse,3964238774975021851,19,1,3,3,-1
4,Perch,13996931719742816778,25,4,2,19,-1
71,Angel Fish,5757301289654033280,15,2,4,20,-1
4,Perch,14263201678078735193,21,1,2,2,-1
13,Sardine,3773226867848175173,25,6,3,10,-1
89,Seahorse,14746696463839738570,20,1,1,17,-1
59,Salmon,6409403463941487591,20,2,4,13,-1
39,Snapperfish,15329601704085542883,30,6,4,12,-1
4,Perch,2565756321638757607,15,1,2,8,-1
10,Sardine,16708588404960199830,18,2,1,11,-1
32,Cod,10827072390681415455,18,4,1,7,-1
27,Catfish,6225872291658942984,28,2,2,10,-1
5059,Great white shark,4728387822178528150,24,6,4,5,-1
17,Spot Fish,13198022353573018696,15,2,1,13,-1
1,Tilapia,4413398577121691493,13,3,1,15,-1
28,Anchovy,8442733600144755397,15,1,2,17,-1
28,Anchovy,16359238820427471768,22,6,2,3,-1
28,Anchovy,652649229712043183,21,3,4,17,-1
5,Perch,3044234621872854115,13,3,1,9,-1
13,Sardine,6557389334040159181,24,2,2,5,-1
44,Clownfish,9452067484194548407,21,4,2,20,-1
35,Triple Tail,12921194421115712652,28,7,1,20,-1
7,Bass,6606585264315322401,17,6,3,13,-1
4,Perch,15641980456150109769,16,6,3,15,-1
22,Pufferfish,7128545001651601410,19,1,1,5,-1
23,Pufferfish,6912880594957584815,16,4,3,9,-1
13,Sardine,3224518219299219079,21,2,4,13,-1
14,Sardine,8578671606971168250,20,3,4,17,-1
5031,Boot,10462172825238415876,19,3,3,7,-1
37,Snapper,12848601532594536845,20,5,4,20,-1
7,Bass,1876006586510440042,15,1,1,1,-1
32,Cod,12606511032582714218,25,5,1,14,-1
59,Salmon,656220655643011884,22,6,2,1,-1
82,Starfish,13859546387985928938,20,6,3,19,-1
