59,Salmon,15021349326458189371,17,5,4,19
71,Angel Fish,628678378176558365,24,3,2,7
19,Trout,9315333478411770165,13,2,1,4
30,Herring,16427046679338317321,24,2,4,17
4,Perch,2731498534884693016,15,6,4,13
7,Bass,11444075174022940538,18,3,2,14
16,Trout,5861099224202067791,19,3,2,7
59,Salmon,15409972604698675410,15,5,4,2
29,Herring,8337019658511280827,24,2,3,6
4,Perch,2766930818413162708,16,2,4,11
4,Perch,11341882272460667920,15,3,3,4
32,Cod,4803154517277019089,15,3,3,9
1,Tilapia,9792113272106969623,17,1,3,19
5067,Pop-eyed goldfish,1387078622919308439,27,3,1,15
60,Green Salmon,7181274801698159805,29,5,3,19
16,Trout,1259848906313165016,13,1,2,5
28,Anchovy,7717378601893930473,19,6,1,10
13,Sardine,15515289377245043145,14,1,4,19
80,Starfish,16461540092116226209,16,2,2,17
