77,Turtle,7235218211793308624,20,4,4,15,-1
10,Sardine,7221066229354353300,19,2,1,8,-1
1,Tilapia,16723137127543225677,20,3,3,14,-1
17,Spot Fish,2172587295776294617,19,6,1,14,-1
1,Tilapia,7732518895615847540,14,1,1,13,-1
32,Cod,12672626957780574103,20,1,4,9,-1
32,Cod,1794335607781208129,19,5,4,19,-1
29,Herring,7403569773298537778,23,3,3,6,-1
77,Turtle,13690414740002082903,24,5,3,12,-1
34,Triple Tail,1181357463139686390,20,1,3,10,-1
16,Trout,6998184521284355500,24,1,4,11,-1
13,Sardine,11403608817545156226,20,1,2,1,-1
87,Shrimp,13629012640405860028,30,6,2,6,-1
31,Cod,18235820880851990256,14,5,1,14,-1
71,Angel Fish,4882185523172630257,17,5,1,18,-1
29,Herring,14177485264875846001,22,3,3,8,-1
100,Jellyfish,16406748594223539528,23,2,2,2,-1
31,Cod,2149786371860262415,15,4,4,18,-1
32,Cod,15683330735024760743,22,5,4,13,-1
3,Tilpia,16535316368231494919,21,5,4,16,-1
10,Sardine,10944262594343486671,22,2,4,19,-1
5031,Boot,5987603278283716300,21,1,4,8,-1
32,Cod,10636012629729941154,21,4,2,18,-1
41,Anglerfish,10586770486563067469,25,6,4,12,-1
62,Barracuda,14591776028001923685,19,2,4,11,-1
25,Catfish,10215683932469414097,20,5,4,20,-1
22,Pufferfish,9517992844250665675,17,1,2,20,-1
