17,Spot Fish,428084266648541145,25,3,2,14
13,Sardine,14401915935003288449,13,4,2,11
14,Sardine,2716915257150971050,18,2,3,19
29,Herring,17367368677187657256,17,6,3,9
62,Barracuda,16201171163396325326,17,3,1,19
69,Grouper,14597902284920542959,18,1,1,11
5029,{NULL}fish,7588956892600803289,100,0,0,0
44,Clownfish,11160278079523828605,17,3,4,6
44,Clownfish,11302207066959605427,18,3,3,9
23,Pufferfish,379098900271259850,14,6,4,15
40,Anglerfish,913797529649330484,19,3,3,13
44,Clownfish,9954628489055505975,17,4,3,15
24,Pufferfish,159742363499582568,29,4,1,14
5031,Boot,11261481873823630629,19,1,1,16
16,Trout,17759391291128378341,21,4,3,8
38,Snapper,8537429922562633356,20,6,3,9
16,Trout,6065301359974784900,16,3,4,8
5059,Great white shark,10013903337158482503,23,4,1,13
55,Spearfish,16579495116426838472,18,6,4,5
98,Jellyfish,9012516552581031946,26,7,3,2
59,Salmon,7503400072892493569,18,3,1,7
8,Bass,1655167975174666842,20,2,3,10
5,Perch,16023158279142642540,17,5,3,3
17,Spot Fish,2433981072150057259,19,5,1,19
89,Seahorse,4775577297422016396,24,4,2,14
9,Bass,13535663077723261539,30,3,3,9
5,Perch,8185695442272484406,16,5,4,16
53,Bluegill,11448801164021633668,21,1,2,10
31,Cod,4365781469341867718,21,1,4,18
89,Seahorse,18244589176837186915,23,6,1,7
44,Clownfish,2452536280980849839,20,2,4,6
25,Catfish,8493473730060722110,20,4,4,5
26,Catfish,10173277115915365227,24,7,3,21
34,Triple Tail,7471334254022821445,18,4,3,20
14,Sardine,8907472064801597795,22,5,4,12
7,Bass,14363293300960141971,20,2,1,10
1,Tilapia,7762838384824002540,24,6,4,19
5,Perch,12162884287306634882,24,4,2,16
79,Turtle,9663412228663088627,22,3,3,3
30,Herring,15315558227350653371,17,1,4,1
79,Turtle,3332706876501190930,21,5,2,12
22,Pufferfish,9912042943557813942,17,1,2,6
30,Herring,3597993828952393395,18,1,2,1
6,Perch,9074828850528271704,30,7,4,19
100,Jellyfish,11533128575820096866,22,4,2,11
29,Herring,16244764977791381077,19,1,1,9
72,Angelfish,9159986965632626649,14,4,4,21
20,Trout,3812001359695012347,21,2,3,8
17,Spot Fish,898637052969854823,17,2,1,4
5059,Great white shark,15926532473647517540,21,4,4,6
31,Cod,17161149405573392816,19,6,3,9
74,Mola Mola Fish,3840593422134315678,18,4,4,1
77,Turtle,3302662601018503445,23,1,1,3
65,Piranha,8894119345622421727,20,3,4,14
13,Sardine,17077215662363220987,15,2,2,4
28,Anchovy,3928361162234546474,17,3,4,17
94,Lobster,14464315142314221427,24,3,2,21
59,Salmon,6067106071852300472,22,6,1,1
46,Eel,9839996831344019026,18,5,1,10
63,Barracuda,7880442575669257664,25,3,4,5
22,Pufferfish,9831921475995343258,18,1,2,4
14,Sardine,6643773894350156372,20,1,1,8
45,Clownfish,1471583421733037755,19,3,3,11
10,Sardine,10387855399913768047,15,6,3,2
37,Snapper,15234371920149821944,15,3,4,8
4,Perch,15017441031591020430,22,4,1,5
5,Perch,15170653053883749172,19,6,4,6
19,Trout,5635038313497045179,19,5,3,6
37,Snapper,15963571525512916307,24,5,1,10
