55,Spearfish,7571509409482028369,18,1,1,7,-1
59,Salmon,460896265227735661,19,5,4,14,-1
95,Octopus,6151523820110966899,32,5,1,7,-1
84,Crab,957389936735399387,21,2,3,21,-1
20,Trout,5302204898890680122,18,7,4,8,-1
38,Snapper,1044546328559614221,24,5,3,17,-1
41,Anglerfish,11270236039997509,21,3,3,20,-1
5031,Boot,2996710992828144778,25,5,1,10,-1
17,Spot Fish,14794489948796100691,19,4,3,1,-1
20,Trout,8095645759172751642,18,4,3,9,-1
75,Mola Mola Fish,11343606925906664505,29,2,2,21,-1
17,Spot Fish,12017069129289747657,16,5,3,6,-1
7,Bass,1771269916138950079,17,1,4,9,-1
46,Eel,1512029415726004424,16,2,4,14,-1
4,Perch,14834822579071823434,16,4,1,19,-1
51,Damsel Fish,10803906950925279707,28,6,2,18,-1
47,Eel,658101465900904436,15,4,1,3,-1
17,Spot Fish,2260059377799257066,25,3,4,4,-1
84,Crab,11809056614108216629,20,3,4,13,-1
57,Spearfish,4127785957459553056,25,5,3,19,-1
14,Sardine,10124247645624782947,13,2,1,16,-1
59,Salmon,17715730936587318787,16,2,1,10,-1
17,Spot Fish,2696120836859100084,19,5,3,7,-1
100,Jellyfish,12236632937786646421,29,3,1,4,-1
3,Tilpia,4362500178982492594,17,4,2,14,-1
45,Clownfish,12397124508582952461,21,3,1,2,-1
29,Herring,10678073203430754020,14,2,3,13,-1
25,Catfish,4302536972888705248,22,4,3,16,-1
7,Bass,11694958250572745279,19,3,3,17,-1
26,Catfish,9658694154390131748,21,3,3,13,-1
63,Barracuda,9669452431514650874,25,6,4,5,-1
69,Grouper,12350675820054434990,20,5,4,11,-1
43,Clownfish,9369307495706006236,19,3,4,11,-1
16,Trout,11736605306471367219,20,3,3,11,-1
81,Starfish,12057827457709121561,17,2,4,13,-1
22,Pufferfish,368138454971756637,16,5,2,12,-1
13,Sardine,5098650642854773718,18,5,3,13,-1
20,Trout,17247746634356253921,21,2,2,21,-1
45,Clownfish,3657678388926257717,29,3,1,7,-1
62,Barracuda,7247918892218785503,21,1,2,10,-1
55,Spearfish,17862711606867146497,18,2,1,19,-1
74,Mola Mola Fish,12141131648531861579,23,2,4,17,-1
65,Piranha,1082444673082018893,17,3,2,1,-1
17,Spot Fish,6231261059510018634,21,2,2,9,-1
90,Seahorse,16750376947113760802,17,6,3,11,-1
32,Cod,15570157242438444094,19,5,3,15,-1
26,Catfish,1982013044538553590,23,4,2,3,-1
25,Catfish,8579343711344105195,19,2,1,7,-1
7,Bass,14370774212808821407,12,1,1,6,-1
47,Eel,10775355458222680243,22,4,4,4,-1
8,Bass,11786954449755643422,17,2,2,5,-1
5,Perch,13310444031077377529,25,6,4,8,-1
38,Snapper,10837068551677424920,23,2,2,12,-1
28,Anchovy,8282310888524386467,19,6,1,17,-1
74,Mola Mola Fish,3166962657374249734,21,1,4,14,-1
29,Herring,10022941146412340801,14,2,4,6,-1
97,Golden Takoyaki,7539286816217314978,37,9,6,6,-1
13,Sardine,14868597058281713500,15,5,1,16,-1
84,Crab,6228056416718795141,22,3,1,9,-1
90,Seahorse,1256192670410977856,20,6,4,21,-1
31,Cod,14686878662407757678,21,5,2,1,-1
14,Sardine,6558640098687355090,21,5,1,20,-1
71,Angel Fish,8847346626948542657,19,6,2,7,-1
17,Spot Fish,13155108054882466937,18,5,4,19,-1
65,Piranha,4536187485315132622,21,3,4,10,-1
82,Starfish,12609415661679395924,26,6,3,9,-1
51,Damsel Fish,9953189530948223561,26,7,4,18,-1
59,Salmon,2974855818650183130,21,1,4,13,-1
17,Spot Fish,10799826914924027454,16,4,2,8,-1
56,Spearfish,4282987820309731835,31,6,2,16,-1
50,Damsel Fish,9543534942478311690,19,3,2,13,-1
63,Barracuda,12417140355712870114,23,2,3,5,-1
5,Perch,4926909216156278139,16,2,1,13,-1
25,Catfish,6889046963546452562,16,3,3,12,-1
26,Catfish,4145323577604873635,30,2,2,21,-1
65,Piranha,16324130478363565684,19,3,4,14,-1
5031,Boot,18070205055181999427,20,5,4,3,-1
35,Triple Tail,13412798840121681313,25,6,4,20,-1
1,Tilapia,15980154755255525070,20,4,1,17,-1
31,Cod,18311073868353958322,14,1,2,19,-1
95,Octopus,13467655194863110504,25,6,3,8,-1
41,Anglerfish,7988630365103717910,21,5,2,19,-1
32,Cod,17357764138523729762,15,2,1,19,-1
32,Cod,17908022831466612916,12,2,4,14,-1
1,Tilapia,4658728123566496180,18,1,3,18,-1
23,Pufferfish,6721859561159048440,17,1,3,3,-1
15,Spotfish,15752811327634995131,25,2,2,11,-1
60,Green Salmon,13877218212965099977,24,4,3,9,-1
8,Bass,9338073132519677692,16,4,2,13,-1
53,Bluegill,13229850772060878063,20,6,2,3,-1
50,Damsel Fish,4859575605544380072,13,3,3,19,-1
1,Tilapia,9642106434789974004,13,6,3,7,-1
32,Cod,17341631814763492579,15,1,3,5,-1
68,Grouper,8435583731546815310,30,6,3,13,-1
26,Catfish,946054400403153192,19,2,3,11,-1
5,Perch,16659763686909651380,21,3,2,5,-1
33,Cod,3765902482992984733,26,2,2,20,-1
11,Sardine,2143331392773678286,17,3,3,15,-1
16,Trout,5708735860319719171,23,2,1,17,-1
69,Grouper,10444950798283025846,14,1,2,8,-1
93,Blue Lobster,14534495024431823292,18,5,1,13,-1
68,Grouper,18123172783348593149,22,4,4,19,-1
89,Seahorse,6777726453752424475,17,5,4,1,-1
28,Anchovy,17790207243989792109,16,4,4,3,-1
14,Sardine,15415857453603511821,13,6,4,1,-1
1,Tilapia,18373935302750662686,21,1,3,13,-1
32,Cod,11312005220906040464,18,6,2,13,-1
16,Trout,2105698822826432071,14,2,3,17,-1
53,Bluegill,1625633614732595902,17,5,2,12,-1
32,Cod,11796270138152930772,24,2,3,11,-1
38,Snapper,14726880104700470702,25,2,1,11,-1
10,Sardine,5768488832373920705,13,4,4,17,-1
26,Catfish,17578202336695816442,31,7,2,21,-1
1,Tilapia,15080774017107820839,14,4,3,7,-1
90,Seahorse,656147749983131705,26,7,1,6,-1
16,Trout,3453490481578757643,23,3,4,11,-1
43,Clownfish,10194109342882212510,23,3,2,13,-1
4,Perch,10333209828012364494,20,2,3,3,-1
40,Anglerfish,4156391923929055426,18,2,4,12,-1
19,Trout,4678033992851213435,17,5,1,10,-1
31,Cod,2759806512246007290,20,1,1,17,-1
4,Perch,6443112354838975228,24,1,3,11,-1
8,Bass,4964164925634736639,22,1,3,18,-1
54,Redgill,7361488440807017853,24,3,4,8,-1
69,Grouper,3013009436925655588,17,1,2,13,-1
69,Grouper,18017754313418670942,16,6,4,18,-1
31,Cod,17490016461328239026,20,2,1,1,-1
28,Anchovy,14885081981376800523,17,1,3,17,-1
32,Cod,10404321702089017523,21,1,2,6,-1
5,Perch,15620971195809739113,17,5,1,9,-1
5029,{NULL}fish,5956764142431391485,100,0,0,0,-1
48,Electric Eel,2558380055742246383,26,6,3,10,-1
45,Clownfish,7375560904993868217,24,4,2,9,-1
37,Snapper,11621269360153789877,15,2,4,7,-1
23,Pufferfish,16232909128591798654,21,4,2,13,-1
75,Mola Mola Fish,12384245554058515343,31,2,3,21,-1
98,Jellyfish,7530909477231787943,25,2,2,3,-1
4,Perch,11695190960362751844,14,6,3,5,-1
29,Herring,15690728627664244726,22,5,4,4,-1
74,Mola Mola Fish,8549459207565409023,18,3,4,6,-1
16,Trout,1618805919367565512,24,6,1,8,-1
10,Sardine,15402721397838356433,19,1,2,17,-1
51,Damsel Fish,163230139674024733,24,3,3,19,-1
78,Turtle,15499552277448803355,26,3,3,5,-1
76,Mola Mola Fish,754418325866202293,23,4,6,18,-1
76,Mola Mola Fish,9633426937243678044,34,3,4,11,-1
22,Pufferfish,14872956885140056350,20,5,4,9,-1
5059,Great white shark,3097886712026053882,23,6,1,5,-1
50,Damsel Fish,9352483119475149582,21,1,4,1,-1
65,Piranha,13542445038215808311,16,1,1,16,-1
12,Sardine,5432927419577408188,28,7,4,19,-1
59,Salmon,7474438294623248879,22,4,2,16,-1
12,Sardine,13618877043439243103,25,7,1,7,-1
46,Eel,8211174842644347453,25,1,4,2,-1
89,Seahorse,10330647178042267672,17,1,2,3,-1
51,Damsel Fish,16003142976937500580,30,3,1,4,-1
59,Salmon,1426898875290968014,20,2,4,9,-1
98,Jellyfish,3920423261547853230,31,2,3,3,-1
30,Herring,6842849380047429850,21,5,2,4,-1
17,Spot Fish,3845209297928479163,22,3,3,20,-1
47,Eel,3286286702954732519,21,1,3,13,-1
71,Angel Fish,5140855023010438445,19,3,3,5,-1
65,Piranha,17882421121459432172,13,5,2,11,-1
56,Spearfish,11071214856686906342,20,6,2,11,-1
23,Pufferfish,2756921549541075251,20,5,1,7,-1
35,Triple Tail,893380212347393481,25,3,4,18,-1
23,Pufferfish,8066632630956279664,20,4,4,5,-1
40,Anglerfish,15874575944345197725,25,5,2,3,-1
34,Triple Tail,2039685497443093782,20,3,4,11,-1
5031,Boot,10347548036623321923,21,2,4,2,-1
37,Snapper,4375063053494004849,20,1,4,14,-1
50,Damsel Fish,9265352323994515075,18,1,2,14,-1
82,Starfish,63789552616449343,18,3,4,5,-1
7,Bass,5154141472391608419,23,3,1,16,-1
16,Trout,2248805366469240344,16,1,3,6,-1
32,Cod,7041313371137617224,19,1,1,11,-1
71,Angel Fish,6350789208772254169,12,3,4,3,-1
22,Pufferfish,11264388848235702994,21,5,3,3,-1
13,Sardine,3056909608442569804,21,1,1,8,-1
87,Shrimp,5466147930905611487,21,5,4,4,-1
40,Anglerfish,16007503629961509752,17,4,2,1,-1
41,Anglerfish,3207904086312068941,27,7,3,17,-1
24,Pufferfish,1865993944845565864,23,4,4,6,-1
71,Angel Fish,13607867983745953034,15,4,4,14,-1
8,Bass,13073488929928944433,24,6,2,12,-1
74,Mola Mola Fish,8544517983550026954,22,1,3,20,-1
84,Crab,10854012118141435828,26,2,1,10,-1
79,Turtle,16753318624536837180,30,7,6,5,-1
50,Damsel Fish,5907400750111460563,19,6,1,1,-1
12,Sardine,6268186006799797209,16,6,3,14,-1
4,Perch,8568960034475982861,19,6,1,14,-1
40,Anglerfish,1907202955649055626,20,3,3,11,-1
19,Trout,5865955560467681688,15,4,3,15,-1
71,Angel Fish,11084246691395597253,17,6,3,18,-1
69,Grouper,9470408505624655441,19,2,3,4,-1
94,Lobster,12700655236823806606,29,2,3,4,-1
7,Bass,16636489756080836205,16,5,1,19,-1
10,Sardine,18361178818286548780,20,4,2,19,-1
