1,Tilapia,17803622954072727619,14,3,1,16
25,Catfish,2702613965429768863,26,6,3,13
59,Salmon,7135893572657525376,22,6,4,5
17,Spot Fish,15517397397675906670,19,1,3,2
20,Trout,9653819295129266406,33,4,2,19
17,Spot Fish,16643436818726065594,18,1,4,13
65,Piranha,6692325760173906633,18,4,3,7
22,Pufferfish,518455843027831643,21,3,1,2
23,Pufferfish,6814244282724829293,19,4,4,8
23,Pufferfish,18039604750931929003,23,4,4,3
75,Mola Mola Fish,14858749008827135631,22,2,1,3
39,Snapperfish,1099282123162174056,27,3,1,16
15,Spotfish,12962033264777954725,29,7,1,14
55,Spearfish,12911003944753474541,16,1,1,7
23,Pufferfish,11992085496955497357,21,4,4,9
19,Trout,14391085206096938663,20,2,4,14
17,Spot Fish,5960122545706202777,17,4,3,9
17,Spot Fish,7143648072437065501,13,1,1,14
43,Clownfish,16881008429540355277,15,5,2,15
17,Spot Fish,17519596948593089092,24,3,2,8
34,Triple Tail,6142353217292193640,13,2,3,13
11,Sardine,3404424193635566973,21,6,2,6
32,Cod,4432030255847188208,20,6,3,17
65,Piranha,12003872487768132952,23,4,2,7
3,Tilpia,12414287555128346256,22,6,2,10
23,Pufferfish,6493887534476001575,18,3,2,12
13,Sardine,4346914572416663510,23,3,1,10
11,Sardine,6473456160935000671,20,3,3,1
16,Trout,15206476528570845063,23,2,4,2
28,Anchovy,12233630418431311819,23,2,1,20
5067,Pop-eyed goldfish,3417247118280856466,26,7,1,17
17,Spot Fish,6094718253175690136,19,5,1,8
38,Snapper,5673578222025724370,22,2,1,12
23,Pufferfish,5197641192381751980,14,2,1,16
12,Sardine,16090567005444762127,22,3,2,4
5031,Boot,14982420174766394372,17,6,2,13
34,Triple Tail,15400980204466271324,23,3,4,2
38,Snapper,2047308969971422244,22,1,3,11
38,Snapper,15958251355919539819,21,3,1,10
14,Sardine,9367271148458104145,19,4,3,7
16,Trout,3021723505048662087,16,6,2,9
77,Turtle,15371188861229005822,13,4,1,9
30,Herring,6841295502362045333,19,2,2,14
13,Sardine,13525704760364604524,20,5,2,17
14,Sardine,5959541747791569640,18,6,4,4
5,Perch,1262465801056228022,19,5,3,14
71,Angel Fish,5474477577803531145,20,6,1,10
53,Bluegill,12668701756797993911,18,5,3,16
51,Damsel Fish,6818177561619661642,26,3,2,3
16,Trout,14130200528226771574,16,2,1,8
34,Triple Tail,11281965764881115422,20,3,1,7
1,Tilapia,6413724548561455743,26,6,4,9
22,Pufferfish,5230581191070498252,19,4,4,11
23,Pufferfish,4584762672156971951,18,4,4,7
39,Snapperfish,978945316576974035,22,6,4,18
30,Herring,14502363167365491462,18,5,1,14
13,Sardine,7058051809926002974,20,5,2,1
5029,{NULL}fish,924291974910583950,100,0,0,0
11,Sardine,2906865913585366429,22,1,3,11
28,Anchovy,5584230424277604960,15,3,3,10
31,Cod,3163661326421111495,15,1,1,12
16,Trout,6759967057381038979,20,3,4,11
56,Spearfish,16703138582137950449,24,5,3,9
75,Mola Mola Fish,14294365829745156591,20,2,1,4
32,Cod,230528713024583924,22,6,4,10
22,Pufferfish,610713061053554231,22,3,2,5
32,Cod,17382210401106234841,18,3,2,4
16,Trout,6821394223721454094,15,5,4,3
5029,{NULL}fish,13520417802312612224,100,0,0,0
11,Sardine,1415811903979587284,22,2,2,7
7,Bass,3462636608874600640,18,5,4,14
31,Cod,1746483955449532238,20,5,3,1
37,Snapper,8128263027950641433,20,4,3,12
4,Perch,4264970440934457077,15,5,4,19
28,Anchovy,17500427378880269977,20,2,2,9
65,Piranha,6079266086634270739,17,2,4,11
41,Anglerfish,4119715062369237630,19,2,1,14
32,Cod,9444509008327341414,16,2,4,4
5059,Great white shark,11800243891485858793,20,7,2,4
7,Bass,857269501558792983,14,3,3,10
7,Bass,9208272822923651249,18,4,2,9
4,Perch,17629433092070903017,23,1,2,9
19,Trout,6294690743747905187,16,6,3,6
68,Grouper,3431965068214211520,27,6,1,11
43,Clownfish,14464199764312633753,20,1,1,3
47,Eel,14254830187092814068,22,4,3,6
28,Anchovy,4873102695055051468,22,1,1,6
37,Snapper,359894481384262801,26,2,1,1
89,Seahorse,8596920725294013087,19,2,4,18
43,Clownfish,9106861608528296005,21,1,3,17
1,Tilapia,10489176474611930746,15,1,4,3
53,Bluegill,6892479752261395194,17,6,1,18
59,Salmon,16474335568643466884,17,1,4,13
5029,{NULL}fish,8039869777931110120,100,0,0,0
5027,Cutthroat Trout,15209945493556946294,21,7,4,9
36,Triple Tail,12874689917823948918,26,7,4,3
6,Perch,15288209104813004716,24,5,1,9
13,Sardine,4154520747270457097,14,6,3,11
4,Perch,1937620570147834188,20,2,4,5
34,Triple Tail,147529773768494502,15,2,4,4
7,Bass,17857144194393035397,17,3,2,7
31,Cod,15982828972825201946,25,4,1,4
32,Cod,17364163513990564761,19,5,4,15
17,Spot Fish,170793073361513666,19,2,1,12
4,Perch,7591597476348711867,17,2,3,2
37,Snapper,13777390346676502537,15,5,1,18
7,Bass,3486560430938226345,18,2,4,13
4,Perch,4815177405418739281,17,1,3,9
5,Perch,11958479502590619056,19,6,1,17
53,Bluegill,9837502719774081019,18,4,4,17
94,Lobster,6382200601647227911,23,6,4,2
13,Sardine,7955083280504904733,20,2,4,11
44,Clownfish,17092832125144615421,16,1,1,19
16,Trout,9776982732587904789,24,2,1,10
4,Perch,6508011406576020684,20,1,4,8
28,Anchovy,11256863168964137224,19,2,1,1
46,Eel,3458774058667127629,21,4,3,13
28,Anchovy,5377654623724673966,23,2,4,8
23,Pufferfish,12868148322524923651,20,3,2,1
69,Grouper,11717448238178870164,20,3,1,13
30,Herring,5912546042520939287,18,4,4,17
44,Clownfish,14746177659510741116,18,3,1,18
36,Triple Tail,17239764074195329211,30,5,4,2
37,Snapper,13592732252004708931,22,5,3,20
7,Bass,4953047836485130390,22,1,1,18
23,Pufferfish,10371607475226884733,22,3,3,2
28,Anchovy,1094385204188353940,20,4,4,17
7,Bass,140718884768755764,18,3,4,15
46,Eel,16593746513710868164,23,5,4,18
13,Sardine,1259851493959379180,15,3,4,10
32,Cod,3569933932824872858,18,6,3,13
34,Triple Tail,4649739358810302451,20,6,1,2
13,Sardine,3925792350334192920,14,6,4,10
1,Tilapia,11910702427875295213,13,1,2,1
40,Anglerfish,9351882386125464005,18,1,4,17
16,Trout,12341802423007243692,26,3,3,2
19,Trout,5915416120591927407,13,1,2,9
54,Redgill,8660642310977153917,23,5,1,14
28,Anchovy,9257048439700240979,17,1,4,18
4,Perch,3951846662313599731,18,5,3,17
43,Clownfish,14053646278356716776,14,4,3,3
55,Spearfish,6288474468173637574,21,3,3,3
5,Perch,5933633763540423734,16,3,1,18
46,Eel,11050532226462266750,17,2,4,14
98,Jellyfish,17606095434068332395,26,3,1,2
11,Sardine,11495986110379058608,15,6,1,5
7,Bass,7016756879368151621,23,5,3,11
37,Snapper,9646011018475904648,21,2,1,12
16,Trout,1948155739003952031,17,6,2,7
30,Herring,8668137975483141477,23,6,3,15
13,Sardine,1256904682547663842,20,2,1,18
39,Snapperfish,5991427878850377393,29,5,1,2
10,Sardine,11421157166217587108,13,2,1,15
14,Sardine,15719042640164047032,21,6,4,15
5031,Boot,74184221716974581,18,4,3,7
46,Eel,11957067150717002192,18,5,3,7
17,Spot Fish,7161576002478453725,14,5,1,3
34,Triple Tail,10781723233270724444,21,1,1,14
62,Barracuda,9287675887392312032,15,1,3,11
7,Bass,11545455883207746752,22,1,3,15
71,Angel Fish,3262418494712425128,21,6,1,17
81,Starfish,4146675578704860474,19,5,2,2
16,Trout,15455840911019549918,13,1,3,3
7,Bass,6869877752567940126,18,3,1,19
69,Grouper,718451232300758951,22,1,1,19
40,Anglerfish,179756872646943,19,5,1,10
38,Snapper,9410677092188276230,19,2,3,16
48,Electric Eel,15962388716567422356,20,7,4,11
46,Eel,16014841092202649808,19,5,2,10
32,Cod,17209962324879437379,25,1,2,11
37,Snapper,2618911486579844158,24,3,2,9
39,Snapperfish,11961070038019072824,22,3,1,12
65,Piranha,8348725654367676103,20,2,4,13
46,Eel,123872037747884582,17,3,3,10
31,Cod,6256964574174405655,19,5,4,13
