34,Triple Tail,11877046699445893691,19,5,4,16,-1
1,Tilapia,9962565096110131244,15,2,2,9,-1
40,Anglerfish,9043982807725272253,22,6,4,6,-1
37,Snapper,8571182642060011897,22,3,2,17,-1
20,Trout,12131661446106312722,20,5,4,6,-1
11,Sardine,8741069335335372374,24,2,3,18,-1
17,Spot Fish,15851054432123218640,22,6,4,11,-1
43,Clownfish,3561588859661468582,20,4,4,11,-1
16,Trout,6111980388817816925,16,5,1,18,-1
81,Starfish,10965744436276931892,14,2,3,14,-1
23,Pufferfish,7449288872276542245,23,1,2,12,-1
44,Clownfish,14458684669419465875,20,1,1,12,-1
4,Perch,4924819907108048535,23,6,3,10,-1
43,Clownfish,18319162663365180693,16,5,3,6,-1
13,Sardine,12135367749899314882,14,2,1,3,-1
17,Spot Fish,8540201834121335698,18,2,4,12,-1
32,Cod,16449922555381027867,18,3,4,7,-1
