78,Turtle,16830686075337093772,27,7,2,8
32,Cod,16102274777852527525,18,5,2,1
7,Bass,5814247001811839165,15,6,3,4
8,Bass,1347776789334899654,21,4,3,14
71,Angel Fish,4960347389508168569,20,5,1,14
37,Snapper,1456136573868415711,22,6,1,5
10,Sardine,15479579982584641595,15,2,2,5
44,Clownfish,14397378080900782418,24,1,3,5
53,Bluegill,7097356487422969389,21,3,2,7
4,Perch,8996851012350971254,19,6,3,4
37,Snapper,13038773532652392672,18,4,1,7
5031,Boot,16647245086497244341,18,4,4,19
81,Starfish,7844170785230987194,19,3,4,18
32,Cod,4288374600093652576,20,2,2,10
77,Turtle,4652654853101820230,13,5,1,8
32,Cod,9267175642613139518,17,5,2,5
5031,Boot,17037092457111703021,26,1,1,11
16,Trout,3842931663348023661,23,5,4,7
37,Snapper,7198179605786397392,19,4,3,8
23,Pufferfish,5699077818077806047,13,4,1,8
78,Turtle,5436790551969022721,25,4,1,21
13,Sardine,3224466539192199033,16,2,1,1
28,Anchovy,17169621838754425588,19,6,1,6
57,Spearfish,16227105325398579533,27,3,1,3
32,Cod,3276263128698476123,20,2,2,5
7,Bass,776344699524795616,18,1,1,18
16,Trout,8702281478948830413,20,5,2,16
4,Perch,13549135703940605398,22,2,1,12
89,Seahorse,5927265349051989546,15,6,4,15
4,Perch,3576361863552198138,20,4,3,15
5031,Boot,18234738492433077192,14,5,3,8
81,Starfish,17267264315764977755,21,6,1,18
10,Sardine,10635872147287370521,16,6,2,4
74,Mola Mola Fish,12772637359947746838,15,3,1,5
22,Pufferfish,7118578429632646469,17,4,2,8
53,Bluegill,9977056778417585750,19,6,1,6
44,Clownfish,17675202520110449040,16,4,4,20
16,Trout,10225283044369510268,14,1,3,12
65,Piranha,10090245283758030809,19,4,1,7
26,Catfish,4040423070935694217,19,4,1,13
16,Trout,13445024399062306070,24,6,3,12
63,Barracuda,18011390322985666973,22,4,1,14
28,Anchovy,307591644840508384,20,3,2,5
37,Snapper,18224237266591261611,17,1,3,9
5029,{NULL}fish,6848678675464916247,100,0,0,0
28,Anchovy,3817687245309643099,12,5,3,6
55,Spearfish,8098534483309707048,16,6,2,7
1,Tilapia,12222923183777294074,20,4,2,17
16,Trout,15665751738693389876,24,6,3,6
16,Trout,11091379797589289893,21,1,1,1
32,Cod,7159578825578298981,19,2,1,9
54,Redgill,6795131302276377389,26,5,2,8
28,Anchovy,1980254191120139954,25,6,1,5
77,Turtle,10010022368473383306,20,5,1,3
63,Barracuda,14985143543425592919,24,2,1,20
93,Blue Lobster,15835760197406937881,18,3,1,5
77,Turtle,12110332302498804747,18,1,1,6
25,Catfish,14626653825016192820,23,5,2,5
89,Seahorse,2610639231154115452,22,2,2,15
53,Bluegill,9127255595594181896,18,5,3,11
59,Salmon,4058913152603839573,16,2,3,16
16,Trout,373902252065536876,17,6,4,3
36,Triple Tail,6910432951440111896,15,5,2,9
12,Sardine,1030795630790112615,24,3,1,11
22,Pufferfish,1316729085023946915,14,2,3,13
13,Sardine,13338410349921124068,22,6,1,3
1,Tilapia,13229722409756659182,18,4,4,3
1,Tilapia,16275659577758108592,26,2,2,10
23,Pufferfish,10118742183741991372,15,3,3,11
37,Snapper,15109996287272378448,21,5,2,1
38,Snapper,12067626356380148203,26,3,1,11
43,Clownfish,14755217118011569500,15,6,4,15
5,Perch,8681607637977969545,20,3,2,14
1,Tilapia,11410149583735577322,13,6,3,13
74,Mola Mola Fish,14405154087876802483,22,1,3,12
81,Starfish,14890271711364101201,21,4,2,20
10,Sardine,9538698250622031886,19,1,2,16
1,Tilapia,11277501507299306218,12,6,1,11
50,Damsel Fish,9553696331701026517,23,2,3,10
47,Eel,17993708814510378873,22,3,1,6
13,Sardine,8058504291887751403,20,1,1,10
39,Snapperfish,7777397113308599614,31,4,4,3
77,Turtle,6506603122366601066,17,3,4,13
19,Trout,18428022561603846703,20,6,3,4
13,Sardine,6054206134472537411,16,2,2,12
46,Eel,1996993039776944064,15,1,3,6
46,Eel,10302974316681421989,17,3,2,16
37,Snapper,15306105941451987539,24,2,4,17
50,Damsel Fish,12818990391642766234,20,6,2,5
22,Pufferfish,18136829259470699577,24,2,2,16
11,Sardine,7817421046188666805,16,5,4,4
55,Spearfish,511881549965267259,25,5,3,15
4,Perch,4820179584441520231,14,5,2,7
43,Clownfish,7096255066192144552,15,4,2,1
23,Pufferfish,13971809117411174226,16,6,3,11
7,Bass,16281548133273936926,19,6,3,12
81,Starfish,2029326729776320623,16,6,2,16
8,Bass,15907732974308709266,18,4,4,10
13,Sardine,15513094546473106749,20,6,1,6
37,Snapper,5983340579045602168,13,6,2,4
74,Mola Mola Fish,15029208881907670877,16,6,2,3
11,Sardine,17694798313365511751,20,3,1,4
14,Sardine,2779108779151476102,14,5,3,4
5029,{NULL}fish,10111736015044183044,100,0,0,0
26,Catfish,7758380457775147789,21,3,4,19
34,Triple Tail,6109997328477739427,17,2,4,16
32,Cod,15738351512955674888,22,2,2,12
11,Sardine,12122734612921224447,19,3,2,1
12,Sardine,2846293967538540642,27,2,3,12
84,Crab,17202097184433309048,15,7,1,2
94,Lobster,9160017651036786499,24,3,3,6
6,Perch,5177496827798620075,16,6,3,13
43,Clownfish,4278913963286688357,17,6,1,19
75,Mola Mola Fish,1552466816768371659,23,4,2,8
74,Mola Mola Fish,16054404522914029707,20,4,1,20
5031,Boot,15838989202649949279,15,2,3,8
71,Angel Fish,9647305274341122340,21,5,1,6
5049,Axolotl,6471057890654845572,29,8,1,20
62,Barracuda,7942399248929903237,17,2,4,13
90,Seahorse,4562400805209887644,20,4,2,9
16,Trout,17182039352054502504,16,1,1,4
25,Catfish,1649136291447429302,20,1,1,7
43,Clownfish,10555230979436274421,22,2,3,14
8,Bass,13241383112560447734,16,3,3,6
57,Spearfish,5350360309858267414,21,4,3,9
95,Octopus,17371806600594196816,29,2,3,11
75,Mola Mola Fish,1457156013912253275,21,4,2,20
87,Shrimp,4203307316566893779,27,6,1,6
62,Barracuda,12995441732084605077,20,3,4,15
18,Trout,3630284298511258135,22,6,1,11
79,Turtle,14964777266865143582,25,10,2,17
65,Piranha,14988312867074335596,22,5,1,11
38,Snapper,14247303948506778845,22,2,1,3
16,Trout,13220111945675836251,20,3,3,5
87,Shrimp,6662099320457380807,29,7,2,10
7,Bass,1951499089386998271,18,6,1,2
77,Turtle,1471613577471303618,19,4,1,2
71,Angel Fish,765869297137086340,15,2,3,6
89,Seahorse,17129115988470283082,19,2,1,19
7,Bass,9603411170466234557,13,1,4,16
63,Barracuda,10911746157770100348,20,5,4,10
38,Snapper,9656118890969264654,15,4,4,15
13,Sardine,2893569317531457249,23,3,3,15
46,Eel,13458732493052871420,19,5,3,11
84,Crab,9732760195161010617,31,5,3,13
69,Grouper,6735850036670059215,17,2,2,15
11,Sardine,4357720846880392682,19,6,2,18
45,Clownfish,15963335847545492292,26,4,4,9
14,Sardine,15531807012889999053,20,4,3,11
50,Damsel Fish,13859175642214392228,19,1,4,2
50,Damsel Fish,6143647251901885453,15,4,1,13
20,Trout,13804936873496820862,25,2,2,6
31,Cod,7359455811327472771,23,5,1,17
5027,Cutthroat Trout,14286523202251811685,27,6,1,2
5049,Axolotl,3459736960926028013,26,6,5,13
5059,Great white shark,15955280466912226466,30,2,4,2
7,Bass,13601353670403791138,14,5,3,9
76,Mola Mola Fish,9679148062767138027,21,6,2,14
40,Anglerfish,7705005005177942085,18,5,3,13
56,Spearfish,7529676830763767763,24,7,2,3
11,Sardine,16144145877096475819,13,6,4,11
62,Barracuda,10265755996697308420,22,2,3,18
46,Eel,17091992501011286090,19,1,4,12
40,Anglerfish,7232103607514552650,25,1,4,9
69,Grouper,17922105694073417752,23,2,2,19
38,Snapper,17518136936545924507,24,6,4,12
25,Catfish,9496178295532500145,18,1,4,9
59,Salmon,12561787429035608325,13,4,1,2
17,Spot Fish,5565744186789826478,17,3,2,15
55,Spearfish,6076538346494058616,22,3,1,16
7,Bass,4157813498352848049,20,6,1,2
7,Bass,13898610928056049583,16,4,2,13
4,Perch,17586292994961992801,22,5,1,16
4,Perch,379159476202277061,17,2,1,17
62,Barracuda,17930542926879422581,18,4,2,11
44,Clownfish,12201009656332887685,17,6,4,10
63,Barracuda,5427505792419554970,23,3,4,6
16,Trout,1032522758935178351,18,5,3,15
14,Sardine,8789609869742789136,15,4,4,20
81,Starfish,7454033402871333853,21,2,2,19
14,Sardine,2352658794806431781,21,4,4,7
43,Clownfish,17499181864338386497,17,5,4,3
82,Starfish,5922827161309755870,24,7,2,13
53,Bluegill,1370369742052763477,18,6,3,8
16,Trout,16536135666909590145,22,5,4,17
65,Piranha,13836292758423008874,17,2,4,4
5,Perch,9419981268840626430,18,1,2,2
4,Perch,5448138314428156952,25,3,3,18
72,Angelfish,11600623606465936910,21,3,2,18
19,Trout,12280978576237396478,13,1,4,17
87,Shrimp,11061397457238096148,22,6,4,19
50,Damsel Fish,6616097832487887958,15,2,2,1
56,Spearfish,9967280392598816609,23,6,4,7
10,Sardine,10697747253014416164,19,1,1,17
74,Mola Mola Fish,5551794061502709530,22,3,4,12
33,Cod,14831250248450448518,31,3,2,16
25,Catfish,10815701341311464514,20,4,3,16
69,Grouper,10827734869220542716,20,6,2,2
8,Bass,11024991701722181270,21,4,2,8
33,Cod,8590049821991099793,27,2,2,4
10,Sardine,5124363122697364217,20,4,4,5
76,Mola Mola Fish,12756845247424800228,28,8,3,9
13,Sardine,16328665912030624227,24,5,3,9
74,Mola Mola Fish,3040381715401864857,19,3,4,17
35,Triple Tail,9641215937402274468,23,4,3,8
54,Redgill,9086808663091213076,17,5,2,21
79,Turtle,10003814277601266920,26,7,4,6
29,Herring,1666789907171441918,19,4,3,6
13,Sardine,15032018577098666806,26,1,3,16
5029,{NULL}fish,5117784877934416865,100,0,0,0
1,Tilapia,1794548614847916785,17,5,2,5
18,Trout,4611223528004360465,35,5,1,18
71,Angel Fish,14098915999092943192,16,1,3,18
31,Cod,11477849532039603768,22,6,3,5
37,Snapper,1621482039834990850,21,2,4,8
100,Jellyfish,17626459592863188366,24,2,1,14
84,Crab,14476245880744330720,27,4,2,13
74,Mola Mola Fish,1782239177909595970,16,1,4,2
77,Turtle,1478918304164388345,20,2,1,16
30,Herring,6967743504764009487,19,3,2,9
69,Grouper,11858367193213149964,17,6,1,15,0
100,Jellyfish,702072461846265464,20,3,1,15,0
44,Clownfish,10461147827601783241,22,1,2,16,0
5031,Boot,15270434587336334171,19,2,3,6,0
44,Clownfish,14176856587893755014,13,5,4,1,0
82,Starfish,3456891223809605043,21,5,4,3,0
8,Bass,6138811970588492903,22,5,3,13,0
5031,Boot,11016512163827282268,23,6,3,17,0
86,Shrimp,11149210437737601160,24,3,3,12,2
65,Piranha,7533289600940650196,22,5,2,11,0
79,Turtle,10394013810693875220,30,3,3,21,7
50,Damsel Fish,18372974715338878621,16,2,2,8,0
47,Eel,1334453352090224111,20,3,3,13,0
99,Jellyfish,15853589138467182535,17,2,1,3,0
72,Angelfish,15458119516374045740,22,2,1,10,0
90,Seahorse,17438407630618038073,29,2,3,16,2
30,Herring,6709680159040452544,17,6,4,12,6
69,Grouper,12304281976766010282,15,4,4,9,0
36,Triple Tail,17963287513108001691,29,7,4,12,3
74,Mola Mola Fish,3781842501959395234,23,1,4,8,0
62,Barracuda,14577113350618154934,22,5,3,15,0
5031,Boot,5363636999179161482,18,6,1,17,0
