28,Anchovy,312058715697737965,14,6,3,6
13,Sardine,13032341710921578495,18,4,4,13
39,Snapperfish,17356269066098229555,25,5,1,10
11,Sardine,12709307958729468049,24,6,4,18
7,Bass,8921683533092047785,16,2,4,3
3,Tilpia,10226796260749968961,19,5,3,20
1,Tilapia,16205128311117403077,14,1,1,12
7,Bass,10633737219163212174,14,4,4,18
34,Triple Tail,11512882062616524679,19,4,4,10
14,Sardine,6420818969647792678,16,2,1,17
45,Clownfish,6934142002489332841,24,7,1,8
62,Barracuda,17405850818923136546,20,6,4,1
40,Anglerfish,3146737442776584716,17,2,3,5
29,Herring,10633954285902365675,18,1,2,20
13,Sardine,17170543231282329321,23,3,2,1
5,Perch,14351838333946438441,18,6,2,14
81,Starfish,6135983729908345215,23,2,2,19
98,Jellyfish,6499181752125966158,26,4,3,17
72,Angelfish,4687388571774778153,18,7,3,10
23,Pufferfish,3151088148961362058,17,5,2,3
16,Trout,4697921885062845883,21,3,2,19
20,Trout,16415749845185725771,32,4,3,11
11,Sardine,14571785679128094170,12,1,1,4
25,Catfish,6907499681523866401,17,1,1,6
13,Sardine,10390675206031092736,23,2,2,13
31,Cod,1056239162420182896,16,6,1,16
25,Catfish,15380217279973800433,14,2,3,10
19,Trout,8949177475370173272,13,6,1,17
17,Spot Fish,12918693419015090929,21,3,1,9
78,Turtle,1314534155947639930,28,6,3,4
17,Spot Fish,12034531881307354011,22,4,4,7
59,Salmon,14254441258692938894,20,3,1,19
10,Sardine,5845777660638667606,21,6,2,13
7,Bass,11292161005572115048,13,3,2,7
28,Anchovy,6873803208258328919,19,2,3,6
89,Seahorse,14015040383493730796,20,4,1,9
26,Catfish,3664888101503018057,34,6,1,8
5067,Pop-eyed goldfish,2549971709315516566,27,2,2,18
5049,Axolotl,9723331217301844894,19,9,5,15
5031,Boot,14489951858622712251,23,1,4,20
5067,Pop-eyed goldfish,7627132110265157598,25,3,3,17
63,Barracuda,7017106580886875729,28,7,2,19
93,Blue Lobster,14983443979925171689,32,3,2,7
97,Golden Takoyaki,9790487337181971307,28,8,6,23
5067,Pop-eyed goldfish,12575894680137480282,22,4,2,15
11,Sardine,2751607249063919107,13,4,4,10
43,Clownfish,942487341993111282,13,4,2,10
50,Damsel Fish,9278412787584897320,19,4,2,5
59,Salmon,9449606509603385956,20,4,1,9
17,Spot Fish,11906720651224428824,21,2,2,11
