37,Snapper,1531859028329841616,19,3,4,20,-1
17,Spot Fish,7612818684223334294,19,3,1,13,-1
16,Trout,362769512146303716,12,4,4,8,-1
10,Sardine,15711020106649150018,20,6,3,9,-1
23,Pufferfish,12552441216379036317,18,2,4,9,-1
55,Spearfish,17461249077562229408,19,1,1,16,-1
32,Cod,12474864545123117893,18,6,4,10,-1
35,Triple Tail,8142345609434684159,25,6,1,19,-1
16,Trout,14892666277386312885,19,5,4,17,-1
56,Spearfish,12431286677119723428,30,4,4,3,-1
5029,{NULL}fish,5210607652065102528,100,0,0,0,-1
1,Tilapia,9355041391145381583,19,4,4,16,-1
23,Pufferfish,5332075224551813485,23,5,1,7,-1
5012,Red Handfish,14054202286547173074,25,11,6,9,-1
82,Starfish,6160164400981594582,27,4,3,10,-1
40,Anglerfish,13944161747656638931,15,3,1,14,-1
13,Sardine,14061729599260994149,21,4,4,20,-1
19,Trout,9618238777872369567,16,3,4,13,-1
94,Lobster,8903892886766111498,29,4,4,16,-1
45,Clownfish,13905614400801115739,28,7,1,11,-1
15,Spotfish,13657679983510031460,22,7,4,10,-1
100,Jellyfish,12149552306261243251,23,7,1,6,-1
25,Catfish,14532834931511120363,22,6,4,10,-1
50,Damsel Fish,11980997609827538031,25,1,2,10,-1
24,Pufferfish,15936445301269863125,32,2,1,16,-1
12,Sardine,2927991621402308316,25,4,2,14,-1
65,Piranha,1836204101641397406,19,5,2,12,-1
43,Clownfish,763412967062750492,26,1,4,20,-1
72,Angelfish,11837177328260022982,28,7,2,10,-1
56,Spearfish,8162615687627020893,31,6,3,2,-1
29,Herring,836119528909312221,17,3,3,8,-1
69,Grouper,17793430457772202116,19,2,3,2,-1
40,Anglerfish,2913511291229658995,19,5,4,6,-1
74,Mola Mola Fish,13435679585953891823,22,4,1,12,-1
51,Damsel Fish,9645518373153444025,33,4,1,15,-1
4,Perch,3747314629330587379,18,1,3,7,-1
50,Damsel Fish,5595159323186706574,21,5,1,5,-1
8,Bass,11489263963876730861,24,4,3,2,-1
62,Barracuda,12374914190540974742,19,1,2,6,-1
65,Piranha,7717997984318691343,14,5,3,16,-1
93,Blue Lobster,16324396606304712507,15,6,4,9,-1
68,Grouper,10158140984084054383,25,2,3,3,-1
13,Sardine,16374957985308213492,22,1,1,8,-1
65,Piranha,12974348103649557812,21,2,3,18,-1
23,Pufferfish,15243368410003988126,15,5,3,8,-1
32,Cod,15026560228005957628,24,2,2,7,-1
43,Clownfish,5171717007662137938,16,6,4,13,-1
5031,Boot,15107571773893740272,19,3,3,4,-1
55,Spearfish,13067785131496445677,23,6,4,14,-1
39,Snapperfish,10717586752546488974,23,7,2,14,-1
56,Spearfish,3419349154756025107,24,2,4,20,-1
5,Perch,12395360219869380973,23,2,4,10,-1
75,Mola Mola Fish,13707462709464358157,26,2,2,12,-1
77,Turtle,709884761789188699,20,5,1,17,-1
40,Anglerfish,5995917794744564508,24,3,3,15,-1
71,Angel Fish,1838792480301188199,21,3,4,13,-1
55,Spearfish,3701204922336595854,15,3,1,18,-1
19,Trout,4877804745515915374,19,3,2,18,-1
11,Sardine,4897691719508535337,16,2,2,14,-1
100,Jellyfish,724170249988220474,30,3,3,18,-1
54,Redgill,11405390342452544914,21,2,3,19,-1
55,Spearfish,14815714480958436162,25,4,3,2,-1
18,Trout,1007144863297372761,27,3,3,11,-1
84,Crab,14269288130386648829,26,5,3,15,-1
5,Perch,14137007433384840334,25,5,4,6,-1
50,Damsel Fish,14038734948896612957,22,3,1,5,-1
69,Grouper,7035708902467157514,18,1,1,13,-1
43,Clownfish,12530580660572202891,15,2,1,9,-1
32,Cod,2990356362275343456,19,3,1,4,-1
79,Turtle,15223136181309607556,22,7,6,13,-1
3,Tilpia,7934550172797200049,25,1,3,16,-1
44,Clownfish,16800375404111048975,22,4,4,1,-1
74,Mola Mola Fish,954637962182900033,20,4,3,6,-1
75,Mola Mola Fish,3426618918339301025,26,3,1,16,-1
76,Mola Mola Fish,9815581282066402187,28,9,3,9,-1
37,Snapper,970384863273508607,19,4,2,11,-1
65,Piranha,7880608305557986298,21,1,3,13,-1
28,Anchovy,844274576766036952,19,5,1,14,-1
81,Starfish,17473399975522204226,22,3,3,19,-1
28,Anchovy,6026817520965494513,20,3,4,15,-1
28,Anchovy,6483504180361664911,19,4,2,3,-1
37,Snapper,10052135536063402489,19,3,1,15,-1
24,Pufferfish,5971486783609772808,27,5,4,9,-1
3,Tilpia,337390024991707784,16,6,4,18,-1
1,Tilapia,4057848556155826863,21,5,3,1,-1
19,Trout,13013522613653283341,18,3,1,16,-1
44,Clownfish,17369766108026283278,17,5,4,20,-1
81,Starfish,17594159755424219317,19,5,1,10,-1
15,Spotfish,17833334392545642382,29,4,1,15,-1
34,Triple Tail,13945881850764461588,18,2,1,18,-1
12,Sardine,12241221123261594664,26,3,4,12,-1
74,Mola Mola Fish,10960709584000897108,18,4,3,6,-1
40,Anglerfish,11718827573058183526,15,4,3,15,-1
40,Anglerfish,3895102965236656490,12,6,2,5,-1
5,Perch,16005082324412591093,18,4,1,18,-1
5031,Boot,13994930722483738657,20,5,4,19,-1
18,Trout,663681000017848341,28,7,2,9,-1
71,Angel Fish,2044205748568216077,15,4,1,5,-1
47,Eel,12910318591589399922,20,4,3,12,-1
8,Bass,2034095083863950426,22,4,1,11,-1
1,Tilapia,9376084650592517629,21,5,2,17,-1
37,Snapper,7438469134351354440,20,2,2,3,-1
74,Mola Mola Fish,9503291903389718671,22,4,1,3,-1
5012,Red Handfish,10496932164841112728,22,10,6,17,-1
16,Trout,2263780084947788530,18,3,2,6,-1
1,Tilapia,4814642854352436012,18,6,4,2,-1
5,Perch,17338295786342679681,16,5,3,17,-1
14,Sardine,15849360812293594396,23,3,4,14,-1
3,Tilpia,5507528266071684566,20,2,4,18,-1
29,Herring,15936113381232383638,14,2,3,20,-1
17,Spot Fish,14599628435345171484,16,4,4,13,-1
53,Bluegill,15752502873124709980,24,6,2,10,-1
62,Barracuda,12332544543484892641,20,4,3,12,-1
16,Trout,14230827037489806552,16,4,3,19,-1
59,Salmon,16516273470941120053,18,6,3,16,-1
50,Damsel Fish,2837401024825631674,24,6,4,11,-1
65,Piranha,15354532721910528255,25,2,2,3,-1
53,Bluegill,6550190381397066023,25,3,3,4,-1
22,Pufferfish,619123335326351354,19,2,3,17,-1
77,Turtle,13348056163870828842,25,1,3,1,-1
74,Mola Mola Fish,12577313294620803982,16,3,1,12,-1
74,Mola Mola Fish,7862160794622372339,21,4,4,18,-1
13,Sardine,11760545071578176820,21,6,1,17,-1
56,Spearfish,14940565548739869896,20,6,3,14,-1
75,Mola Mola Fish,17180848429265037388,29,3,3,3,-1
5027,Cutthroat Trout,4390875623085188391,26,3,1,10,-1
5067,Pop-eyed goldfish,15738481637370850516,33,6,3,14,-1
43,Clownfish,5475025238174402842,18,4,3,20,-1
19,Trout,8720000080148492852,23,5,4,5,-1
3,Tilpia,8580230092654703342,21,2,1,3,-1
37,Snapper,13164255300112152207,16,3,2,19,-1
50,Damsel Fish,13795688382713989154,18,2,2,19,-1
14,Sardine,16658758277998526266,17,1,1,9,-1
55,Spearfish,13168414733484797862,16,6,3,5,-1
72,Angelfish,7027794698327756451,26,3,4,20,-1
31,Cod,3614603809892062796,15,1,2,16,-1
38,Snapper,12173045704712360400,20,5,4,8,-1
5,Perch,4470949474438453727,17,4,3,3,-1
5031,Boot,1615600960278880111,14,2,2,9,-1
79,Turtle,5602362015553058973,24,6,3,21,-1
40,Anglerfish,91659191553456902,16,4,3,9,-1
62,Barracuda,2738309215869870318,23,1,3,12,-1
22,Pufferfish,9087633608162917652,22,4,4,2,-1
55,Spearfish,8643404987038734175,17,5,3,2,-1
84,Crab,1719195723300299301,24,7,4,17,-1
32,Cod,11739710694621631871,17,4,1,1,-1
29,Herring,6714970250704995848,20,3,1,18,-1
59,Salmon,3883815267616130724,19,4,3,7,-1
7,Bass,9069158983694428298,24,5,4,1,-1
3,Tilpia,10537547775391985403,17,4,2,15,-1
89,Seahorse,17371769689311094113,12,3,3,5,-1
18,Trout,7527511331130821516,26,3,4,6,-1
11,Sardine,7283059206857231735,19,2,3,12,-1
28,Anchovy,18205699024198640208,21,4,4,15,-1
87,Shrimp,10525668367207334448,22,2,3,12,-1
5031,Boot,1653180969691237030,25,5,2,3,-1
51,Damsel Fish,16191651574154556520,21,3,2,17,-1
11,Sardine,17774758474666948637,17,5,4,12,-1
25,Catfish,2724402535129992002,18,2,4,11,-1
53,Bluegill,1420479598194401084,24,1,3,17,-1
10,Sardine,6083883341849497446,19,3,1,20,-1
5059,Great white shark,6267085958264923081,31,5,1,17,-1
55,Spearfish,2189145607975218653,18,6,2,9,-1
8,Bass,8891806951111547233,12,2,3,5,-1
14,Sardine,727766003591605658,16,2,4,5,-1
22,Pufferfish,12688104492641804842,18,5,4,11,-1
19,Trout,2277598461566824295,16,4,1,11,-1
30,Herring,10132961573843175240,24,3,1,14,-1
84,Crab,344700415770918321,23,3,3,6,-1
87,Shrimp,3980671807486786050,22,5,2,18,-1
25,Catfish,2168082050523811243,22,5,2,8,-1
7,Bass,3881870564647532220,17,1,3,3,-1
30,Herring,4725378920815841858,15,2,1,19,-1
1,Tilapia,10605289682981999847,19,5,4,13,-1
32,Cod,472237837859844011,18,3,3,2,-1
32,Cod,6256074062158558259,22,5,4,4,-1
29,Herring,9588883739710921157,20,3,4,12,-1
98,Jellyfish,13998532696042459748,18,2,3,3,-1
14,Sardine,18077605796552729957,19,3,4,18,-1
5031,Boot,11400941725948882137,16,3,3,19,-1
40,Anglerfish,14118717839387532113,18,4,3,16,-1
28,Anchovy,9007519664855202554,16,1,2,12,-1
13,Sardine,14406930003227357244,24,3,3,5,-1
37,Snapper,347268098430257235,16,4,3,7,-1
5059,Great white shark,14048323206783105186,17,6,1,17,-1
4,Perch,4049744496196451578,18,5,2,7,-1
37,Snapper,2608534480035755770,17,5,4,13,-1
7,Bass,7587304554680780741,19,6,4,5,-1
16,Trout,5254553396326362030,18,1,3,10,-1
1,Tilapia,2619524197895686905,17,3,3,11,-1
62,Barracuda,4854747872198125293,15,1,3,1,-1
1,Tilapia,11304021299495395037,21,2,3,8,-1
23,Pufferfish,10059221758750909280,22,4,3,1,-1
69,Grouper,18342628512367403601,25,2,4,8,-1
7,Bass,398335263111803243,23,1,3,18,-1
1,Tilapia,15933602996553169742,18,1,3,5,-1
93,Blue Lobster,11657445739484119173,22,3,1,20,-1
69,Grouper,2964446138285124929,20,2,2,5,-1
74,Mola Mola Fish,5401535546483989389,25,3,1,4,-1
22,Pufferfish,11184626224135827399,19,5,3,8,-1
7,Bass,8321245673250028821,14,1,3,1,-1
23,Pufferfish,5896437453683383977,19,1,4,5,-1
13,Sardine,5493409672168155745,18,6,1,1,-1
53,Bluegill,17956867262286967117,23,4,1,13,-1
20,Trout,12288981115245427380,32,4,3,3,-1
59,Salmon,7472403387559431723,12,3,3,2,-1
13,Sardine,1231597542582385614,21,5,3,19,-1
7,Bass,7764180184272648911,18,3,3,8,-1
55,Spearfish,4494467805971975947,23,5,4,10,-1
53,Bluegill,11702831441857283475,16,4,4,1,-1
22,Pufferfish,15706096058308255482,18,2,1,8,-1
55,Spearfish,16792405308048314810,20,4,1,13,-1
11,Sardine,6004548788347888568,14,5,1,19,-1
34,Triple Tail,10909547384345002952,23,2,2,10,-1
62,Barracuda,4765966715048653277,19,6,3,13,-1
65,Piranha,17833223013906851503,23,5,2,14,-1
81,Starfish,13777411701286494262,22,1,4,18,-1
22,Pufferfish,7554500592856393674,20,2,4,11,-1
1,Tilapia,12189203517161269762,19,3,2,17,-1
44,Clownfish,2097473535954555654,15,3,2,18,-1
28,Anchovy,3241444184229023064,24,4,4,19,-1
89,Seahorse,7868257546529244520,16,6,4,4,-1
44,Clownfish,9992496403197840458,20,2,4,5,-1
5,Perch,13447825307349636373,19,5,1,18,-1
43,Clownfish,17512500254230563764,20,3,3,11,-1
46,Eel,5407651709009776867,14,5,4,17,-1
78,Turtle,4948060681555551412,32,6,3,7,-1
5028,404 Fish,2849714383209960362,24,3,3,5,-1
29,Herring,2564193077101822600,15,5,3,3,-1
65,Piranha,6772912052267771845,19,5,3,13,-1
50,Damsel Fish,1622700292929453106,19,1,3,18,-1
87,Shrimp,12621168745167914675,23,4,3,17,-1
74,Mola Mola Fish,6760093973685056532,19,2,3,3,-1
9,Bass,9345432141949762373,31,4,1,19,-1
15,Spotfish,11603540554412780724,26,7,4,17,-1
32,Cod,6912334861008844565,21,5,2,7,-1
100,Jellyfish,17696245891144621536,24,7,1,17,-1
5,Perch,5717523029357253323,22,1,2,7,-1
41,Anglerfish,12681971334031676161,28,2,2,21,-1
36,Triple Tail,541156136602565537,25,7,4,9,-1
16,Trout,6406221034664939767,19,2,3,2,-1
40,Anglerfish,1819119717452414232,22,5,3,14,-1
68,Grouper,6522615376427218743,19,4,2,4,-1
25,Catfish,241146036393717297,22,4,1,14,-1
1,Tilapia,17343826357762680203,21,2,3,14,-1
57,Spearfish,18341173775017816632,20,2,3,18,-1
26,Catfish,5749726943306920559,24,3,3,7,-1
65,Piranha,14689416809534488023,19,2,4,12,-1
38,Snapper,3011230999123090723,19,4,3,9,-1
74,Mola Mola Fish,13134066395459882688,19,5,1,8,-1
43,Clownfish,17211574731875682516,23,3,3,9,-1
27,Catfish,5359379694470432759,26,4,1,17,-1
46,Eel,16044814581243458481,22,2,3,15,-1
30,Herring,4680380046936996568,15,2,1,8,-1
32,Cod,12022447517098202184,15,5,2,19,-1
77,Turtle,9813672487598818271,14,1,4,20,-1
14,Sardine,2751611372328527755,22,3,3,2,-1
55,Spearfish,17365107454601888276,21,6,3,8,-1
4,Perch,12838324316167601765,17,2,3,11,-1
51,Damsel Fish,13401469580408072682,23,2,4,6,-1
50,Damsel Fish,7948786662672558600,15,3,2,17,-1
5031,Boot,12777443280753327797,13,5,3,20,-1
7,Bass,7422519475292044371,21,5,3,3,-1
38,Snapper,8993941970086925263,22,2,3,19,-1
84,Crab,12005922287336190570,30,4,4,18,-1
25,Catfish,8429752836053375075,23,3,3,19,-1
39,Snapperfish,335618574543589700,29,4,4,16,-1
74,Mola Mola Fish,16009998087807524946,26,4,1,13,-1
47,Eel,12369796337234117428,20,2,4,5,-1
68,Grouper,12280266581873833756,34,2,4,12,-1
69,Grouper,547712438883034832,22,5,2,18,-1
11,Sardine,5129318931789955380,24,6,4,20,-1
45,Clownfish,7588583750164927583,28,2,4,21,-1
97,Golden Takoyaki,6324028725973260718,23,10,6,13,-1
79,Turtle,1586351127398325023,27,3,1,9,-1
8,Bass,12532442220837409526,19,2,1,11,-1
29,Herring,5878235816633626391,24,2,1,1,-1
59,Salmon,17861115352410069199,18,3,3,3,-1
31,Cod,8067077231818297713,21,5,2,14,-1
47,Eel,1428840551617534142,21,6,3,1,-1
55,Spearfish,10551363199894669533,20,3,3,1,-1
31,Cod,6662903312892624035,21,3,4,16,-1
39,Snapperfish,13450529335317507190,32,2,2,21,-1
19,Trout,12798504579944722171,15,2,1,16,-1
25,Catfish,14934213090729303840,14,4,4,9,-1
28,Anchovy,12820278046342095080,16,6,3,7,-1
22,Pufferfish,5306500656243951593,19,5,2,8,-1
77,Turtle,4727972591660290675,18,5,3,15,-1
54,Redgill,1432109228116228478,23,3,4,16,-1
33,Cod,1855760700340055245,20,5,1,13,-1
90,Seahorse,14106415396355080885,26,3,1,2,-1
50,Damsel Fish,10968665255871512915,17,3,3,5,-1
32,Cod,4240684494965863337,19,2,1,4,-1
89,Seahorse,7802164833566874706,15,1,3,2,-1
23,Pufferfish,3226168340151727390,20,1,4,9,-1
65,Piranha,11520808030071359758,25,6,3,14,-1
17,Spot Fish,13758281529646697162,21,4,2,20,-1
51,Damsel Fish,16873599001670238242,17,2,1,15,-1
48,Electric Eel,15640189309841786004,20,7,1,3,-1
5049,Axolotl,3262610854748310040,25,6,5,7,-1
65,Piranha,7948282488734358579,19,1,1,12,-1
8,Bass,7443456914092238378,18,3,1,7,-1
8,Bass,9628898775006680878,15,5,1,4,-1
71,Angel Fish,12857691246762595537,21,1,2,18,-1
71,Angel Fish,17535394132426013872,20,3,3,1,-1
62,Barracuda,11360264228751249537,20,5,3,11,-1
5059,Great white shark,2218803593315488039,32,3,1,19,-1
50,Damsel Fish,17304025489698240124,19,5,1,2,-1
59,Salmon,10320756842301113063,13,2,3,9,-1
81,Starfish,98964242736488370,21,2,3,18,-1
22,Pufferfish,4092924181357785876,16,3,1,19,-1
53,Bluegill,8337392260755011165,12,4,3,7,-1
79,Turtle,16257578228955011240,24,4,6,12,-1
19,Trout,1302701697094925564,20,5,3,20,-1
87,Shrimp,1545594651413862865,23,5,2,13,-1
5010,Blahaj,3853712033238728983,37,9,6,6,-1
59,Salmon,11448065995985426844,22,1,1,7,-1
27,Catfish,9485037950697820480,32,3,1,16,-1
17,Spot Fish,16772394176714297700,16,3,2,4,-1
1,Tilapia,16648770692314768797,26,2,3,5,-1
84,Crab,3956068038342034937,24,2,1,13,-1
37,Snapper,10031521148715511849,21,4,1,10,-1
4,Perch,640365689969829032,15,6,1,1,-1
8,Bass,9886201856090737173,21,1,3,5,-1
50,Damsel Fish,15751017452634665015,14,6,3,6,-1
55,Spearfish,3541438375735127141,16,1,1,6,-1
5,Perch,12815552628110800923,15,3,1,2,-1
10,Sardine,1240864019634987129,17,4,1,10,-1
97,Golden Takoyaki,15474038267521961819,31,7,6,21,-1
76,Mola Mola Fish,11267327948026815982,21,3,5,20,-1
30,Herring,6134494918297467565,19,1,2,16,-1
16,Trout,14988458780382297906,17,3,2,20,-1
44,Clownfish,9537032293866119863,25,6,1,13,-1
13,Sardine,17739482379511815798,16,2,1,14,-1
69,Grouper,8904652451792445408,16,3,4,8,-1
76,Mola Mola Fish,7506148500411753781,31,10,2,14,-1
76,Mola Mola Fish,16692030961169591848,29,4,1,21,-1
1,Tilapia,4287551319339868499,24,3,2,10,-1
77,Turtle,12846278508819156331,23,3,3,16,-1
34,Triple Tail,2961602916639359824,15,1,2,2,-1
32,Cod,15189518269615330053,15,6,2,20,-1
44,Clownfish,1765740069597805526,23,5,3,17,-1
74,Mola Mola Fish,15560883641386783105,20,4,2,14,-1
3,Tilpia,6135402059828175891,22,6,3,1,-1
31,Cod,14258597588753498754,21,2,4,3,-1
94,Lobster,2111976234562923244,28,2,2,2,-1
94,Lobster,15523349832273303177,24,4,2,18,-1
37,Snapper,11493892116733311824,18,1,4,13,-1
43,Clownfish,17152616680647945150,13,1,2,8,-1
25,Catfish,17124126522220574814,16,5,1,4,-1
60,Green Salmon,5808468521618619239,27,7,3,10,-1
17,Spot Fish,6242129929637341979,19,3,3,18,-1
1,Tilapia,13780435000845846609,21,5,3,16,-1
5031,Boot,3964185817833403928,21,1,3,1,-1
54,Redgill,16184073499511623709,22,2,4,4,-1
11,Sardine,7192542038263599835,16,2,4,5,-1
12,Sardine,18219996377571571766,28,6,3,11,-1
5059,Great white shark,4828043679135814120,30,2,3,10,-1
47,Eel,15926237585571726340,18,2,4,4,-1
19,Trout,836530041643942245,15,5,3,10,-1
29,Herring,14546004652714978375,15,2,1,9,-1
7,Bass,8072386414886245345,18,2,2,14,-1
3,Tilpia,16983675477593858951,16,5,4,17,-1
5012,Red Handfish,11565871505467154472,29,5,6,7,-1
32,Cod,16899473591844132763,24,4,3,12,-1
15,Spotfish,7347863164085479282,19,5,3,14,-1
71,Angel Fish,17473313550744407501,21,6,3,16,-1
1,Tilapia,16214425555912757616,13,2,1,18,-1
1,Tilapia,5080007580741279329,13,1,3,4,-1
3,Tilpia,3341005358804315382,17,3,1,9,-1
17,Spot Fish,4179885904101972089,17,1,1,9,-1
5049,Axolotl,12682200580108134733,23,9,6,18,-1
74,Mola Mola Fish,9967934990687399779,25,6,2,9,-1
79,Turtle,16309039310733573067,28,5,6,22,-1
5031,Boot,9182810530910507895,21,1,3,9,-1
30,Herring,1747477357368315917,15,3,1,9,-1
59,Salmon,9401269925990683954,18,1,4,13,-1
47,Eel,6471844474414288775,24,2,2,14,-1
14,Sardine,7991452366206330318,23,6,4,4,-1
94,Lobster,13332807261573856842,32,7,1,20,-1
31,Cod,16223862599055257662,22,1,2,1,-1
37,Snapper,15766855739537619627,16,6,1,14,-1
39,Snapperfish,15927123003195897355,32,3,2,21,-1
28,Anchovy,9967682304050654265,18,1,4,16,-1
79,Turtle,8556591792706548770,22,8,2,18,-1
81,Starfish,1754878243550313912,17,2,3,13,-1
14,Sardine,10893122639458573063,15,4,3,15,-1
47,Eel,8745173554461360236,25,5,1,1,-1
16,Trout,10989863358792417685,17,1,1,7,-1
56,Spearfish,7088523669783262657,18,2,4,6,-1
62,Barracuda,2464192378634534119,24,3,4,15,-1
16,Trout,6257866696408187442,15,6,4,20,-1
14,Sardine,8625530884395713860,19,1,1,1,-1
98,Jellyfish,14015031425831834721,22,7,2,14,-1
31,Cod,17656977044543443668,24,1,2,8,-1
82,Starfish,15866856181152172937,25,3,1,16,-1
29,Herring,15982454362840255348,20,4,3,18,-1
76,Mola Mola Fish,10267046216392001839,26,5,2,5,-1
77,Turtle,16745635575545100472,16,4,4,1,-1
16,Trout,15302684184268869365,18,1,4,11,-1
5028,404 Fish,561831568424268011,24,2,1,15,-1
17,Spot Fish,135297581544101216,20,1,1,20,-1
74,Mola Mola Fish,8653493022323535789,21,6,2,8,-1
28,Anchovy,8494189333925397676,19,5,4,5,-1
15,Spotfish,6712011475285722266,27,3,1,12,-1
5049,Axolotl,11728442559944072736,22,3,3,6,-1
50,Damsel Fish,15438925125024345406,18,5,1,16,-1
39,Snapperfish,14620694535123319089,23,5,1,4,-1
13,Sardine,2095218242748747888,15,3,4,14,-1
89,Seahorse,6568206836296769422,23,5,4,2,-1
5013,Sakhalin sturgeon,18392085065950520932,29,7,6,22,-1
44,Clownfish,10328775771643416021,18,1,2,12,-1
94,Lobster,10576087711336053141,31,7,3,12,-1
17,Spot Fish,8142307773600003700,21,5,4,3,-1
37,Snapper,8170429024803666619,14,4,4,6,-1
4,Perch,14852869378622059805,20,1,2,7,-1
17,Spot Fish,8309344948008343406,20,6,3,7,-1
37,Snapper,17430380254483678054,17,2,2,2,-1
5,Perch,2319090263067475756,18,2,4,4,-1
7,Bass,8513888504599797328,26,5,2,19,-1
3,Tilpia,18390027811373983944,15,3,1,2,-1
65,Piranha,8263212816396601409,20,4,4,19,-1
33,Cod,395595048651448397,21,2,2,18,-1
13,Sardine,7842837502488425131,24,1,3,7,-1
47,Eel,12469937733743691665,12,4,3,6,-1
90,Seahorse,2413603996923052738,29,3,1,21,-1
40,Anglerfish,8863293965258695854,15,6,2,20,-1
71,Angel Fish,6689187196876894910,16,1,4,4,-1
53,Bluegill,4986538958378523306,21,5,1,10,-1
10,Sardine,5021125053284204774,15,5,2,16,-1
30,Herring,7646417886059278888,18,2,2,12,-1
29,Herring,11694854128260192809,21,2,2,3,-1
44,Clownfish,2641577204006130276,22,1,2,20,-1
48,Electric Eel,3554445774986015789,28,4,4,19,-1
60,Green Salmon,10072753121686938985,23,3,1,4,-1
10,Sardine,16257937384154104432,16,5,1,7,-1
5049,Axolotl,2179520780961443003,24,3,6,5,-1
89,Seahorse,7317019537602834063,15,1,4,11,-1
84,Crab,7272140478824565766,28,7,4,7,-1
5067,Pop-eyed goldfish,17072967623706444209,24,5,4,3,-1
30,Herring,10486951025776758132,17,1,4,12,-1
3,Tilpia,5182984227696051083,16,4,4,3,-1
50,Damsel Fish,10385251246633941444,16,1,3,12,-1
53,Bluegill,1079298740383652574,20,1,3,15,-1
29,Herring,11195749372510370977,21,4,4,4,-1
44,Clownfish,16726869060666763733,15,3,3,11,-1
26,Catfish,1820492656359016150,31,3,1,5,-1
23,Pufferfish,3747753844940346236,18,6,3,14,-1
5049,Axolotl,11079636981366409148,17,3,5,17,-1
28,Anchovy,15361988989737863650,17,2,2,14,-1
8,Bass,13488323725111556533,19,1,2,1,-1
69,Grouper,9244121486221713942,20,4,4,7,-1
100,Jellyfish,17033276511328070739,27,4,3,17,-1
51,Damsel Fish,9254341467346578870,27,5,3,12,-1
89,Seahorse,803877131169812547,23,6,3,17,-1
74,Mola Mola Fish,306871536088710570,20,3,2,13,-1
22,Pufferfish,9387927473845328070,22,4,3,7,-1
6,Perch,480307747400075241,21,7,3,18,-1
16,Trout,7727081550070148970,17,1,1,13,-1
5013,Sakhalin sturgeon,16619059084539152914,36,4,6,15,-1
3,Tilpia,18400946581648300388,19,1,2,6,-1
40,Anglerfish,156637268844842343,13,1,2,13,-1
31,Cod,7476232577281018656,19,6,1,14,-1
5031,Boot,13731947092926456230,16,3,3,2,-1
71,Angel Fish,7430512639219790224,16,2,3,19,-1
32,Cod,11732164588292747889,14,2,4,20,-1
26,Catfish,2680165703076020116,29,3,2,3,-1
60,Green Salmon,13526420380944181453,18,6,3,6,-1
5059,Great white shark,5057032791732091328,28,4,3,20,-1
68,Grouper,3784795479559328637,23,7,1,2,-1
59,Salmon,14153652861692059438,20,6,2,5,-1
59,Salmon,14754847819367466836,22,1,3,8,-1
5049,Axolotl,11027258235397604236,25,10,1,7,-1
3,Tilpia,6182999395518327919,19,4,1,5,-1
30,Herring,9124490571952677364,15,2,1,7,-1
10,Sardine,15652145275016990876,22,5,2,17,-1
60,Green Salmon,7270545725532926378,28,7,2,13,-1
27,Catfish,18341880250840214400,23,6,4,13,-1
1,Tilapia,6427827581767664355,19,2,4,7,-1
5013,Sakhalin sturgeon,12187790439975315247,40,8,6,10,-1
43,Clownfish,7047032523457637760,22,3,2,3,-1
60,Green Salmon,9878220550709314407,21,5,4,19,-1
50,Damsel Fish,7887020231039612955,24,6,1,9,-1
74,Mola Mola Fish,14696035903321913200,19,2,2,2,-1
62,Barracuda,7669705487385616989,18,4,3,17,-1
47,Eel,11373646047570422359,18,1,2,20,-1
15,Spotfish,12056773072546540710,24,2,1,20,-1
5031,Boot,10538580958901073946,22,6,3,18,-1
16,Trout,7022422829971184037,16,2,4,9,-1
38,Snapper,8041533118800333248,14,4,4,8,-1
74,Mola Mola Fish,12302117387775733969,22,2,1,7,-1
90,Seahorse,13720797318526863579,31,2,1,21,-1
89,Seahorse,859320875143312590,20,4,2,6,-1
77,Turtle,2668547338201788504,19,3,1,8,-1
93,Blue Lobster,308501730286054547,29,4,4,7,-1
71,Angel Fish,8719985961408002276,15,4,2,19,-1
44,Clownfish,18323062170184286884,14,3,4,8,-1
55,Spearfish,10175145289898456726,19,1,4,9,-1
7,Bass,8049327951466754115,19,4,2,16,-1
31,Cod,16702579904258081797,19,4,2,3,-1
17,Spot Fish,15368392531141332394,13,6,1,3,-1
22,Pufferfish,948859723446184467,16,2,3,12,-1
5028,404 Fish,10935390560485346055,19,6,3,13,-1
31,Cod,16097233574457556184,19,1,1,2,-1
27,Catfish,3621369238373939872,26,7,1,14,-1
30,Herring,6820676477049903633,15,2,1,14,-1
47,Eel,3855218287365637796,21,5,3,15,-1
81,Starfish,12839306264956214936,24,5,3,1,-1
8,Bass,3468680473975953302,17,3,1,7,-1
20,Trout,16363566221093654864,26,6,3,10,-1
53,Bluegill,4108513182963725607,16,1,2,9,-1
14,Sardine,10005175630096304447,25,2,1,13,-1
71,Angel Fish,4125247032221504867,26,2,2,2,-1
5,Perch,12976481845900362949,19,6,1,3,-1
35,Triple Tail,5147211036969452072,23,7,1,14,-1
94,Lobster,12994868800765061751,29,3,3,15,-1
56,Spearfish,11819767756577254570,30,4,4,12,-1
5026,GamerPieJess fish,6309859618084749249,27,2,2,4,-1
69,Grouper,10362619817667580276,16,2,3,5,-1
4,Perch,12856364462216363222,15,6,2,19,-1
31,Cod,15777525260611262539,14,3,3,13,-1
25,Catfish,16652915135079921557,23,1,1,1,-1
8,Bass,5038697459367885173,19,1,2,6,-1
37,Snapper,16629230157053062866,22,2,4,1,-1
81,Starfish,16642826563452014179,21,2,1,3,-1
55,Spearfish,571957533924684637,24,2,2,8,-1
68,Grouper,10504105832199396953,30,2,1,4,-1
81,Starfish,17684282971579537676,18,6,1,17,-1
98,Jellyfish,13250769761696072420,17,4,1,17,-1
5031,Boot,14959494348921741348,17,5,3,11,-1
78,Turtle,11622266878369742151,22,6,3,6,-1
62,Barracuda,17548406797226685508,25,2,3,18,-1
7,Bass,17714739421880287609,16,3,1,19,-1
89,Seahorse,5469234745285616566,23,6,3,14,-1
34,Triple Tail,9887700343695101611,15,5,3,15,-1
11,Sardine,1167047404340091619,23,1,4,4,-1
5067,Pop-eyed goldfish,17028561509265344470,19,7,3,12,-1
30,Herring,2425243053015247010,13,5,3,3,-1
81,Starfish,5470088731258444137,23,5,3,13,-1
75,Mola Mola Fish,5457438797759476066,31,4,4,11,-1
5013,Sakhalin sturgeon,15807936848058094920,41,5,6,17,-1
54,Redgill,16601268274502546232,28,5,2,7,-1
44,Clownfish,9362370474491313686,21,5,2,1,-1
5,Perch,3182662177594937624,22,2,2,18,-1
62,Barracuda,16532157679759331179,21,3,3,11,-1
20,Trout,10158116532716077251,30,7,3,21,-1
12,Sardine,4483654515577367419,22,3,2,4,-1
89,Seahorse,11273505954666788270,14,6,3,14,-1
29,Herring,15219464942676589490,15,3,2,9,-1
89,Seahorse,13643955660286855231,20,4,4,8,-1
24,Pufferfish,13036284662243466605,32,7,4,10,-1
55,Spearfish,7627325060550378333,15,5,3,1,-1
3,Tilpia,2889377596434425153,20,3,1,13,-1
53,Bluegill,13690615250263367914,16,2,3,13,-1
98,Jellyfish,16507519659807847686,30,3,3,3,-1
23,Pufferfish,6865664990109288462,17,6,4,3,-1
5049,Axolotl,5211930461752031097,25,9,2,11,-1
13,Sardine,6768322131042114970,25,3,1,3,-1
65,Piranha,10610395105912151880,15,6,2,15,-1
40,Anglerfish,8560393851326184052,19,2,4,9,-1
23,Pufferfish,17726252431524531171,19,3,3,9,-1
77,Turtle,152426892813754670,19,3,2,1,-1
51,Damsel Fish,14775685751563726946,21,3,3,19,-1
54,Redgill,16658813833933158098,23,4,3,5,-1
5031,Boot,12785578974788212425,21,6,3,1,-1
82,Starfish,7979600563405105966,26,3,1,18,-1
13,Sardine,1013930359128254345,25,4,4,17,-1
23,Pufferfish,13940750968400527987,16,1,1,7,-1
5049,Axolotl,6718508744919706137,26,7,4,11,-1
7,Bass,7224781258551780454,19,6,4,16,-1
5,Perch,9594923289352801682,18,6,3,16,-1
65,Piranha,13601754515313794231,18,2,1,20,-1
7,Bass,15084821987786055422,21,6,2,11,-1
87,Shrimp,1443896412678292856,32,5,4,12,-1
72,Angelfish,2662110540570506690,31,4,3,8,-1
3,Tilpia,7525317749348904869,20,2,3,16,-1
54,Redgill,6210779043870410160,23,4,1,17,-1
65,Piranha,4231827522461287518,19,3,2,6,-1
19,Trout,13415547311568619448,16,4,1,8,-1
62,Barracuda,11932428666939021415,13,6,4,2,-1
26,Catfish,12665926290140060666,24,7,3,4,-1
8,Bass,17887339299769003794,25,3,1,6,-1
1,Tilapia,6424564969996830540,20,2,4,16,-1
53,Bluegill,13303427160784959096,15,2,4,17,-1
5049,Axolotl,12836105172122061009,28,9,3,21,-1
59,Salmon,17846383953056533989,23,3,4,19,-1
79,Turtle,1654996150792117350,27,4,1,6,-1
34,Triple Tail,4354436008413764268,23,6,1,13,-1
23,Pufferfish,15721291196367403475,22,1,4,1,-1
23,Pufferfish,2152206984971041569,19,4,4,14,-1
26,Catfish,14305000351959541795,24,4,3,14,-1
62,Barracuda,1748352471457754344,14,2,2,15,-1
44,Clownfish,3236485732612901686,19,2,4,18,-1
5,Perch,5492887513226747900,23,2,1,20,-1
25,Catfish,15319695318558858276,24,3,1,14,-1
7,Bass,847190423501391648,15,3,3,3,-1
22,Pufferfish,2888376021123608424,23,2,1,10,-1
47,Eel,1069475221784499904,21,1,1,12,-1
15,Spotfish,10289028395473207799,20,7,4,17,-1
8,Bass,12271456869262152345,18,6,3,8,-1
50,Damsel Fish,9270139717533051006,23,2,1,1,-1
6,Perch,15036172828131238230,19,5,1,21,-1
4,Perch,2691719340573999171,21,5,4,7,-1
41,Anglerfish,18097400434437400518,29,6,2,6,-1
38,Snapper,6298444280676999846,24,6,2,9,-1
20,Trout,12238534334904564150,15,7,1,17,-1
27,Catfish,11394694839123928633,22,2,2,4,-1
29,Herring,10810525263257554512,19,1,2,17,-1
53,Bluegill,10142975146218154807,18,2,1,13,-1
46,Eel,1649219540949686985,16,5,2,11,-1
5059,Great white shark,769289093742051676,29,6,1,14,-1
10,Sardine,7888114211617071224,22,1,3,16,-1
71,Angel Fish,18361693171655488864,22,6,2,20,-1
65,Piranha,11828312969225365560,19,6,3,9,-1
25,Catfish,9561161608523362096,17,3,1,1,-1
68,Grouper,15626618997917060302,30,3,2,16,-1
19,Trout,6925902167157391526,16,3,4,12,-1
69,Grouper,8435931795168683823,18,6,2,4,-1
74,Mola Mola Fish,396872280965496350,20,5,1,4,-1
56,Spearfish,14433294944387238527,23,2,3,14,-1
77,Turtle,9981707801152091175,21,2,4,18,-1
56,Spearfish,10971849713061250400,29,2,4,3,-1
25,Catfish,15969264444638089296,13,4,4,19,-1
10,Sardine,8814860500381028647,18,5,1,7,-1
30,Herring,9257838619221025312,17,4,4,17,-1
3,Tilpia,12867956038387347246,21,1,2,15,-1
