77,Turtle,13820168034844397710,20,6,1,13,0
40,Anglerfish,9961508502343294716,23,4,3,14
50,Damsel Fish,243847836651382462,22,6,3,3
24,Pufferfish,4437140294993839481,23,2,3,13
71,Angel Fish,8436420707267472364,24,4,3,4
49,Damsel Fish,5304072556946493840,14,5,1,18
62,Barracuda,883957817953116067,25,5,2,17,6
28,Anchovy,76032572430137199,13,2,2,10
49,Damsel Fish,2752610318108595002,23,1,2,9
49,Damsel Fish,13055569630993757822,24,6,4,20,10
29,Herring,8930548519217892734,19,1,2,9,0
5031,Boot,8675147837696255795,16,2,3,17,0
80,Starfish,11788311014324023366,16,6,2,1,0
70,Angel Fish,17839853553923384001,26,4,2,14,3
