50,Damsel Fish,1182989477803798600,19,4,1,2,-1
81,Starfish,18376784136752506463,18,2,1,2,-1
37,Snapper,534304811526767259,18,4,1,18,-1
40,Anglerfish,1770692672497030313,18,4,4,15,-1
5,Perch,15678892658325395182,13,1,3,15,-1
97,Golden Takoyaki,14463126886791365585,32,10,6,21,-1
7,Bass,17139477839683447571,19,6,3,10,-1
38,Snapper,5663825240473911654,20,3,4,17,-1
76,Mola Mola Fish,13318357770525840914,24,7,1,7,-1
4,Perch,3904002405206356219,25,4,4,6,-1
16,Trout,15382493936999449139,25,1,2,3,-1
32,Cod,15412081680798968605,19,1,3,3,-1
50,Damsel Fish,12278765310020947068,23,4,4,6,-1
5031,Boot,15373557886406064818,20,1,1,1,-1
1,Tilapia,16140386061487951102,21,4,4,12,-1
30,Herring,8880193208015809308,26,6,4,13,-1
3,Tilpia,7041197709388328719,23,2,4,20,-1
69,Grouper,6333224207681189332,13,6,2,16,-1
55,Spearfish,1376285126901238957,18,5,3,11,-1
38,Snapper,7251121250210104136,19,5,4,4,-1
39,Snapperfish,9454002325509614116,30,6,3,21,-1
5027,Cutthroat Trout,11806285211957123531,24,7,3,12,-1
7,Bass,15186969063743175810,19,4,3,16,-1
30,Herring,11630502902435724957,16,3,2,12,-1
40,Anglerfish,12223850729621514798,20,1,3,8,-1
74,Mola Mola Fish,9494639810768494819,19,1,1,13,-1
32,Cod,17535010426203719627,22,5,2,3,-1
53,Bluegill,8535179195522977752,21,3,2,16,-1
6,Perch,13218465649979275028,15,2,3,21,-1
89,Seahorse,17857201042017314050,17,6,2,18,-1
50,Damsel Fish,5737279220453482746,19,2,2,4,-1
3,Tilpia,8215239163777720206,20,5,3,6,-1
14,Sardine,9729821357387924419,15,1,1,13,-1
