11,Sardine,12305272697758470043,23,6,4,19
81,Starfish,2727832095862222327,20,3,3,16
40,Anglerfish,3285843322911657803,16,2,2,18
4,Perch,8087634420938155700,25,4,1,12
18,Trout,14459763847929903794,26,7,1,17
44,Clownfish,14910499710550642225,21,5,2,13
7,Bass,10322066586598958909,21,5,4,3
81,Starfish,9392976280617989676,18,5,4,1,0
14,Sardine,16302176152178380394,18,2,3,14,0
54,Redgill,1492095891199995696,36,4,4,19,0
5031,Boot,873034678834306261,14,5,1,9,0
11,Sardine,4055817237772265851,19,6,3,9,3
19,Trout,7161215666432395067,19,2,1,1,0
81,Starfish,14382646198688178321,16,1,4,6,0
