71,Angel Fish,841906128512602803,19,4,4,1,-1
5010,Blahaj,11580701831470112210,26,8,6,7,-1
40,Anglerfish,9399829719967441754,17,5,3,1,-1
74,Mola Mola Fish,1766507728871921358,23,2,2,16,-1
40,Anglerfish,11292912384610916582,22,3,2,6,-1
8,Bass,5496406180210292962,19,3,2,17,-1
74,Mola Mola Fish,11764641085220568617,18,6,1,1,-1
37,Snapper,13862949246367502448,25,2,3,17,-1
41,Anglerfish,15098573145576350009,23,2,4,21,-1
77,Turtle,1557438420549124434,22,3,2,19,-1
5031,Boot,2403041846208240888,16,2,3,2,-1
89,Seahorse,3423577890879654487,14,4,4,18,-1
