5029,{NULL}fish,17121182945633256650,100,0,0,0
7,Bass,5619100028299429052,15,5,3,6
13,Sardine,1824927017119122424,19,5,2,19
53,Bluegill,14542205345130387711,23,6,2,13
90,Seahorse,3678177659456989571,27,3,3,13
71,Angel Fish,16139558259178285283,21,3,4,14
77,Turtle,14094072403801599516,25,5,1,11
62,Barracuda,8524324295502277538,23,1,1,1
7,Bass,648871255959852052,22,2,4,7
31,Cod,15769862982182148609,21,4,4,11
32,Cod,7038940430461132815,17,3,4,11
16,Trout,9554507610467275672,22,3,2,16
37,Snapper,5191746347192688006,16,4,3,6
65,Piranha,129090339540843553,21,5,4,2
4,Perch,10294455895281347254,22,6,3,4
44,Clownfish,3344249405034075501,20,3,3,3
21,Trout,2985819675947988641,17,6,4,19
16,Trout,9844356238125703121,22,6,4,2
5029,{NULL}fish,17464044941057409029,100,0,0,0
55,Spearfish,10663121257456637460,15,5,4,15
13,Sardine,2082538774241752662,17,1,1,7
55,Spearfish,3563710520765881043,20,2,3,5
65,Piranha,843078599096667860,24,6,3,14
19,Trout,3373824585126536306,14,2,1,15
37,Snapper,9273281459944694538,22,5,3,5
19,Trout,16209495882270842362,22,1,3,2
34,Triple Tail,15861463867217996455,19,5,1,14
17,Spot Fish,1963173669511457801,17,3,4,19
62,Barracuda,10328378771632041510,18,2,1,13
68,Grouper,16830642304462829643,19,7,1,9
8,Bass,15706778139166801463,14,3,3,14
28,Anchovy,5584106296290915829,24,2,2,2
4,Perch,13822635540443297904,21,5,4,7
16,Trout,3345999450268323197,19,6,3,16
11,Sardine,12308858738370094799,23,5,1,14
62,Barracuda,13833720808985712507,24,4,4,6
69,Grouper,17449393730906643605,23,5,2,11
23,Pufferfish,17821712023915893247,19,3,2,9
19,Trout,8878425330539652188,19,5,4,17
25,Catfish,184389679382538583,18,1,3,2
19,Trout,10328397241795563487,16,2,2,18
84,Crab,15746398751841853692,18,6,2,21
17,Spot Fish,7114362630570925913,15,3,4,6
43,Clownfish,9698046071073495525,26,3,2,7
37,Snapper,3160725109152365352,18,5,2,13
69,Grouper,895143548484054488,15,5,1,19
53,Bluegill,13763034102140703009,17,1,2,7
44,Clownfish,12584077887703207109,19,5,3,17
55,Spearfish,8195467120383383478,21,1,1,1
28,Anchovy,6073807652619093089,21,5,1,19
69,Grouper,355390924268673993,22,5,3,10
5031,Boot,10483876033904399218,18,6,3,8
63,Barracuda,12258486345609204980,31,2,3,10
13,Sardine,16537709512269905382,17,5,2,4
12,Sardine,15785478346250016538,18,7,3,6
51,Damsel Fish,4049092805320775562,28,5,1,17
72,Angelfish,13232003145285324644,26,5,4,4
29,Herring,9690592861148333278,12,2,2,1
1,Tilapia,12596144910581317490,21,2,2,16
32,Cod,4217818203586771830,17,2,4,2
51,Damsel Fish,110344906568500180,32,3,4,7
54,Redgill,15658637570567094720,19,5,4,9
62,Barracuda,13616228487390503647,19,2,4,11
44,Clownfish,15157279936593028155,16,1,4,9
32,Cod,7039064507167861021,24,2,4,19
47,Eel,17467523649042243878,14,1,2,17
35,Triple Tail,269260363157226008,25,2,1,11
13,Sardine,18181694889961781973,21,1,4,7
12,Sardine,4860894437298293395,26,5,1,19
7,Bass,14375854104250601813,21,5,1,9
5067,Pop-eyed goldfish,9833051346659355858,33,2,1,20
30,Herring,5289576064855000361,19,1,1,15
5012,Red Handfish,17571298512708862857,37,5,6,15
37,Snapper,15048941625038652071,13,5,1,18
41,Anglerfish,13179734294074136656,24,3,3,18
16,Trout,5446548122288890246,25,3,3,11
59,Salmon,7251245876892019231,24,1,1,6
76,Mola Mola Fish,7248791989960656168,34,8,1,15
46,Eel,739986559733905982,14,3,3,13
28,Anchovy,1467754176317726797,20,6,3,7
4,Perch,10617991756531721764,15,4,2,20
38,Snapper,12912310655431460371,23,4,4,17
11,Sardine,1272333765524268128,20,4,4,19
20,Trout,9528417812754807976,24,2,2,17
31,Cod,10681965287069157237,20,5,2,14
5059,Great white shark,2513439648999663513,19,3,2,8
5027,Cutthroat Trout,16685176445636441324,18,7,1,12
78,Turtle,8302644870316019615,19,4,1,8
48,Electric Eel,7211664214861106715,24,6,4,20
71,Angel Fish,17428945972743734478,23,6,1,12
3,Tilpia,14771664624947458021,18,2,1,5
43,Clownfish,9864458503035747012,13,5,2,7
45,Clownfish,9241560622479413098,27,4,4,4
76,Mola Mola Fish,14860056514925575933,20,8,1,13
5029,{NULL}fish,8171586763885114607,100,0,0,0
28,Anchovy,14934707852912043825,21,1,4,3
15,Spotfish,1836308231144287331,17,2,3,10
4,Perch,10944979388663852017,15,6,4,5
55,Spearfish,3305993920017514696,22,3,3,12
51,Damsel Fish,14554334178608981001,20,3,2,2
40,Anglerfish,5014854714604655568,18,4,4,9
31,Cod,5860759193448902799,26,6,4,13
89,Seahorse,4909539450244866274,22,2,4,15
27,Catfish,5701660154472784838,33,2,3,5
29,Herring,1243993966686910819,25,2,1,1
5031,Boot,12803928868390724407,20,5,4,1
25,Catfish,9905579466440888642,23,5,2,17
38,Snapper,5705022972055653853,15,1,1,6
28,Anchovy,16218228407184679735,23,4,3,7
25,Catfish,3089433737624080376,19,1,4,10
19,Trout,2310808542505449662,14,1,4,5
33,Cod,10246823850035066238,19,3,1,7
32,Cod,5165157437017129313,19,5,1,8
19,Trout,7031328400960891812,15,1,4,8
95,Octopus,11826552321817366869,24,3,4,20
72,Angelfish,6258223190661200303,29,7,1,6
38,Snapper,12945069605182592879,20,2,4,3
9,Bass,13022393288895804024,17,2,3,16
55,Spearfish,1508055816030779666,17,3,3,13
51,Damsel Fish,8477300004669755624,29,2,2,21,0
3,Tilpia,5348408358122586330,20,2,1,14,0
21,Trout,13933216907326308320,23,7,3,7,0
46,Eel,14852270040374725420,15,6,3,18,0
5031,Boot,14499951749611445745,20,2,4,15,0
96,Octopus,18187687887802964677,21,6,3,18,0
38,Snapper,18361022392184508247,22,5,4,10,1
