59,Salmon,13841808079349205341,16,1,2,5
5,Perch,15254958558320793479,12,5,4,10
31,Cod,4293413066813337243,18,1,2,13
23,Pufferfish,17382287202670886265,24,4,2,10
37,Snapper,8515579863143235083,17,2,4,7
56,Spearfish,12613223510225041315,27,4,4,3
47,Eel,8085229778889689244,22,5,2,16
31,Cod,10480371860396202575,18,6,4,19
22,Pufferfish,344136665949758669,16,5,4,8
25,Catfish,7987637476526923172,16,1,1,17
5031,Boot,11481082062772628808,19,4,3,6
53,Bluegill,2212645231154882200,19,6,3,18
45,Clownfish,7265643019672172517,31,2,4,13
44,Clownfish,6034892254767775033,14,1,4,17
19,Trout,6582991571343598423,17,5,2,4
74,Mola Mola Fish,18017357269324762611,16,5,1,17
75,Mola Mola Fish,17795445429808421667,26,2,4,15
19,Trout,15530325017403108056,20,4,1,16
79,Turtle,2572497759806258678,28,4,2,11
79,Turtle,1089585137502834558,25,3,2,11
8,Bass,5772950418588101244,18,5,3,1
5029,{NULL}fish,18376548304846195401,100,0,0,0
46,Eel,1337213537994349787,16,2,1,16
34,Triple Tail,7103423322941698313,21,5,2,14
74,Mola Mola Fish,4254907096707077899,20,1,3,14
77,Turtle,16924944175387977909,16,6,2,17
57,Spearfish,12893959520576657441,21,2,1,21
5,Perch,4684263501357577538,19,2,1,1
10,Sardine,17088390632812135968,19,4,4,20
55,Spearfish,3446948029213556946,17,6,3,18
43,Clownfish,2972221841110906467,23,4,1,16
5026,GamerPieJess fish,11695264568256626698,28,7,4,14
71,Angel Fish,11557684112041949556,24,1,3,15
71,Angel Fish,10651275735807563066,25,6,3,8
30,Herring,9139606979927135144,21,6,1,9
44,Clownfish,541527355015862148,20,6,4,2
31,Cod,12933940467307646592,13,5,2,17
