3,Tilpia,10842133581333071259,17,1,2,3,-1
32,Cod,9504997161640145791,19,3,3,6,-1
31,Cod,15570681556131971294,21,1,1,18,-1
4,Perch,9949565089443639032,23,1,1,10,-1
28,Anchovy,2318819247313743512,16,4,3,18,-1
17,Spot Fish,17199189196389793332,24,2,4,13,-1
28,Anchovy,14327746497543098569,14,6,4,1,-1
4,Perch,12396325918596316428,21,5,4,1,-1
77,Turtle,7298745230227267886,16,2,3,12,-1
38,Snapper,1198819991370005357,18,5,3,10,-1
16,Trout,215256557822314084,18,2,3,9,-1
23,Pufferfish,6056349993293873866,19,4,2,19,-1
16,Trout,6726027928082441880,19,5,2,9,-1
3,Tilpia,2410265921826220792,24,6,3,16,-1
62,Barracuda,9305411521216331221,17,4,2,4,-1
23,Pufferfish,9526859332462024311,26,3,2,10,-1
28,Anchovy,8982312948505062765,18,4,2,20,-1
38,Snapper,17413287650913115734,14,1,1,18,-1
13,Sardine,7567302582489395236,18,2,3,9,-1
69,Grouper,2966008015109764718,26,3,3,9,-1
65,Piranha,2283127946443098196,24,4,4,14,-1
17,Spot Fish,5317803533873209198,19,4,2,5,-1
1,Tilapia,3469822444986993365,20,6,2,6,-1
3,Tilpia,15622915979088370845,19,6,4,19,-1
1,Tilapia,15773533351082611720,17,3,4,20,-1
55,Spearfish,15528043266093527233,24,5,1,8,-1
23,Pufferfish,11699357585001839220,18,4,4,1,-1
16,Trout,17122716151086992233,15,2,3,8,-1
35,Triple Tail,10653621958164177075,28,3,1,9,-1
20,Trout,6972559919419478883,27,6,3,5,-1
50,Damsel Fish,72001335260558381,16,4,2,14,-1
8,Bass,7517804683720394147,18,3,2,4,-1
15,Spotfish,7152506994177648586,21,4,4,20,-1
32,Cod,6065527949630153213,18,4,2,8,-1
50,Damsel Fish,14073310196551362346,14,2,3,12,-1
69,Grouper,11733021889054039344,18,1,2,19,-1
77,Turtle,16709837710474228260,24,3,4,13,-1
1,Tilapia,2926130558741801867,21,1,4,17,-1
34,Triple Tail,6936376586282882485,22,1,1,10,-1
71,Angel Fish,12292613013752563894,19,3,3,6,-1
23,Pufferfish,6196815181954274787,21,3,1,5,-1
76,Mola Mola Fish,13925272361945778540,26,4,2,15,-1
23,Pufferfish,775079079631110598,16,5,1,9,-1
