87,Shrimp,13110336754071164875,24,7,3,20,-1
40,Anglerfish,17961994310739869950,18,2,4,17,-1
32,Cod,17847484817001267596,14,6,1,3,-1
11,Sardine,473919388451644488,21,4,4,6,-1
62,Barracuda,14309079846142082008,23,5,3,2,-1
28,Anchovy,2853069332509914533,17,1,4,1,-1
34,Triple Tail,9211045506946707567,24,2,1,18,-1
53,Bluegill,17520951688651128455,16,5,1,13,-1
5026,GamerPieJess fish,3307546828091177347,29,3,2,14,-1
47,Eel,15887159384772807458,17,6,1,10,-1
65,Piranha,14912057618572134693,18,3,3,2,-1
77,Turtle,1210260219518510891,20,3,3,2,-1
75,Mola Mola Fish,3691690502706357724,24,5,2,2,-1
62,Barracuda,7330340146905591017,22,6,3,14,-1
40,Anglerfish,17575664775959451073,19,5,1,11,-1
25,Catfish,12056497204441817099,15,6,2,6,-1
48,Electric Eel,453123560586275977,25,2,2,19,-1
11,Sardine,7280916775872866108,20,6,4,2,-1
77,Turtle,3334318611764006228,18,3,2,11,-1
16,Trout,4448137010107887377,22,1,1,12,-1
74,Mola Mola Fish,1478686034638579020,23,2,3,3,-1
43,Clownfish,2553801051418950448,21,6,3,18,-1
13,Sardine,16847659172914140186,23,1,1,19,-1
29,Herring,17822924616752365836,20,6,2,14,-1
5067,Pop-eyed goldfish,7438794480199872117,26,7,2,20,-1
