46,Eel,8643461594687326469,25,6,2,7
48,Electric Eel,4970293609164032540,30,6,1,8
25,Catfish,8967185346829298323,15,1,3,20
4,Perch,452238999577835315,19,2,2,18
55,Spearfish,15145088096201963693,20,5,4,19
23,Pufferfish,12724207798141702774,17,4,2,3
4,Perch,2946333845544148219,23,2,2,15
1,Tilapia,6007912033407864830,24,4,3,12
14,Sardine,13445987246016624871,15,1,3,13
23,Pufferfish,2498603453841720442,14,2,2,15
13,Sardine,10801163266337095128,19,6,3,15
44,Clownfish,1128351971884516494,16,3,3,4
77,Turtle,12548608302499279573,17,2,3,6
25,Catfish,879863217188748046,19,3,2,1
32,Cod,8987580825751100018,24,2,3,12
32,Cod,5043309715449154637,23,5,1,15
14,Sardine,9643874145136337964,20,4,4,12
11,Sardine,17687829371431246680,18,3,1,2
44,Clownfish,12340489624562337919,16,5,2,1
1,Tilapia,2763470787351429419,21,2,2,4
