13,Sardine,15297061763016590232,16,3,3,11
28,Anchovy,6391728171642907514,22,1,3,7
4,Perch,7948871472979948754,20,1,1,2
40,Anglerfish,5628796486881369332,22,4,1,13
10,Sardine,7647139997002464994,18,3,4,20
37,Snapper,18231349284936953488,25,2,1,15
13,Sardine,8999251047143705207,16,5,4,4
81,Starfish,7902331343640646385,23,4,3,18
4,Perch,10743833328105451207,18,1,4,2
32,Cod,11967756405513651216,19,5,4,7
23,Pufferfish,11497686014940541939,18,6,1,8
4,Perch,2503854542315444823,16,3,3,2
4,Perch,8161900087605084186,23,1,4,13
82,Starfish,8841987835779712900,26,6,3,12
11,Sardine,1014163865541096271,21,6,3,5
5,Perch,2381453185222206745,21,3,4,15
32,Cod,11347512228438161309,18,5,3,11
43,Clownfish,17332647632229049258,20,4,1,3
4,Perch,9389582660520887852,26,5,3,18
10,Sardine,9660662529901819218,20,4,3,1
16,Trout,1559225663556650417,23,2,3,1
65,Piranha,9505449462440685842,20,1,4,14
4,Perch,8089645350053232297,19,3,3,16
38,Snapper,3164966255104272417,18,6,3,4
47,Eel,17526744389175106271,19,2,4,13
14,Sardine,6117477834519474524,16,5,1,18
14,Sardine,14623308054540442323,22,1,2,1
23,Pufferfish,95611329077387233,25,2,1,2
81,Starfish,14648221015514896338,12,2,2,13
77,Turtle,10676388920665099403,20,6,3,12
11,Sardine,4272846591843736435,17,6,3,10
77,Turtle,10199920136330583109,20,5,4,16
5031,Boot,10198376465628451562,14,5,2,15
22,Pufferfish,3800728594253188631,20,5,4,15
4,Perch,12619540617875540542,14,6,2,3
11,Sardine,12072048823585948721,23,6,3,11
31,Cod,6369158719804903372,18,3,3,8
38,Snapper,6307203780342383851,16,6,1,4
48,Electric Eel,4071988950755129520,29,6,2,19
1,Tilapia,5027372442095293972,20,3,1,20
33,Cod,2128240927916812785,16,7,4,20
3,Tilpia,10959976175311110183,20,2,3,16
84,Crab,3601491230533258881,24,7,4,21
71,Angel Fish,1583229261479936620,14,1,1,14
41,Anglerfish,10102157585636556246,32,6,1,17
82,Starfish,16066323202509469998,25,7,3,7
95,Octopus,15777224476872289690,24,5,2,20
22,Pufferfish,1836390532170874384,17,6,1,13
14,Sardine,9334563783818929480,13,6,4,5
5031,Boot,12156495526006255780,14,6,4,4
11,Sardine,8023443890700610696,19,3,1,7
22,Pufferfish,3904840451550501854,19,2,1,8
7,Bass,4805296676801398730,23,5,2,7
1,Tilapia,16379155857651241190,19,2,2,4
20,Trout,9242347663291353855,28,5,3,4
50,Damsel Fish,11187767289769887761,17,6,3,7
59,Salmon,12250226326236887354,22,4,1,4
13,Sardine,3404918758654324614,25,1,4,16
11,Sardine,188584659154786744,22,1,4,20
28,Anchovy,12525308721419217653,21,6,1,2
55,Spearfish,636305296307588184,19,1,3,18
26,Catfish,27145302956582551,18,5,2,19
21,Trout,6449920335300352740,24,5,3,2
25,Catfish,4184234074998343585,16,3,3,17
28,Anchovy,17079263008264862053,18,1,3,2
10,Sardine,5273013005749707323,20,6,1,7
7,Bass,16133058102221428722,17,1,4,14
14,Sardine,17763311572498894550,23,2,2,20
38,Snapper,12312034614505805978,24,4,4,15
95,Octopus,9482941284020716694,30,5,2,15
7,Bass,16705105426290701972,13,1,3,8
17,Spot Fish,13979170175512320,16,5,4,17
31,Cod,10649557884132642283,14,3,1,13
28,Anchovy,15525011950493262423,15,4,4,14
25,Catfish,10804220459248928580,23,4,4,12
40,Anglerfish,13792591151497485055,21,5,4,10
22,Pufferfish,13356018837551251036,18,3,2,2
1,Tilapia,7146746597343730623,20,4,1,6
11,Sardine,4957287287899611034,13,3,4,5
11,Sardine,17313699508639647419,25,4,3,7
47,Eel,3018443653392773770,17,3,1,17
55,Spearfish,924476701323942613,24,4,4,14
1,Tilapia,7063384556787717238,18,1,4,10
7,Bass,13186478411655577300,17,5,1,11
69,Grouper,1194436452494691997,22,5,2,17
1,Tilapia,15596621482426321619,19,1,4,6
7,Bass,4148729066511432166,24,3,2,20
4,Perch,249495296261614052,25,2,4,15
10,Sardine,11852193797434755706,23,5,4,11
53,Bluegill,16430628349511058992,26,2,4,6
38,Snapper,12364246343828508105,13,3,1,4
1,Tilapia,808360166730632350,16,4,3,8
7,Bass,51406821701102918,16,1,4,3
4,Perch,16263418321512527628,23,3,2,18
65,Piranha,3968126176325239928,17,3,4,6
17,Spot Fish,3706724510285995871,17,4,3,5
71,Angel Fish,15293477835811320479,22,4,3,20
7,Bass,6890788339495912886,26,6,2,1
50,Damsel Fish,8903458725816939099,20,2,2,9
1,Tilapia,16921345110656375329,19,4,4,11
4,Perch,11588906080721369560,24,5,3,20
53,Bluegill,5332816266063525690,25,4,3,2
37,Snapper,663269390636481101,17,6,4,16
14,Sardine,421819936759259405,24,2,4,8
28,Anchovy,6658214244097523883,25,2,3,14
7,Bass,7879201147465286782,18,1,1,3
65,Piranha,13094916160460483715,18,6,3,14
23,Pufferfish,6475480538084471736,21,5,1,18
7,Bass,182671589956449262,15,2,3,4
23,Pufferfish,6812087175831236396,23,2,2,5
4,Perch,15849810729691078280,26,6,3,12
14,Sardine,1532344765609470887,16,4,4,11
3,Tilpia,6632516836031495570,14,5,2,9
10,Sardine,3997926544927741143,17,5,1,17
87,Shrimp,5262608363632045437,19,4,3,14
7,Bass,15969277503706405227,20,2,2,3
60,Green Salmon,11330035538421378491,22,6,2,5
35,Triple Tail,124131921302500370,30,2,3,3
40,Anglerfish,13369833960538404828,19,4,2,1
37,Snapper,8805227833188088529,18,5,4,2
19,Trout,8354969993748351416,26,2,2,4
25,Catfish,10281506698015677065,20,3,1,12
28,Anchovy,3133254249923438404,22,2,3,20
31,Cod,390725525696978860,16,5,1,9
16,Trout,2955151065175446244,23,1,2,3
89,Seahorse,6231160895839367468,17,2,4,4
56,Spearfish,2038228975576227539,23,6,2,4
47,Eel,13764742378869296409,19,4,2,14
30,Herring,11508506165757535583,18,5,2,16
55,Spearfish,7685397457201972473,22,3,1,15
29,Herring,10526200088084879467,16,2,2,4
46,Eel,8100567473499727307,19,5,4,17
34,Triple Tail,4965120292544290007,25,4,1,19
5027,Cutthroat Trout,9242349425855262647,26,2,3,8
30,Herring,15404236355925276729,17,3,2,2
81,Starfish,11885520751791573626,22,2,4,1
74,Mola Mola Fish,16800760537661422848,19,3,4,4
36,Triple Tail,10786943839037699394,32,6,3,21
3,Tilpia,3448326825841669397,15,2,4,2
11,Sardine,10631061262261579412,16,6,4,20
74,Mola Mola Fish,13260937921652493938,20,2,3,8
38,Snapper,4372193730412581261,19,1,4,2
32,Cod,11714101776660408455,16,4,3,9
30,Herring,7970854858431412319,18,4,3,1
47,Eel,1627472747850959913,25,4,2,18
1,Tilapia,5753025143547900723,17,3,4,1
43,Clownfish,11281987314168167223,21,6,3,4
29,Herring,3872574461756989676,19,3,2,15
13,Sardine,269356945962030562,18,2,2,16
4,Perch,6918749846469109585,15,4,2,4
6,Perch,2452674659810589448,28,5,2,6
3,Tilpia,2982449714835896135,13,4,4,12
4,Perch,2122500083231513853,18,1,1,20
71,Angel Fish,5438062984717171658,14,4,4,20
44,Clownfish,11675551940274869058,25,4,2,11
53,Bluegill,1132477162390005182,21,1,2,5
11,Sardine,14698033964685111381,16,1,4,11
60,Green Salmon,11805873802732630447,21,2,4,14
23,Pufferfish,18354065219981055315,20,4,3,9
81,Starfish,7085478180447663665,21,3,2,16
23,Pufferfish,1684827350154546427,19,1,1,12
28,Anchovy,13905422787275463084,18,3,4,8
13,Sardine,8404655559702321159,19,3,4,14
43,Clownfish,3441804758667434727,18,3,4,20
60,Green Salmon,8576685913870171433,26,5,3,3
29,Herring,2855328494523996449,16,1,4,4
14,Sardine,8203659544642319075,21,3,3,2
17,Spot Fish,18063555285363938621,21,6,4,10
1,Tilapia,10879999885276717050,15,6,2,11
7,Bass,17068625676446029550,23,5,1,19
23,Pufferfish,17682682564922428731,16,2,1,14
5,Perch,3107247183913165567,17,3,3,7
43,Clownfish,9027701428500161783,17,5,2,19
19,Trout,6788900994791768518,14,4,2,12
81,Starfish,2061774986292365855,24,3,3,14
1,Tilapia,14594767111796640748,17,5,1,9
4,Perch,12201830222521829719,13,1,4,13
7,Bass,11504615536515869919,16,3,3,13
10,Sardine,2504713108518470177,17,1,1,7
1,Tilapia,299801375430532420,25,6,1,6
71,Angel Fish,10004857840546251397,16,4,1,17
11,Sardine,6232288697189638092,21,6,2,10
17,Spot Fish,10741655994096512181,19,2,4,3
20,Trout,12709721879704641247,22,6,4,11
55,Spearfish,14972346270383782373,18,3,1,19
32,Cod,5946168971258412989,22,4,1,1
4,Perch,17704883740312678816,15,4,3,14
44,Clownfish,3060695267289824760,18,4,1,2
5067,Pop-eyed goldfish,17582305190614263654,25,7,4,21
10,Sardine,6973048027883343147,25,4,3,16
71,Angel Fish,13413553505465706193,19,1,3,3
4,Perch,14292903305234216232,20,6,2,4
89,Seahorse,14246271319461572594,16,1,4,6
55,Spearfish,4366087692338931854,14,3,3,8
4,Perch,7564405697061358687,18,1,1,13
78,Turtle,6759159167729340614,20,5,4,4
37,Snapper,3912476378293142200,21,5,1,20
13,Sardine,12979195179918077560,22,6,2,13
13,Sardine,12061159176263771511,13,4,3,19
77,Turtle,4944280461890228441,18,1,2,11
23,Pufferfish,8379915328210082182,23,6,1,17
59,Salmon,3642052208377242701,21,1,2,2
40,Anglerfish,3781676463264889406,18,5,4,7
71,Angel Fish,10458623514749862371,17,6,4,5
8,Bass,6334273567057260903,17,2,3,11
47,Eel,5156218193822125764,18,1,1,6
28,Anchovy,349177177254980786,20,6,2,5
32,Cod,16252423906643034699,16,4,1,12
26,Catfish,12317877452476918862,26,6,4,10
98,Jellyfish,10942436414793461358,27,5,3,16
7,Bass,8969770770098751983,19,5,4,6
55,Spearfish,370059345543415982,15,3,1,12
47,Eel,6963903084572341044,19,3,2,11
13,Sardine,13674900826141563288,22,3,4,11
4,Perch,10940511445795476948,22,6,2,6
95,Octopus,13703879563853025484,26,4,4,12
38,Snapper,12138337563677046019,20,4,4,12
81,Starfish,13597480929182512167,18,3,2,15
89,Seahorse,12908666878793256206,20,1,2,2
4,Perch,1915243932552524051,16,3,1,10
24,Pufferfish,5846179098676971351,26,5,3,10
71,Angel Fish,9778240566464510011,12,6,3,19
50,Damsel Fish,5301144103322062902,16,2,1,10
16,Trout,2818950934642974347,21,3,3,15
62,Barracuda,16381145113343087222,16,3,2,7
11,Sardine,11112251153010683506,16,6,3,18
47,Eel,5060326667288697167,18,1,1,14
47,Eel,15612232448146610628,18,5,3,5
28,Anchovy,16569682588522298640,17,3,4,5
37,Snapper,11787722559726326726,21,5,1,7
13,Sardine,5791338848445426081,21,5,1,15
59,Salmon,6690062958829819755,23,2,1,19
89,Seahorse,7400947191906882497,14,5,1,18
38,Snapper,17964179338472364884,13,4,2,1
10,Sardine,8047845397466189919,20,5,4,18
14,Sardine,13697468110180014918,23,4,2,18
1,Tilapia,11901275672020898212,20,3,2,9
23,Pufferfish,630975976724672309,20,6,4,1
19,Trout,2900960897073148847,17,6,1,6
23,Pufferfish,13300989282801947969,18,5,3,11
23,Pufferfish,10446905933421778570,14,6,2,18
57,Spearfish,10772233120943097832,18,4,3,21
28,Anchovy,710450577252136222,21,6,4,12
38,Snapper,13340657661708755423,17,5,4,16
59,Salmon,15689455327703071569,18,4,1,1
77,Turtle,4767277721326373373,23,1,4,16
44,Clownfish,6321683048604311315,26,5,3,12
46,Eel,11181406851201433790,13,1,3,1
65,Piranha,9914258625511236432,14,3,1,18
81,Starfish,3493738338061570245,17,3,3,3
1,Tilapia,16421648823675551016,21,1,3,20
65,Piranha,7122344105206913323,20,4,3,18
4,Perch,8287541112529857251,15,4,1,18
62,Barracuda,13140681937285703935,13,6,1,11
28,Anchovy,1111306104988855517,25,1,2,13
7,Bass,2231069915178123738,12,2,1,6
5031,Boot,8756226030707865134,14,1,1,9
74,Mola Mola Fish,10523632396336707148,22,4,4,20
7,Bass,15757237656917412041,24,4,1,5
1,Tilapia,12501702329825069978,22,6,1,4
1,Tilapia,14466445244288861200,17,3,2,11
28,Anchovy,13100443013445622811,20,6,2,10
30,Herring,551320722168648953,20,4,4,8
17,Spot Fish,14415902288529349007,18,1,3,3
13,Sardine,5602855816039656003,15,3,2,10
13,Sardine,9031366796165923740,16,4,1,4
1,Tilapia,9135958715468747877,17,3,3,4
54,Redgill,115205556378883634,23,5,3,4
22,Pufferfish,9769002460833887277,18,2,1,14
19,Trout,142063999701508612,20,5,3,11
37,Snapper,17025922436647916776,20,4,1,13
32,Cod,9364124118348475336,15,2,2,5
35,Triple Tail,10599579428522034850,23,6,1,2
17,Spot Fish,1362635309052443899,17,5,2,5
23,Pufferfish,5022008872304358873,21,5,4,11
23,Pufferfish,11168026559200426788,16,3,2,19
1,Tilapia,2958704507093137534,24,1,1,14
7,Bass,13926488242138102061,26,5,4,7
34,Triple Tail,4386913607773927829,22,2,4,10
23,Pufferfish,18010579494220859973,19,2,1,15
65,Piranha,13873163509847993464,18,4,3,2
65,Piranha,1080632803657286581,14,3,4,19
7,Bass,7836003813066841245,22,2,3,20
46,Eel,5497169917684478003,16,6,2,17
53,Bluegill,11706745370162498975,20,2,4,5
71,Angel Fish,3458649340450781911,25,4,4,16
44,Clownfish,13621481504141481213,15,2,4,3
46,Eel,7228501747845583381,23,5,3,6
23,Pufferfish,10585622267016686106,16,5,2,16
23,Pufferfish,2079434770635801808,16,1,2,9
1,Tilapia,1170126774143665128,22,6,2,17
24,Pufferfish,8357803959768472174,22,4,2,19
37,Snapper,1385239048971640859,21,6,3,16
16,Trout,7965887611326409277,21,5,2,14
23,Pufferfish,14388250837155991666,23,6,1,20
37,Snapper,1779970912490237532,21,4,1,11
17,Spot Fish,6527365963382713537,21,4,4,3
46,Eel,2098321497127197274,23,4,2,4
38,Snapper,4442576537682364108,19,6,3,15
7,Bass,9939674351154823224,22,1,2,15
4,Perch,8585619455338805149,24,6,1,12
37,Snapper,10130150127246638858,15,6,1,10
23,Pufferfish,17802176896270454180,21,3,1,5
46,Eel,16249302492695644891,18,3,1,16
16,Trout,5950076689750739984,22,1,2,8
