11,Sardine,15943585683041068917,21,4,4,19,-1
28,Anchovy,13520805763495285004,22,1,4,15,-1
5,Perch,7323045230159286125,18,2,1,9,-1
37,Snapper,14637186114770572773,18,3,2,16,-1
11,Sardine,11021081171325980078,18,5,2,18,-1
11,Sardine,8767997265223849761,15,5,4,16,-1
65,Piranha,5015241410099550252,15,1,4,16,-1
14,Sardine,362186685679659560,16,1,1,18,-1
47,Eel,17857215611699647556,16,4,2,20,-1
1,Tilapia,1551762199129949527,24,4,3,13,-1
37,Snapper,14791770621184858316,25,4,2,1,-1
31,Cod,16943393341487273151,16,5,3,10,-1
81,Starfish,16964338205313903270,15,5,3,14,-1
37,Snapper,8191771239784876755,20,6,3,20,-1
71,Angel Fish,2272087530005504491,23,5,4,6,-1
50,Damsel Fish,7095894542582745906,14,2,1,5,-1
