23,Pufferfish,17317721814046809927,14,5,2,15
25,Catfish,676849529852345452,23,4,4,12
38,Snapper,14414583819874727500,18,2,1,3
10,Sardine,2964516224816600921,19,5,4,20
5049,Axolotl,13564635304964723619,34,5,2,21
28,Anchovy,3317455988588026115,22,6,2,1
43,Clownfish,1871603117936227657,14,4,1,2
31,Cod,13780754694879866520,17,1,4,2
33,Cod,6408315546644382124,16,7,1,9
5031,Boot,10590995533148278629,25,2,1,6
89,Seahorse,4984493752446320243,22,3,3,16
38,Snapper,1107669618624644686,16,4,4,12
3,Tilpia,3372461876096234571,24,4,3,12
5029,{NULL}fish,8113554685514192173,100,0,0,0
33,Cod,6577876268657329727,21,6,1,3
26,Catfish,2449196253229735690,23,5,2,10
5031,Boot,7845660952057955980,20,5,1,9
41,Anglerfish,6531820839374133656,25,5,3,8
10,Sardine,1955261265291528362,21,4,4,12
37,Snapper,6505483775707911083,24,1,3,8
37,Snapper,2571250522276865453,20,4,3,17
19,Trout,10957605699292358331,20,5,3,14
9,Bass,14778810425866886254,24,6,4,12
54,Redgill,7839973608863645203,22,5,1,16
84,Crab,16063105044305650198,28,4,3,21
19,Trout,4556372875698530504,17,2,4,7
44,Clownfish,14699918702941793579,19,3,2,12
40,Anglerfish,8470067856212794704,23,4,4,3
44,Clownfish,2077189586761538304,22,2,4,12
53,Bluegill,2749529861324520024,22,1,4,12
38,Snapper,14675985665294896634,22,1,2,5
77,Turtle,5219310834064908494,17,3,3,12
22,Pufferfish,5375287925023924004,20,1,1,9
20,Trout,14729836062113358146,22,3,1,4
89,Seahorse,5971969075521128333,16,5,2,17
65,Piranha,17307371664716932688,18,5,4,5
81,Starfish,12349495630036224028,19,4,1,5
53,Bluegill,54383946164297891,19,1,4,3
53,Bluegill,16938735282331813253,22,3,1,2
40,Anglerfish,6840059980925008826,24,3,3,15
55,Spearfish,13821790312174558878,15,6,3,6
17,Spot Fish,4946433390863924796,18,5,4,4
7,Bass,13124892577565333529,24,5,4,20
65,Piranha,16221420284681573324,19,2,4,6
69,Grouper,5125744631469262684,15,1,4,15
23,Pufferfish,17355328089143262357,22,3,2,17
82,Starfish,1322278484378824477,27,2,1,17
16,Trout,7091537986250586424,19,4,3,20
11,Sardine,12283269444761293426,24,3,1,13
16,Trout,10162853533711501535,19,1,3,9
23,Pufferfish,8456671532060657258,18,1,1,13
48,Electric Eel,3287807680628964092,20,6,4,15
51,Damsel Fish,11509476101377231331,30,3,3,19
14,Sardine,2312298496511708834,16,6,3,16
20,Trout,12409630187974012872,17,2,1,9
76,Mola Mola Fish,9166985376348068137,30,3,3,11
16,Trout,12859206065019461768,22,1,4,14
5029,{NULL}fish,16795763870959509426,100,0,0,0
47,Eel,17551127941628914352,25,5,3,16
32,Cod,3188025900980707523,18,3,3,1
1,Tilapia,2329411821783057446,17,2,1,8
36,Triple Tail,5374717379327890062,25,4,3,11
7,Bass,2969467803821635622,19,1,4,5
16,Trout,17502723799630594135,20,4,3,11
33,Cod,4782019287686889576,22,6,3,5
23,Pufferfish,17060160698171518342,19,6,1,9
47,Eel,9311935201764614888,23,1,2,2
16,Trout,16112316712378488295,21,2,2,6
7,Bass,11292941695298922859,18,4,3,19
5031,Boot,12470340589099231285,18,4,3,14
41,Anglerfish,17954769039518480442,21,2,3,12
24,Pufferfish,14381536025469758618,21,5,3,19
7,Bass,11005406207087911071,16,4,3,12
20,Trout,3782474278071355806,22,3,4,13
75,Mola Mola Fish,12405104563020687382,26,2,2,9
93,Blue Lobster,1027575968291751671,29,7,1,7
56,Spearfish,17246358301341460970,31,5,2,19
100,Jellyfish,1758563822050502799,22,2,2,16
57,Spearfish,13676254587634779216,22,7,2,12
39,Snapperfish,5312141854087596429,33,7,1,4
