14,Sardine,3259695098533391448,24,4,2,10
36,Triple Tail,4753789388311452338,30,2,3,12
74,Mola Mola Fish,14987401059842885451,26,4,3,20
44,Clownfish,1702499013613056075,20,5,3,6
30,Herring,9146568172323190291,24,1,3,19
69,Grouper,469316467370787578,21,1,3,13
47,Eel,9064286331878226019,20,4,4,7
1,Tilapia,16939027267904063636,15,6,4,16
5029,{NULL}fish,8797901049619250528,100,0,0,0
8,Bass,4257798041282064624,14,2,4,15
33,Cod,11940670280700677357,29,2,3,3
3,Tilpia,14660675963197944724,21,5,3,9
25,Catfish,1698780263184511963,20,3,1,14
65,Piranha,18116269944525883275,26,3,1,5
69,Grouper,14734740972128507242,25,5,2,17
18,Trout,7101732036450268095,21,6,1,8
3,Tilpia,9099837282840787116,20,5,1,4
47,Eel,12638509606438187270,16,6,2,6
29,Herring,7276095242972842926,18,5,4,16
97,Golden Takoyaki,5257803424967318920,37,4,6,14
35,Triple Tail,13640437307597263577,23,4,4,10
10,Sardine,13717283760705824054,21,1,4,16
69,Grouper,17645842809795352747,16,3,4,3
72,Angelfish,2898037557360174244,36,6,2,21
23,Pufferfish,10273862501130740626,17,5,1,3
5010,Blahaj,3808628572801280964,27,9,6,23
50,Damsel Fish,11410987564795301918,12,2,1,18
50,Damsel Fish,6117675408395292171,16,1,4,18
5031,Boot,13194843827675808354,12,5,1,8
29,Herring,18335888880612240804,20,6,1,4
5026,GamerPieJess fish,4147324638526303885,29,2,2,4
11,Sardine,5039865396693894848,21,4,2,12
44,Clownfish,5304557799851474403,16,5,4,18
77,Turtle,3331960945658906914,24,3,3,13
48,Electric Eel,13151291359606227218,20,5,3,13
40,Anglerfish,4285792666617746136,19,6,4,17
19,Trout,7847390370177014132,26,2,3,6
8,Bass,18358352715231862334,22,4,3,5
21,Trout,4619441873398585570,24,5,3,17
26,Catfish,1039850477155160787,23,6,4,5
5,Perch,18193670106572898522,24,3,4,14
55,Spearfish,13591795659359782266,15,4,2,3
89,Seahorse,12472494857109708029,15,1,1,12
69,Grouper,12587844239955069222,18,4,1,18
32,Cod,9389339885028915261,18,6,2,3
28,Anchovy,13743154781111279253,19,5,3,5
37,Snapper,7837324955211765913,20,1,4,3
92,Lobster,15070349541478387568,18,5,2,13,2
62,Barracuda,804860628206392439,17,3,3,17,0
