4,Perch,8634621477935526723,16,4,3,5,0
55,Spearfish,16186316618068569325,23,5,4,6,1
17,Spot Fish,1744942687556851786,20,6,4,13,0
67,Grouper,15555396775614455787,19,3,2,15,0
64,Piranha,17515637414726406743,25,1,4,19,0
34,Triple Tail,7598251844483415603,23,6,1,19,0
4,Perch,10544109296388110747,23,6,4,10,0
99,Jellyfish,447556829749378959,19,1,2,17,0
64,Piranha,17371802252590971946,17,5,1,14,0
80,Starfish,3295656188191904857,15,6,4,19,0
53,Bluegill,3114675952288747950,21,5,3,1,0
40,Anglerfish,4109344146247959650,20,6,3,17,1
11,Sardine,5159370354907961823,16,6,3,1,2
22,Pufferfish,9470696330772626696,17,1,3,18,0
81,Starfish,10637615232485761222,25,1,4,20,0
40,Anglerfish,13593926083465429373,25,5,2,15,0
61,Barracuda,12592651806391327731,18,1,1,20,0
14,Sardine,16505964076785602150,12,6,1,18,0
68,Grouper,804248782897521651,22,5,1,4,0
46,Eel,3268325545271295534,19,5,2,18,0
100,Jellyfish,13436909072769845664,25,3,3,19,0
23,Pufferfish,1880241125377297771,23,1,1,9,0
71,Angel Fish,1874208254320472275,23,6,4,20,7
1,Tilapia,2218727268669313744,19,4,4,8,0
43,Clownfish,5740261660121346782,17,1,4,11,0
18,Trout,6637722068029689253,29,3,2,21,3
43,Clownfish,13795109895917380228,15,4,3,12,0
34,Triple Tail,2653232562604943307,22,6,2,9,0
80,Starfish,5765928488779218126,19,5,4,11,3
4,Perch,9689776755644824450,18,3,4,2,0
38,Snapper,722562694693189553,20,2,2,4,0
49,Damsel Fish,8808411979287199287,19,6,4,16,0
61,Barracuda,9097589933769222745,21,6,1,3,0
37,Snapper,16695520183906239220,26,2,4,18,0
49,Damsel Fish,4743692000543024987,20,1,1,14,0
68,Grouper,4952657139136269896,27,4,2,5,4
89,Seahorse,7366743309141902974,20,5,3,16
93,Blue Lobster,6975416954824993363,20,7,4,20,11
4,Perch,10400746015664589889,25,1,3,2,0
