30,Herring,12493614555634149299,25,1,4,14
27,Catfish,8044505424846914253,28,4,1,17
50,Damsel Fish,6574220576650537615,24,6,3,12
28,Anchovy,2460176856728117739,18,4,2,12
1,Tilapia,3393754662421395893,20,1,1,9
71,Angel Fish,12036359254706710034,13,4,1,3
4,Perch,17816198975002687240,20,3,1,18
22,Pufferfish,1927333423640855661,19,4,2,19
23,Pufferfish,10156920113654414526,16,1,3,10
11,Sardine,11531454430370048922,20,4,4,1
3,Tilpia,13376616994722950896,19,1,2,9
28,Anchovy,10166425804874543665,23,1,2,6
29,Herring,14145873663189609049,20,5,3,6
81,Starfish,15634476346898710155,15,5,4,3
28,Anchovy,8265073157983855954,17,4,3,7
32,Cod,13877484965716195167,20,5,3,17
30,Herring,16960996377860210226,16,6,2,12
23,Pufferfish,2718309967686100325,17,2,4,12
3,Tilpia,17008010822898317468,13,5,1,12
23,Pufferfish,13580854282652524864,14,2,3,12
7,Bass,3401144596164210043,17,5,3,15
44,Clownfish,14635456210566683509,14,5,2,5
