4,Perch,4267301695642452448,23,1,1,13,-1
1,Tilapia,4783573081608232164,22,4,4,4,-1
36,Triple Tail,1300366811021943168,24,5,1,6,-1
48,Electric Eel,9016908837539236091,22,5,3,11,-1
43,Clownfish,17618278909506874103,20,2,4,8,-1
7,Bass,623790060675003893,14,1,1,7,-1
23,Pufferfish,16801815158970479958,16,2,4,16,-1
81,Starfish,12909327498543448396,15,3,2,15,-1
43,Clownfish,9792266207502877945,21,1,3,4,-1
34,Triple Tail,9123389076337461496,20,1,3,10,-1
59,Salmon,2449217274393767217,22,3,4,8,-1
72,Angelfish,1299009051415287933,26,2,4,16,-1
55,Spearfish,5381317690447944434,23,2,2,19,-1
28,Anchovy,7153894105020304971,24,4,2,10,-1
4,Perch,4041229219145583639,20,3,1,20,-1
4,Perch,1611941708528000043,18,5,4,6,-1
13,Sardine,16227639312759608672,15,3,4,17,-1
28,Anchovy,14720452673384628631,22,3,4,16,-1
34,Triple Tail,10683072426028686907,14,3,1,10,-1
4,Perch,215341451628748710,19,4,2,15,-1
