60,Green Salmon,15164639814796081682,27,6,1,16,-1
29,Herring,10624251890766329245,17,6,1,17,-1
77,Turtle,18016440987952400737,17,1,1,12,-1
77,Turtle,14697464205051856095,22,5,1,19,-1
72,Angelfish,6083654260249705447,29,6,3,8,-1
15,Spotfish,7801424265154004092,25,5,2,7,-1
5012,Red Handfish,6572984909379186751,34,6,6,16,-1
5031,Boot,16178173669634554717,21,2,3,16,-1
71,Angel Fish,11598365052214169036,19,3,3,18,-1
77,Turtle,14636497521098889085,21,6,3,11,-1
34,Triple Tail,2876652171380059364,22,5,2,1,-1
90,Seahorse,7368566128668148773,24,4,3,7,-1
47,Eel,10180624105566434598,15,3,2,12,-1
8,Bass,18221439561132025975,25,4,3,8,-1
25,Catfish,12897395384614030406,17,1,2,4,-1
34,Triple Tail,9042974140700311409,18,3,4,8,-1
29,Herring,13473793816028550433,22,1,3,6,-1
23,Pufferfish,8089457435213418905,17,5,4,15,-1
3,Tilpia,3974828253741001156,21,2,4,18,-1
62,Barracuda,16743835010706604062,21,4,1,10,-1
4,Perch,8062325992070543280,23,6,4,8,-1
