7,Bass,4248105400167290408,18,1,4,3
16,Trout,2656380620087448315,19,6,2,11
1,Tilapia,9191734037834679818,19,4,2,18
16,Trout,5350412154400733065,20,3,4,15
38,Snapper,10146604391823332883,21,3,1,2
16,Trout,17693310020119430698,24,1,4,6
55,Spearfish,4512941598315508893,25,4,2,15
32,Cod,4146922098725132260,16,6,1,17
25,Catfish,4067509611699472605,22,3,4,8
43,Clownfish,13376130484281632307,24,1,3,2
16,Trout,5647665245751765044,15,6,2,12
4,Perch,12547315104407984327,21,4,3,10
13,Sardine,9314961090536087565,20,2,4,15
43,Clownfish,7119550238010210074,26,2,3,11
7,Bass,15966062005857670799,23,3,1,15
22,Pufferfish,14897250694909966921,20,2,3,15
30,Herring,11604945436257056096,16,4,1,10
38,Snapper,15626437133605670171,18,1,4,3
77,Turtle,6319971245675241071,13,2,2,19
46,Eel,16729286139506775752,19,2,1,6
23,Pufferfish,15502823276319925318,18,6,2,1
62,Barracuda,13609606788378195879,13,6,4,10
43,Clownfish,1498559603129404780,18,2,2,7
25,Catfish,11040397026739790150,18,4,2,3
50,Damsel Fish,12962370453727582938,19,5,1,14
14,Sardine,8928525185750574091,17,3,2,15
28,Anchovy,277526537166316454,17,6,4,7
19,Trout,9951443035431850979,18,5,2,6
47,Eel,1409394865559220302,22,5,2,5
30,Herring,18372461294661913288,21,3,3,5
7,Bass,3136623168361794025,19,6,4,11
44,Clownfish,11989832577660752504,16,1,3,7
30,Herring,14893292879088313910,19,3,1,11
35,Triple Tail,7967378183232855549,19,3,2,7
30,Herring,13664577703990282360,16,5,1,2
62,Barracuda,9658719316147245708,17,4,4,1
27,Catfish,1562191019178998131,24,4,4,9
76,Mola Mola Fish,7557940035162266181,24,4,3,9
77,Turtle,14665668021215945895,18,1,4,16
30,Herring,6756934789245004625,20,4,4,13
81,Starfish,16749269206631434308,20,3,3,15
79,Turtle,3069635410924199571,19,7,5,20
89,Seahorse,10840096242853117217,17,2,2,5
60,Green Salmon,698617312851962131,27,5,1,2
54,Redgill,13586622187492713829,24,4,1,5
41,Anglerfish,14504657271335943359,30,3,2,12
19,Trout,7000435481230484622,14,4,2,8
46,Eel,4897847225600833524,25,3,1,12
59,Salmon,1626446274091261017,25,3,4,5
47,Eel,2553116501723583434,14,2,2,7
5,Perch,18022753048289407711,22,3,4,12
14,Sardine,10892687845234848828,22,2,2,8
22,Pufferfish,1669338842447893321,19,5,1,18
25,Catfish,13293463553515667894,22,2,1,11
69,Grouper,753506583222650793,19,6,3,13
5067,Pop-eyed goldfish,1145001070099402539,22,3,4,6
32,Cod,10796468684388349353,23,1,2,8
32,Cod,18315954134151060903,13,6,1,9
65,Piranha,5739482181439674166,23,4,3,1
94,Lobster,8060286659309831376,29,2,3,17
28,Anchovy,5240106939552893432,15,1,1,20
5049,Axolotl,4602566634014209683,21,10,3,5
17,Spot Fish,18400950135615397397,16,6,3,4
28,Anchovy,14674718739881102043,20,2,2,20
44,Clownfish,11423449148397189182,17,4,4,20
4,Perch,5979189635573132373,18,2,1,20
59,Salmon,14641331199242137439,21,2,4,7
71,Angel Fish,13089499201411498206,24,2,2,19
76,Mola Mola Fish,2692911291279968082,25,9,1,6
8,Bass,15470716025564345917,20,4,2,6
5067,Pop-eyed goldfish,18237719182657767080,30,5,2,17
46,Eel,10623206870175166057,19,6,2,6
15,Spotfish,17800504739332544716,33,6,3,7
50,Damsel Fish,8024126759450758042,18,2,3,4
27,Catfish,453481828461627152,24,3,2,2
77,Turtle,14547410820711310457,16,2,3,18
4,Perch,14245779752649637194,20,2,4,19
90,Seahorse,17436806782923162540,24,3,3,6
78,Turtle,9344308882448845194,21,4,3,16
38,Snapper,4499995889708149093,18,5,4,14
14,Sardine,4535743622996396207,24,1,3,7
5031,Boot,2970090231162867088,26,2,4,17
19,Trout,13196915005448165865,21,2,3,6
69,Grouper,4673769425437610221,21,3,3,1
5,Perch,12788119563393821824,18,4,4,11
81,Starfish,13773701618213455561,22,3,4,5
44,Clownfish,10902804820266144808,18,5,4,10
32,Cod,15228858678433099046,22,3,3,12
29,Herring,17469505028750230322,16,1,1,7
5026,GamerPieJess fish,7854528119391613486,25,6,2,3
75,Mola Mola Fish,125073377432970468,21,6,3,17
8,Bass,14227261164508257352,16,1,1,2
5059,Great white shark,13457602856150378045,18,3,2,21
17,Spot Fish,14062831616938566363,21,3,4,2
75,Mola Mola Fish,6009354376636106198,30,6,1,10
23,Pufferfish,15230919100590254963,21,4,1,9
28,Anchovy,11606311755243168864,25,3,1,15
13,Sardine,6323634809561931523,24,2,4,2
7,Bass,807123610874981214,16,3,3,19
40,Anglerfish,11329845026761408408,19,4,3,3
47,Eel,9403449469599564009,23,1,4,11
78,Turtle,17940376194413267824,27,7,3,11
4,Perch,4875812122476264121,22,1,1,6
35,Triple Tail,17363108781930414048,22,7,4,18
38,Snapper,1997942301089296689,20,5,1,6
37,Snapper,4162063924259102427,14,4,3,8
10,Sardine,17803009104612108697,14,2,2,10
79,Turtle,4638774164959074385,19,6,5,3
19,Trout,14166605142202111077,20,2,4,6
71,Angel Fish,16979047588589686335,24,1,1,18
1,Tilapia,16659477817095687481,20,4,3,19
59,Salmon,18073862358116662938,13,6,3,3
68,Grouper,7560944053773461824,22,4,2,2
14,Sardine,1594104569822618776,19,3,4,11
87,Shrimp,14239724531814547085,19,3,2,9
83,Crab,16386493563798808750,13,1,1,16,0
51,Damsel Fish,17004274830490141154,29,3,3,11,0
79,Turtle,6606055760171966770,26,8,6,9,0
84,Crab,897779479510815587,21,2,2,11,0
19,Trout,1877565887258258292,20,3,2,4,0
