65,Piranha,846387497199265028,13,3,2,15,-1
43,Clownfish,1999049463864480845,18,3,1,15,-1
19,Trout,17171565737089373677,14,1,2,3,-1
32,Cod,9047621427835337942,17,1,2,4,-1
46,Eel,3185509984474754915,17,2,4,15,-1
37,Snapper,5643525298047968148,19,6,1,2,-1
20,Trout,18085380089405467004,24,2,2,7,-1
57,Spearfish,17692537814193382843,28,4,4,15,-1
1,Tilapia,3202202943447208264,18,3,4,1,-1
4,Perch,17205085638617817796,16,4,3,13,-1
1,Tilapia,5036429372816353722,19,6,4,5,-1
1,Tilapia,9601066859121167786,18,1,4,2,-1
44,Clownfish,15114847152780543906,15,4,2,15,-1
4,Perch,14802288264881096689,15,2,2,2,-1
1,Tilapia,15243918766712038768,19,6,1,8,-1
7,Bass,7675845178034736655,17,5,2,10,-1
