63,Barracuda,15379526150033519475,22,6,3,11
11,Sardine,7479002750356845656,19,4,4,20
22,Pufferfish,11284293565436581168,22,3,3,10
35,Triple Tail,16750446411400068517,27,6,4,12
89,Seahorse,9102254740278793136,13,2,2,8
5031,Boot,15479203022309499044,26,1,2,6
1,Tilapia,14518830458306547475,18,2,3,8
19,Trout,10677489315255538422,20,3,3,12
29,Herring,10880563891584715334,20,1,4,9
32,Cod,4142862860920439933,14,2,3,1
22,Pufferfish,2436148677484391464,16,1,3,5
1,Tilapia,5650876764183640170,19,6,2,8
32,Cod,1639845395474559208,21,2,4,14
93,Blue Lobster,17285190965243355264,32,6,2,18
25,Catfish,17284780988538673510,13,1,1,18
16,Trout,11771774696145956283,21,3,4,20
7,Bass,6405241339258444077,19,1,1,19
93,Blue Lobster,2624806074306220624,21,2,4,3
7,Bass,9676037160738777272,16,5,3,15
39,Snapperfish,14755420588771152387,26,6,1,6
5031,Boot,14820562530447772709,18,3,3,11
32,Cod,2137589683474637254,26,4,1,3
71,Angel Fish,10920166685527964522,24,5,3,11
37,Snapper,3695504545620287967,16,5,2,11
1,Tilapia,1284293172865768433,19,6,4,10
36,Triple Tail,12720332474735383028,24,7,1,8
62,Barracuda,6224911977013505045,17,4,2,7
82,Starfish,11212599413412156890,26,5,3,2
13,Sardine,298141857556017819,19,1,2,12
1,Tilapia,14608274390728970401,14,3,1,5
30,Herring,1073589011469863493,25,4,1,8
5031,Boot,1852142859973687866,19,6,2,17
74,Mola Mola Fish,12964980036081787598,24,4,2,10
32,Cod,13553867613315028797,17,6,2,12
28,Anchovy,11628756864175143312,26,1,3,20
29,Herring,675476598031367995,20,6,1,4
24,Pufferfish,3279361265014945177,25,4,2,7
30,Herring,18196434257308326547,20,5,2,14
50,Damsel Fish,9659526393357136275,17,3,4,15
11,Sardine,9545273041085656914,13,5,3,8
37,Snapper,10234095192481447822,18,3,1,20
23,Pufferfish,7197115307794155125,25,6,1,4
7,Bass,6024983527746579643,19,4,4,20
62,Barracuda,13834275209711365721,12,4,1,7
31,Cod,8111933209048349047,21,6,3,6
57,Spearfish,5081736244114837636,24,5,3,15
28,Anchovy,3628973839720680027,21,1,1,1
38,Snapper,13367602997381172989,25,6,3,15
1,Tilapia,12067554727044046386,14,1,4,17
11,Sardine,3777319692201390341,16,5,4,3
29,Herring,15526743920295098474,22,2,1,4
13,Sardine,6946737513272698320,21,2,2,13
37,Snapper,4252497271290506034,23,5,1,20
56,Spearfish,12127999991679742686,27,4,4,10
34,Triple Tail,15426731395342750036,17,4,2,19
4,Perch,6920965516948664090,20,2,4,3
81,Starfish,17400976425728235294,19,3,2,16
14,Sardine,16496522549865074045,17,4,4,20
7,Bass,12365965656910643063,21,5,1,7
53,Bluegill,7287578433717320162,20,3,1,11
16,Trout,10643748589700172813,15,6,2,1
14,Sardine,13459622710065102076,18,2,2,3
22,Pufferfish,8523140063038464576,12,6,3,20
7,Bass,16293518573485175754,19,2,2,13
40,Anglerfish,15724626807656133035,16,1,1,12
23,Pufferfish,10877640373813787736,22,1,4,9
3,Tilpia,6338875651387150138,22,3,2,20
29,Herring,4582455060210006895,25,1,2,19
46,Eel,6417414365070213949,22,3,4,20
32,Cod,15830248243718600790,20,2,4,15
93,Blue Lobster,13486045062714415692,24,7,1,14
4,Perch,12344149060504444858,17,2,3,15
30,Herring,2336083805638937158,18,6,3,15
23,Pufferfish,4567158057940312767,21,3,4,5
23,Pufferfish,16920831231960309137,17,4,2,8
37,Snapper,9363092750408215197,24,5,1,2
7,Bass,13377495382616728647,25,4,2,13
29,Herring,9402427447351845902,17,5,1,20,0
31,Cod,15952832150303950775,25,6,4,11,0
23,Pufferfish,17877457974692025796,19,3,1,13,0
11,Sardine,3845317586498659805,21,6,4,20,4
