1,Tilapia,4693121833426427328,15,3,2,10
47,Eel,5655305976829397162,17,5,1,12
13,Sardine,10465359848195762147,19,2,1,3
34,Triple Tail,11097678019564323184,19,1,4,17
81,Starfish,15771426688635488043,20,1,2,3
81,Starfish,10246465623766510269,14,3,3,20
10,Sardine,5177684052925688705,15,4,1,1
16,Trout,7962572418883817260,17,5,4,13
53,Bluegill,8664722517796724287,18,3,2,9
10,Sardine,11707232333259620348,19,4,2,20
32,Cod,16803528946425335893,21,4,2,5
50,Damsel Fish,9657571983610789549,15,2,3,17
16,Trout,11680032615681739224,20,2,3,12
28,Anchovy,2207165709543582840,18,1,4,13
13,Sardine,6010717271348056903,14,3,2,20
68,Grouper,3356815680793241312,21,6,2,2
13,Sardine,3993549733544778042,23,6,2,12
65,Piranha,7936617588921452968,25,4,4,2
34,Triple Tail,12867833582493490469,18,5,3,7
98,Jellyfish,2678639372367323280,25,2,4,16
17,Spot Fish,11112588643841876709,13,1,4,9
43,Clownfish,1396772508141565428,15,5,1,1
16,Trout,3406710600118370736,19,5,4,3
37,Snapper,6930912140507749655,15,4,4,17
34,Triple Tail,1765519315310183238,24,4,3,17
40,Anglerfish,11564555336190655636,20,6,3,15
65,Piranha,15496546719012271820,20,2,3,8
69,Grouper,5597122049472891804,22,6,1,20
11,Sardine,463762862231291514,20,3,1,7
23,Pufferfish,6644265003034492793,17,2,4,4
1,Tilapia,5996229258890781341,22,5,2,15
16,Trout,11082670951832850528,20,4,2,11
3,Tilpia,14695850935097960891,21,6,3,10
94,Lobster,6527653581721504968,23,3,4,8
11,Sardine,17876490733951444373,16,2,3,16
37,Snapper,5542885454002454,16,5,2,3
54,Redgill,16044286319302647102,18,5,1,5
