52,Bluegill,17424113278268482756,15,1,1,8,0
7,Bass,5699754446800950549,20,1,4,14,0
71,Angel Fish,10423891554263532226,17,2,3,12,0
52,Bluegill,1521161657074786477,20,3,2,6,0
34,Triple Tail,9140366540579562242,19,1,3,1,0
11,Sardine,3343128090880395089,19,4,1,8,0
28,Anchovy,17253416193983292220,15,5,1,20,0
33,Cod,12609107655120479803,20,3,2,18,0
44,Clownfish,11059888904509505604,19,1,4,8,0
64,Piranha,17554943205841530263,19,2,4,12,0
67,Grouper,1317901898219732053,16,4,1,12,0
2,Tilapia,14947994378857030322,19,5,4,5,0
11,Sardine,3754889088048069059,15,6,4,7,0
59,Salmon,3244208613315287315,16,6,4,14,2
13,Sardine,2770193739554505433,14,2,1,4,0
23,Pufferfish,5669866581815417502,21,5,4,9,0
49,Damsel Fish,3781948039940973565,18,4,1,5,0
5,Perch,13999701409570161196,21,6,3,14,0
28,Anchovy,8789960536429631067,26,3,2,6,0
89,Seahorse,9503219487911020433,18,5,3,12,0
34,Triple Tail,18041432211127140266,21,2,1,6,0
13,Sardine,923099820878737322,16,1,2,5,0
77,Turtle,6851095482604603532,19,1,2,10,0
92,Lobster,1689403581952572017,18,6,4,16,0
58,Salmon,4568744283372506977,20,1,2,19,0
28,Anchovy,3316680995350591754,20,4,2,17,0
