7,Bass,13075218846330351789,14,5,4,1,-1
28,Anchovy,14081689562117932068,25,1,2,2,-1
43,Clownfish,13807453243167852532,19,2,2,16,-1
7,Bass,10037007887837350843,20,5,2,13,-1
44,Clownfish,7868563987715405431,19,1,2,11,-1
11,Sardine,3894001708236541105,15,6,2,12,-1
28,Anchovy,13140650304977528601,20,1,1,6,-1
37,Snapper,12251256516250827447,17,1,2,16,-1
5026,GamerPieJess fish,17581697248885999079,27,6,2,9,-1
53,Bluegill,4028835082766596226,17,2,3,2,-1
1,Tilapia,8053846854668125871,20,4,2,12,-1
82,Starfish,17720303978068068670,21,3,4,15,-1
72,Angelfish,16559255091406561709,27,6,2,16,-1
50,Damsel Fish,6149121468595257108,19,6,4,11,-1
15,Spotfish,16616909673674638394,32,5,1,7,-1
