10,Sardine,4636010646663333768,21,3,4,10
28,Anchovy,13550569796604958296,22,5,1,13
40,Anglerfish,1903735194869536571,18,3,1,14
68,Grouper,12032576485260758302,28,5,4,21
38,Snapper,6283930626925633214,18,2,2,3
46,Eel,12187484875633594016,19,2,3,1
11,Sardine,17631099221427338562,19,6,3,15
15,Spotfish,11407816748020293531,20,3,1,6
4,Perch,2489379739874247122,15,3,3,5
19,Trout,5906683835528441409,14,5,4,4
62,Barracuda,7982112782812913500,24,3,2,6
28,Anchovy,7468529082186663899,22,3,2,13
1,Tilapia,8092540911903777159,12,2,3,11
23,Pufferfish,10687790682287069764,20,4,1,8
5,Perch,13209475930737156357,25,3,3,18
28,Anchovy,16800468624993913372,20,3,3,19
11,Sardine,5559553480320241644,17,3,1,13
37,Snapper,3574350236513366049,21,5,4,2
15,Spotfish,5159234494257658816,26,6,2,13
7,Bass,12142980266662337619,22,2,4,4
40,Anglerfish,18058728766324442766,19,5,1,6
44,Clownfish,15636456073608895164,20,4,2,18
5059,Great white shark,2524854761759956991,28,2,3,8
3,Tilpia,18261809654526174524,24,1,1,20
29,Herring,5517911468216918044,20,6,3,8
82,Starfish,6200888462541491242,26,4,2,17
4,Perch,4298986641499468379,24,5,2,9
38,Snapper,15528484556974353532,16,1,4,15
23,Pufferfish,6119557364768094394,15,6,2,1
81,Starfish,11867881315371449239,18,1,4,12
69,Grouper,9542913537613028617,19,5,4,3
48,Electric Eel,2029566053684621210,24,2,1,4
23,Pufferfish,16651583578905561998,20,3,2,13
19,Trout,3301864975378783293,19,1,2,4
59,Salmon,2550528151977175490,24,1,3,18
43,Clownfish,2047185282414307321,17,1,2,1
30,Herring,2881054842609547072,12,2,1,4
10,Sardine,6834252953403270913,21,3,4,7
4,Perch,16667924753659375131,18,5,4,14
77,Turtle,32731587181999169,15,4,3,9
11,Sardine,17720209766183552366,19,3,2,17
5,Perch,11642909645824198576,21,6,4,4
47,Eel,11212716413080436453,18,3,3,13
89,Seahorse,10659781973033652977,21,3,3,16
63,Barracuda,2597913789079247362,26,4,4,16
53,Bluegill,134473769820899753,24,6,1,4
97,Golden Takoyaki,18101065277116468964,30,7,6,6
40,Anglerfish,628239315804361024,18,2,2,20
53,Bluegill,16306431247225088645,19,5,4,9
100,Jellyfish,13242440831162975555,17,2,4,5
40,Anglerfish,14653761304957286126,20,3,4,14
14,Sardine,1537261252575082157,19,6,4,5
89,Seahorse,12453475988415182924,26,1,1,1
89,Seahorse,4231432572947013724,18,1,3,1
50,Damsel Fish,3655080779079252419,17,1,4,10
51,Damsel Fish,9147172370151065588,26,4,2,3
