95,Octopus,8202740762113701319,25,4,3,12
60,Green Salmon,14088990856780929983,23,2,3,13
7,Bass,13383892185997048715,12,5,4,15
61,Barracuda,4779960450117610278,14,3,2,8,0
50,Damsel Fish,17217682784253436575,18,2,4,6,0
89,Seahorse,7202730990859019565,24,3,2,10,0
80,Starfish,14424259167737140090,18,2,1,3,0
77,Turtle,17344026147281189140,19,1,2,20,0
77,Turtle,18119011542170468984,15,6,1,14,0
80,Starfish,11776649787551110806,21,5,2,11,0
14,Sardine,16512726260414481353,15,6,3,12,0
19,Trout,1541358434436094044,18,5,1,16,1
10,Sardine,16225944580653568020,19,4,3,2,0
53,Bluegill,2978101850938347285,21,4,1,3,0
74,Mola Mola Fish,11928131616708771516,20,4,2,1,0
55,Spearfish,4567888893760101110,23,1,4,14,0
2,Tilapia,13903006149885371373,16,5,2,11,0
15,Spotfish,15631978850209004509,20,3,1,5,0
72,Angelfish,6551694396695371821,31,4,1,5,0
44,Clownfish,16709935491013523130,22,1,3,2,0
5029,{NULL}fish,16909023651746752798,100,0,0,0,0
95,Octopus,688486172092174384,19,6,4,20,5
49,Damsel Fish,17863698028709877801,26,6,3,12,6
16,Trout,16377982344539725651,12,5,4,8,0
11,Sardine,8952902697083004010,22,1,3,18,0
3,Tilpia,13154268913408824160,23,1,2,6,0
72,Angelfish,8888399359179297700,28,3,4,21,0
62,Barracuda,12919560209728772060,14,3,3,3,0
38,Snapper,10931685191896389926,26,3,3,6,0
50,Damsel Fish,9649232284707929501,12,5,1,12,0
26,Catfish,12513750221241254394,29,6,2,18,23
89,Seahorse,4573080685020413729,22,2,4,8,0
43,Clownfish,3047804896248653715,17,1,3,3,0
77,Turtle,2426137982089621587,15,6,1,20,0
48,Electric Eel,3799010513519314200,30,3,3,3,0
59,Salmon,17293725765344210308,17,2,3,13,0
66,Piranha,6018129276522848239,28,6,2,12,0
