16,Trout,14766336430808500934,21,6,1,13,-1
41,Anglerfish,10875089624920058044,21,3,3,3,-1
8,Bass,13127475308563362162,23,2,2,7,-1
30,Herring,9656267133019049449,19,5,1,11,-1
40,Anglerfish,9480281974161884990,14,4,2,11,-1
74,Mola Mola Fish,3848170708019968391,19,1,1,7,-1
14,Sardine,157975768330830739,24,2,1,15,-1
5031,Boot,1987464203136649747,12,2,2,17,-1
75,Mola Mola Fish,9228953934171770982,21,3,4,17,-1
5010,Blahaj,3823959486154152490,36,4,6,6,-1
63,Barracuda,9188347846907792488,24,6,3,13,-1
89,Seahorse,4311504376499918538,18,5,1,4,-1
59,Salmon,11082128042981849543,19,5,1,9,-1
63,Barracuda,443109964270490354,24,4,4,8,-1
11,Sardine,2009877663167953924,20,4,4,4,-1
79,Turtle,4877713526278068144,29,6,4,4,-1
43,Clownfish,9478841671479333029,14,3,2,6,-1
25,Catfish,5513530110980716381,16,1,2,14,-1
4,Perch,16970899954805185336,14,3,1,16,-1
44,Clownfish,629600522070557294,19,4,3,6,-1
90,Seahorse,12800223709634848500,29,7,1,19,-1
47,Eel,743623992485828253,16,3,1,17,-1
89,Seahorse,6742476402923206027,24,5,4,10,-1
81,Starfish,8135366408217065549,16,1,4,20,-1
21,Trout,6851874588655798902,18,6,2,18,-1
14,Sardine,6609673372321348162,19,4,3,7,-1
17,Spot Fish,8654165067872857481,18,1,2,20,-1
5031,Boot,16658500895568510718,21,5,3,12,-1
7,Bass,7256598259394604952,17,2,2,6,-1
11,Sardine,9908810360070990064,21,3,4,15,-1
5,Perch,3297768919498586569,14,1,4,9,-1
10,Sardine,14579037779261748022,20,6,2,10,-1
5,Perch,1106786730145885774,24,6,2,9,-1
7,Bass,2423593675236897197,21,4,1,7,-1
50,Damsel Fish,3036342638608081850,17,3,2,15,-1
20,Trout,7721123796622303790,21,6,2,11,-1
47,Eel,9636828320175988753,21,1,4,14,-1
81,Starfish,8878088408274485417,16,1,4,6,-1
59,Salmon,11484082187422221946,23,4,3,18,-1
72,Angelfish,16297664677315570647,21,7,1,6,-1
84,Crab,4618842252790088885,22,2,2,10,-1
32,Cod,92121390387535494,23,4,4,18,-1
