38,Snapper,4519662707594653732,17,6,3,9,-1
23,Pufferfish,7451233110597624788,17,2,2,17,-1
65,Piranha,17512465917497000672,18,1,3,20,-1
38,Snapper,12360791999872161539,18,1,1,13,-1
35,Triple Tail,9504711314615416962,26,2,1,6,-1
36,Triple Tail,17747232196967208360,14,3,1,12,-1
32,Cod,15101787292593619637,17,4,4,3,-1
29,Herring,3925921356231281838,15,6,2,12,-1
40,Anglerfish,4084653013191320417,13,3,3,19,-1
38,Snapper,15729687236180029833,21,3,4,19,-1
32,Cod,16519067644267552925,15,6,1,17,-1
1,Tilapia,13587016973489361946,14,2,4,18,-1
22,Pufferfish,12854202507069814985,19,4,4,19,-1
79,Turtle,18217066473396928699,29,7,3,19,-1
37,Snapper,2364122563882723123,21,5,1,5,-1
39,Snapperfish,12455208403229947631,22,6,4,3,-1
26,Catfish,14873828065474071675,29,7,4,21,-1
47,Eel,15129453806388450559,22,1,1,6,-1
22,Pufferfish,7178247330682481824,21,5,2,9,-1
55,Spearfish,14707291928460193665,18,4,1,14,-1
16,Trout,3761799940282307206,14,2,3,11,-1
81,Starfish,11249130683712074817,18,6,3,6,-1
