43,Clownfish,17335448906066252385,14,5,4,7,-1
44,Clownfish,10059689192269858067,20,5,2,14,-1
53,Bluegill,2711771864606830767,23,3,2,16,-1
5031,Boot,3990905032147478280,19,4,1,8,-1
11,Sardine,14643820231581097737,20,3,3,15,-1
55,Spearfish,1886683364602250079,23,5,3,15,-1
7,Bass,15344093435722518368,20,6,3,14,-1
26,Catfish,5688567154306480212,18,6,2,19,-1
4,Perch,13536164784831574366,20,6,2,4,-1
46,Eel,17484785288888204812,13,2,1,20,-1
17,Spot Fish,4677449381818190905,23,4,4,10,-1
69,Grouper,9283418042440061444,18,4,1,4,-1
47,Eel,17288014103683354077,23,1,4,5,-1
38,Snapper,17901302406661939885,23,6,1,13,-1
44,Clownfish,10640715925202206442,13,4,3,13,-1
8,Bass,3759819022510000844,19,4,3,9,-1
29,Herring,17544532109223843242,21,2,1,19,-1
54,Redgill,11387106187706599313,26,6,4,3,-1
3,Tilpia,16578261449953184689,13,4,3,20,-1
34,Triple Tail,15876086589132771069,21,3,1,5,-1
30,Herring,3947555851467196703,24,5,4,16,-1
89,Seahorse,7324808631759645264,21,4,4,13,-1
44,Clownfish,2088094388769577251,20,2,3,11,-1
74,Mola Mola Fish,5287266311393340511,17,2,4,4,-1
35,Triple Tail,16544798845580890473,22,7,4,9,-1
22,Pufferfish,9627121515438582221,21,2,4,19,-1
74,Mola Mola Fish,8143449825059002585,16,5,4,18,-1
5059,Great white shark,13150349004189404926,27,6,2,6,-1
5049,Axolotl,6554083768708795920,25,9,2,22,-1
44,Clownfish,7567435546427687382,20,4,1,7,-1
7,Bass,216505482861443053,23,5,3,7,-1
34,Triple Tail,4696072077371555515,24,5,2,18,-1
