37,Snapper,14356252966478797750,18,6,4,19,-1
11,Sardine,10850930112899284786,16,5,2,16,-1
11,Sardine,10029017151023698456,15,5,4,8,-1
59,Salmon,9862863102879837793,15,1,3,9,-1
69,Grouper,17749686620828924111,19,5,1,2,-1
13,Sardine,8606385216155985785,20,1,3,1,-1
4,Perch,2748544372951737448,20,4,4,18,-1
5059,Great white shark,11315775848745902053,22,2,1,4,-1
37,Snapper,4684396667253907778,25,3,1,9,-1
38,Snapper,303002937615724764,19,2,1,6,-1
19,Trout,10641324877969689672,23,1,3,13,-1
3,Tilpia,14832716460477058668,17,6,4,6,-1
37,Snapper,14166207568659166835,20,6,4,8,-1
8,Bass,11002737222894005779,19,1,4,10,-1
74,Mola Mola Fish,16901783626309024312,20,4,1,5,-1
50,Damsel Fish,15115714643761592493,21,2,1,9,-1
71,Angel Fish,10152934706675954980,16,3,1,13,-1
11,Sardine,9403796847817223651,13,1,2,20,-1
29,Herring,12083940740011024892,20,6,2,20,-1
13,Sardine,14202087875995261111,23,5,3,5,-1
37,Snapper,3077954447580158869,22,2,1,20,-1
23,Pufferfish,15528367593173131201,17,4,2,10,-1
32,Cod,3775426932816952879,16,4,1,12,-1
32,Cod,5434313033141225387,18,5,1,1,-1
28,Anchovy,17494685122707087895,26,4,2,2,-1
59,Salmon,2631456318909302985,23,4,4,12,-1
89,Seahorse,16234566112768120657,16,3,4,10,-1
5031,Boot,17691070658876083310,18,5,4,5,-1
33,Cod,16579578660718673800,22,7,1,8,-1
23,Pufferfish,2231428665741628592,21,2,2,13,-1
33,Cod,1715560859259172538,20,4,4,7,-1
16,Trout,7093147660327595556,18,1,4,4,-1
32,Cod,9375801527076907787,15,3,1,6,-1
29,Herring,3562185893955567350,17,6,1,20,-1
13,Sardine,9587616226744922570,25,1,3,10,-1
1,Tilapia,15200874456953208987,24,4,2,5,-1
13,Sardine,2224622964868642902,15,4,3,19,-1
4,Perch,227926003239540131,16,4,4,7,-1
31,Cod,16241664630702817747,22,5,3,18,-1
65,Piranha,15183590546103706280,21,2,3,10,-1
33,Cod,18266752176909305008,22,6,2,4,-1
17,Spot Fish,13757649769061983238,18,1,1,15,-1
