18,Trout,4041017816133543689,25,5,1,15,-1
7,Bass,10466642303494248796,15,2,4,16,-1
15,Spotfish,11319283829321344587,27,3,3,9,-1
8,Bass,202567378596580206,21,5,2,14,-1
14,Sardine,2614393273539121914,16,3,3,20,-1
60,Green Salmon,2884827856103153397,14,5,1,2,-1
11,Sardine,2087371856901549792,18,3,4,17,-1
5,Perch,1592941794215637210,21,5,2,2,-1
16,Trout,11120741051071014362,16,2,1,6,-1
1,Tilapia,17676637035523275476,21,6,3,9,-1
27,Catfish,9552243071144176522,23,4,1,15,-1
10,Sardine,14832382133115345853,15,6,1,11,-1
4,Perch,7880987835691767091,20,1,4,19,-1
77,Turtle,13023463089937421404,18,5,3,17,-1
