50,Damsel Fish,6890301257227182670,21,1,4,14
11,Sardine,5738155070225463662,19,4,4,9
17,Spot Fish,295668170277469221,18,2,3,12
69,Grouper,17244410836920838582,18,2,3,2
23,Pufferfish,7468539162931366841,15,3,1,13
13,Sardine,7199478363893130598,22,1,1,2
44,Clownfish,1390775998278661865,22,2,4,10
32,Cod,2624139437798750045,23,4,1,14
77,Turtle,6305260405411387176,15,4,1,10
59,Salmon,8608378463579569686,19,2,3,17
50,Damsel Fish,17599076569256820505,23,1,1,10
19,Trout,4363665778367539506,23,6,3,2
35,Triple Tail,12877886088136405802,22,7,4,15
23,Pufferfish,12826675656508262514,18,6,2,12
60,Green Salmon,12524863344053946657,29,3,2,10
37,Snapper,17427355330822614990,17,4,2,13
1,Tilapia,18034133366583288444,21,4,1,9
16,Trout,12466994426653419164,22,1,1,7
13,Sardine,7086722087021451684,16,1,1,18
32,Cod,10287142815970014767,19,6,1,12
19,Trout,6305914523584895276,25,3,1,7
10,Sardine,8905620147608418907,26,1,1,11
31,Cod,255616143751232203,21,6,3,7
1,Tilapia,8968925174137750867,23,5,1,18
28,Anchovy,15854453321635642418,15,6,4,12
60,Green Salmon,1922921315690767794,19,6,2,12
31,Cod,17898868872442102046,14,2,4,15
47,Eel,5725720674586905052,19,4,1,1
89,Seahorse,6914208504752626167,17,2,2,17
71,Angel Fish,11028968906538796226,18,5,1,6
8,Bass,14738614200339235940,24,6,4,18
37,Snapper,14661456947332095180,19,1,2,18
71,Angel Fish,15061881691512477755,20,6,4,9
90,Seahorse,11804425280467524077,22,4,3,21
12,Sardine,10019958111548474182,24,7,4,16
10,Sardine,16533834871733019095,17,3,3,19
74,Mola Mola Fish,7438692224399422631,17,6,2,7
9,Bass,16202630804835391606,31,4,2,17
9,Bass,13294401824669626772,22,4,2,12
59,Salmon,12534894714373378902,20,4,1,13
97,Golden Takoyaki,16111294936891884115,29,10,6,23
31,Cod,12518556984556999849,21,4,3,11
87,Shrimp,13457364121457787931,28,4,4,8
55,Spearfish,13701319116910750799,20,6,2,15
17,Spot Fish,10336001187143898502,14,2,4,16
59,Salmon,1272551202271397570,15,4,4,11
56,Spearfish,6482986091341172685,29,2,2,6
13,Sardine,16035653527362164172,24,2,4,10
21,Trout,13224134474808370527,24,2,3,21
79,Turtle,10400784149585446544,25,7,2,11
55,Spearfish,11160666189097048786,18,2,2,8
46,Eel,2343398828825624228,21,1,3,11
5049,Axolotl,18398238282956560979,18,6,4,12
100,Jellyfish,13815342205032948664,24,2,3,15
71,Angel Fish,5668042457168970264,16,1,1,14
5010,Blahaj,342350828247116012,31,10,6,19
71,Angel Fish,17828085272100562847,20,6,3,13
17,Spot Fish,4239730263203942780,19,1,2,18
89,Seahorse,13466810168369532366,13,4,1,15
46,Eel,12214082484281782773,15,6,3,10
33,Cod,975231496021680284,27,4,1,12
16,Trout,11589792138508965936,20,4,4,16
55,Spearfish,15904474718821969132,23,1,1,14
19,Trout,15232430347364014216,24,2,3,11
11,Sardine,7593118582734588486,18,5,3,13
81,Starfish,13971129508512755452,21,6,3,11
7,Bass,5695816230221998058,15,3,3,1
1,Tilapia,1412097113624415423,19,6,1,11
11,Sardine,13883512541762086900,17,1,1,10
29,Herring,5104912657416077838,21,3,4,17
38,Snapper,4053149199268099637,14,1,2,7
4,Perch,9312402678096643662,20,3,1,19
5,Perch,2683580213092798557,17,1,4,10
81,Starfish,17361501522600018517,21,6,1,2
80,Starfish,9757137540805934182,20,2,4,20
2,Tilapia,13616601301227615891,21,3,4,5
77,Turtle,2203775540018599634,21,5,2,10
