49,Damsel Fish,10216169363488005358,20,4,2,3,0
32,Cod,11981569845132618780,24,3,2,17,0
49,Damsel Fish,10788918707521785746,24,3,3,3,0
44,Clownfish,710808445750817137,19,6,2,2,0
53,Bluegill,13791881748819552083,19,4,1,20,0
79,Turtle,10913671402262393789,28,9,6,18,2
59,Salmon,8645122948995689911,13,2,2,18,0
42,Anglerfish,9917811929247827300,29,5,1,18,5
96,Octopus,8924406019078585001,15,8,3,5,2
7,Bass,5123309561481876454,12,4,1,1,0
72,Angelfish,6067468822837944899,24,4,3,9,0
26,Catfish,8664937850140762305,23,4,2,17,0
79,Turtle,10406062983328022619,30,5,3,7,4
50,Damsel Fish,17433778963722315120,24,2,4,1,0
47,Eel,6606026535741324568,20,6,2,16,0
5,Perch,4737110675415412526,17,1,1,5,0
38,Snapper,2234272793370437187,16,5,1,9,0
15,Spotfish,10893081187136656401,21,3,2,21,0
53,Bluegill,9667585000972638648,19,6,3,16,0
69,Grouper,9511797199486316079,17,1,3,9,0
22,Pufferfish,13827983155434951796,18,6,3,13,6
51,Damsel Fish,133078331166818335,24,5,4,10,1
101,Red Handfish,10385596364709090282,31,11,6,23,29
81,Starfish,82288673187160517,22,2,4,10,0
35,Triple Tail,9238693842874348041,25,3,3,3,0
43,Clownfish,992541853055877466,18,6,3,10,2
92,Lobster,5372928175873837260,17,4,1,15,0
3,Tilpia,1896019128959419765,21,1,3,6,0
