28,Anchovy,5879307328389218254,22,6,2,16
43,Clownfish,8187644287307454468,20,1,1,2
62,Barracuda,6509847008110769230,15,3,2,10
38,Snapper,449794655242352257,17,2,2,18
51,Damsel Fish,2943332909894098562,29,3,4,4
16,Trout,10473937587595399463,15,1,1,6
32,Cod,5733242993825962064,19,2,3,14
53,Bluegill,16295443228669140359,23,2,1,9
81,Starfish,7825946958645303996,19,2,1,12
28,Anchovy,15025833092028169898,23,2,3,14
37,Snapper,15142371450823082359,19,4,4,12
77,Turtle,8751213081564094475,21,6,1,12
13,Sardine,16520270129740464765,16,5,1,4
