5,Perch,7379827332283199676,22,2,4,11
5029,{NULL}fish,13333984610546756907,100,0,0,0
55,Spearfish,7541111735202386873,19,5,1,2
19,Trout,13782415909704654936,17,1,3,6
5067,Pop-eyed goldfish,14662708172812611548,13,4,4,14
69,Grouper,12945374411215493140,17,1,1,19
37,Snapper,7804479633075771527,19,3,2,8
89,Seahorse,4684655110583574256,22,1,1,13
4,Perch,11701516370477674776,14,5,2,3
37,Snapper,9259083485975553743,22,3,3,9
29,Herring,14043071950559422963,16,2,4,13
55,Spearfish,18033082930125820272,18,6,2,8
3,Tilpia,1147492261316019559,15,3,1,11
4,Perch,13269435439402420811,18,2,2,1
13,Sardine,2891988262688142369,20,6,3,16
46,Eel,9673846774840003224,23,1,3,6
5029,{NULL}fish,10205204966058660962,100,0,0,0
87,Shrimp,4252174433916887821,17,5,2,21
13,Sardine,105579613666922910,25,3,3,15
63,Barracuda,18034661146510966877,23,3,3,7
11,Sardine,11539958305190808747,20,4,3,8
54,Redgill,13997388095742194351,24,5,2,10
31,Cod,1246983953300782861,13,1,2,2
32,Cod,8266495312743232223,16,2,2,17
31,Cod,785540696705433423,23,6,1,18
62,Barracuda,11377826040664217072,20,2,3,11
7,Bass,10391405864563514978,22,2,1,18
69,Grouper,8294469939618162134,15,1,1,3
47,Eel,4981511055394762579,18,4,1,17
90,Seahorse,6262493160557891659,23,6,4,10
5059,Great white shark,2201606318519854128,25,5,2,8
46,Eel,10338310945665244377,24,2,2,4
25,Catfish,11257425111750212969,15,1,2,3
19,Trout,12202636512213265887,19,5,2,15
8,Bass,8028040433308658590,14,6,1,13
26,Catfish,7634714549716796149,24,4,3,16
82,Starfish,10536997678098916237,21,6,1,9
62,Barracuda,13670802734778493150,13,4,3,5
13,Sardine,3947550332281341372,16,6,4,4
29,Herring,1836599333193593965,26,4,3,18
16,Trout,15927010965929129621,18,2,1,11
74,Mola Mola Fish,16635880921037505800,21,1,2,7
39,Snapperfish,17953866136287927222,29,7,4,19
65,Piranha,9067106136184653686,21,2,3,10
33,Cod,7768609016311434755,27,7,4,6
51,Damsel Fish,9807960787992490416,22,4,2,13
31,Cod,1164806986892075722,21,3,3,18
25,Catfish,10839656711522087297,18,4,4,1
75,Mola Mola Fish,3882736023817571100,26,6,1,18
89,Seahorse,12889464944759565196,18,4,1,8
18,Trout,12917794758772400596,26,5,4,5
17,Spot Fish,5216587877480573158,16,5,3,7
48,Electric Eel,8367058712771516193,25,2,1,17
30,Herring,6428714438565807671,15,1,3,16
22,Pufferfish,18150671227949590655,26,6,2,17
77,Turtle,13115139356072701721,17,1,3,6
18,Trout,11720384733937995154,18,7,3,10
31,Cod,4433745490060442936,19,3,1,13
100,Jellyfish,10472149052302070571,21,5,3,17
23,Pufferfish,5186246842118006471,21,4,2,13
60,Green Salmon,5390094986987374174,28,3,2,3
14,Sardine,1915229529829909788,15,1,3,7
13,Sardine,10036216533894207469,20,5,4,2
32,Cod,15563951236017381043,24,3,4,6
77,Turtle,726438049386933940,23,1,3,2
40,Anglerfish,14524864618007830048,13,3,3,1
31,Cod,8957892486435741919,15,1,1,13
20,Trout,3867483229308452488,20,2,4,10
50,Damsel Fish,7164199729543090394,22,4,3,10
10,Sardine,124777142648871947,21,6,4,9
16,Trout,3708834665423665770,19,3,2,15
14,Sardine,16221433381568651393,21,3,1,15
48,Electric Eel,12365730506309620167,23,3,1,21
11,Sardine,15331829088123937626,26,4,2,6
4,Perch,16444687015697520526,19,3,4,13
71,Angel Fish,3669990405038274424,14,1,1,4
11,Sardine,10650406755900576156,19,4,1,20
48,Electric Eel,5950559216966398251,21,2,1,5
7,Bass,14833014573056861707,14,2,4,15
34,Triple Tail,18066818213944147765,13,4,1,9
62,Barracuda,8402464304203474150,22,4,3,4
38,Snapper,11601073923955291848,14,2,2,11
19,Trout,218151698667844535,25,6,4,11
14,Sardine,9063091800956895605,18,3,1,19
78,Turtle,16414960586165373250,26,6,2,9
1,Tilapia,15615628625465667178,23,6,1,15
1,Tilapia,3432968518540241547,15,4,3,9
69,Grouper,6766503270573150167,14,2,4,13
81,Starfish,4178546296084834965,17,5,3,11
59,Salmon,1944139782346874548,22,4,4,12
50,Damsel Fish,8125829220793117133,16,1,4,7
43,Clownfish,9724212956982528380,14,3,2,2
1,Tilapia,6998013471042530355,17,5,1,14
72,Angelfish,7640167409430738904,23,6,1,5
28,Anchovy,5758420329541310925,23,1,2,12
63,Barracuda,5000758719423284504,23,6,4,21
7,Bass,3734543714606595980,19,3,4,10
34,Triple Tail,137803507579896969,15,3,1,16
14,Sardine,16239434024141355060,24,4,3,9
77,Turtle,2623543934752364603,25,5,3,11
83,Crab,2784896666660018148,14,4,3,4,0
99,Jellyfish,9094738976882240672,24,2,1,17,0
5026,GamerPieJess fish,9096743916049668121,22,7,4,14,1
83,Crab,2454650881290708693,14,1,2,10,0
64,Piranha,11027139827616644773,14,1,2,20,0
69,Grouper,10530712654186138442,18,2,4,4,0
40,Anglerfish,15185207772661278876,19,4,1,12,0
70,Angel Fish,5719255185805351768,24,4,3,3,2
53,Bluegill,9309427096042439644,22,2,4,18,3
25,Catfish,15738602344970313621,20,5,2,13,0
3,Tilpia,17704804849829932413,18,2,1,4,0
