11,Sardine,2428551918167395360,16,2,4,9
89,Seahorse,16277824120154686672,14,4,4,12
65,Piranha,10417236576805000015,15,6,2,14
60,Green Salmon,16519665449947676948,35,7,4,11
32,Cod,13622996479881272347,14,4,1,11
7,Bass,15849471524992170268,14,6,4,7
50,Damsel Fish,5768732866960800657,14,1,3,2
37,Snapper,10899241167137942955,16,6,4,7
71,Angel Fish,10013347541026702436,16,1,4,20
37,Snapper,14914811052595991709,18,1,3,10
37,Snapper,16958787277573773417,25,3,3,15
28,Anchovy,6377560096179890632,20,2,3,6
28,Anchovy,12954172802132706930,19,6,4,12
28,Anchovy,3732545537589255226,19,3,3,4
77,Turtle,13454172001245365851,23,3,3,9
1,Tilapia,2660065270526100175,19,1,2,19
5031,Boot,323729989071132895,14,3,4,9
13,Sardine,11024273435499217931,22,2,1,18
5059,Great white shark,9292659448228985030,22,2,1,5
77,Turtle,16433235763009147978,18,5,2,4
46,Eel,1682384665863910176,17,1,3,7
5031,Boot,1129933940689249963,24,4,1,6
60,Green Salmon,12773446066138952947,28,7,2,20
14,Sardine,9798639473796341271,22,6,3,14
28,Anchovy,17697161813942474233,20,3,3,16
34,Triple Tail,9661728664414824224,19,3,4,3
13,Sardine,4100828906181610611,25,1,2,11
13,Sardine,9670073019135841564,17,4,4,2
16,Trout,16289069362497721074,25,3,4,15
51,Damsel Fish,15680367125915701425,22,2,2,16
47,Eel,16155806972826679172,18,5,4,18
18,Trout,7058408422515445315,19,3,2,5
8,Bass,13581647684134001230,15,5,1,3
8,Bass,2137738049414169325,18,5,1,18
14,Sardine,7119420849780077914,15,3,3,10
13,Sardine,11015666903971512533,20,4,3,6
37,Snapper,1085283700797262825,16,6,2,1,0
46,Eel,479388566086018819,21,4,4,16,0
86,Shrimp,1109912058201479669,20,5,1,17,5
