37,Snapper,18333207421753546387,13,1,1,12,-1
23,Pufferfish,16809367474585060779,17,6,4,11,-1
11,Sardine,7763547599941450139,17,6,1,9,-1
46,Eel,9061935816106389914,22,2,4,1,-1
81,Starfish,16633539075609685665,25,4,4,19,-1
62,Barracuda,15372543827898717739,17,1,3,19,-1
30,Herring,12348336937219281816,19,3,3,8,-1
28,Anchovy,16170251188322849602,19,3,1,7,-1
59,Salmon,360961416946976462,19,3,1,6,-1
37,Snapper,7170361757807082205,18,6,1,13,-1
16,Trout,5935567587590283781,25,4,2,16,-1
3,Tilpia,11996888562193646543,23,5,4,11,-1
1,Tilapia,8399688953857692721,21,3,2,1,-1
37,Snapper,14265202452989011673,15,4,1,18,-1
30,Herring,17559670109301958304,16,1,2,18,-1
28,Anchovy,14142195505022756469,12,4,1,5,-1
32,Cod,5822986566125104032,23,1,1,1,-1
32,Cod,10628670770579954795,14,6,4,17,-1
23,Pufferfish,16335572476501776126,24,3,4,2,-1
