29,Herring,2899865657020662868,21,1,4,10
17,Spot Fish,14569705371950383235,23,3,4,2
34,Triple Tail,4521973364712685613,15,5,4,16
5059,Great white shark,5913375136220845999,30,6,2,14
53,Bluegill,2575142518365181402,25,2,2,9
27,Catfish,10386579257803649333,26,4,3,10
14,Sardine,3208950766045674145,17,5,1,3
5,Perch,4950554189217832298,19,4,4,20
9,Bass,3394279181186626770,34,7,2,3
36,Triple Tail,5242296798147462333,26,4,1,14
10,Sardine,11242036737556933079,16,4,4,2
41,Anglerfish,9850650699502076427,24,4,4,15
9,Bass,13545546321876247973,18,4,3,11
5049,Axolotl,12167209542430423186,21,9,6,11
38,Snapper,16815330041705025257,20,3,1,18
76,Mola Mola Fish,14971438181020632659,21,6,5,3
101,Red Handfish,9846042627138950431,36,11,6,16
50,Damsel Fish,8133994599051293068,18,3,1,12
39,Snapperfish,14341788200551453631,18,3,3,13
50,Damsel Fish,10249694227954622366,19,4,3,16
50,Damsel Fish,15505612006278450377,20,1,1,20
81,Starfish,7552665015734545151,21,1,3,9
5049,Axolotl,12867193867750685197,28,9,6,9
5028,404 Fish,14444532356570178459,22,4,1,10
