7,Bass,3890440631979743057,15,4,2,4
65,Piranha,16390661423208570717,14,1,1,4
65,Piranha,776261901753800089,21,5,1,4
90,Seahorse,11447681799500238773,27,5,1,14
13,Sardine,659487884517194527,15,6,4,8
7,Bass,4063537277518188703,16,4,3,16
23,Pufferfish,8388215667994217173,23,6,3,12
7,Bass,14168234170590569284,18,2,1,11
4,Perch,6805600194845201735,21,6,2,20
53,Bluegill,12561486680668051861,14,6,3,11
30,Herring,6364774898776937174,23,1,1,3
7,Bass,17363949997233305760,14,3,2,1
53,Bluegill,3110819652577368560,25,3,2,4
11,Sardine,3083221759903570495,13,6,2,17
69,Grouper,5654598564302909654,25,6,4,13
99,Jellyfish,6543924716426206562,20,1,3,16
65,Piranha,13740453867718919633,21,1,4,10
92,Lobster,8337082948084287066,26,2,3,8,4
80,Starfish,2541982588856156953,26,4,2,3,1
23,Pufferfish,18272903934135550298,18,5,4,4,4
46,Eel,6636578852913743122,24,6,3,3,0
33,Cod,9853467087341313464,22,2,1,17,0
