83,Crab,94572713440992032,24,5,3,10,1
74,Mola Mola Fish,12663336267074273693,20,3,2,6,0
99,Jellyfish,646326961545804849,19,1,4,8,0
5031,Boot,12684165420497278409,12,5,2,16,0
10,Sardine,9491350597786300529,14,5,3,17,0
82,Starfish,18211158516756028031,19,7,3,15,5
67,Grouper,14316722799223770910,22,1,4,11,0
43,Clownfish,13457695134121237989,21,3,4,8,0
1,Tilapia,9756481696177423707,13,1,2,6,0
70,Angel Fish,13632720817849773991,21,2,2,11,0
25,Catfish,5036312475354575028,25,2,4,17,0
8,Bass,15246388021629201734,13,3,4,9,0
28,Anchovy,13035806018676182665,21,1,2,11,0
80,Starfish,2418186960532644747,17,5,3,19,5
90,Seahorse,5838106116076024716,27,4,2,12,0
74,Mola Mola Fish,14443729554153571956,21,6,2,10,0
