32,Cod,1542983738833414037,22,5,2,7
3,Tilpia,5031437108134414579,21,3,3,15
7,Bass,1625712855343134180,21,2,1,10
23,Pufferfish,11628809218512715462,23,6,2,12
13,Sardine,15292973258738891135,19,2,1,7
28,Anchovy,16023672520441820425,19,6,4,8
13,Sardine,4450833140110698576,17,3,2,9
69,Grouper,11599043401034581699,18,1,2,2
1,Tilapia,16616259410178418737,14,1,3,4
1,Tilapia,1888134672525572838,18,5,4,17
17,Spot Fish,3521103609790713209,22,4,3,7
37,Snapper,2200909631367546392,26,2,3,12
53,Bluegill,12536377830633794726,16,6,2,18
17,Spot Fish,1452699941384102361,13,6,3,9
10,Sardine,15983498240024674426,20,4,1,5
5031,Boot,5913335288232018497,13,4,2,7
4,Perch,17181493754069812408,15,5,1,20
40,Anglerfish,6957031060155056714,20,2,4,8
87,Shrimp,15243169900776493888,30,7,4,10
4,Perch,12451845281150396177,21,6,2,8
