16,Trout,14102293481004316988,21,6,2,4,-1
4,Perch,13124420964471200243,22,2,1,12,-1
74,Mola Mola Fish,1132895219869931455,18,2,4,7,-1
89,Seahorse,8819711216965762188,24,3,4,11,-1
53,Bluegill,4227114063262514196,25,4,4,11,-1
3,Tilpia,119019687853893,22,4,2,8,-1
32,Cod,10151306720241621874,16,5,4,1,-1
50,Damsel Fish,5664557628191985186,19,1,4,6,-1
89,Seahorse,10895599095285846268,14,5,1,20,-1
20,Trout,8856360647437906062,29,2,2,12,-1
47,Eel,13841471494784005397,21,6,3,1,-1
18,Trout,3629247717476956948,24,7,3,20,-1
10,Sardine,12817653325533597195,18,2,4,2,-1
75,Mola Mola Fish,14693945135763177862,22,4,3,10,-1
8,Bass,1385414329213766234,25,5,1,8,-1
55,Spearfish,4516613987500106775,19,6,3,16,-1
33,Cod,13780839931167489525,17,5,4,13,-1
38,Snapper,3897081203078208552,20,6,3,5,-1
65,Piranha,5319457912532992443,15,1,1,18,-1
39,Snapperfish,9935520304023577422,15,2,2,17,-1
77,Turtle,6126012896919438858,20,5,2,2,-1
24,Pufferfish,4474597253623999338,26,5,2,2,-1
5027,Cutthroat Trout,4468013288852794370,19,7,2,10,-1
20,Trout,9659073141711602601,23,3,3,2,-1
76,Mola Mola Fish,15389411903983625068,24,3,5,22,-1
25,Catfish,14153969656359530143,18,5,2,15,-1
48,Electric Eel,16617420849055322252,24,5,4,13,-1
25,Catfish,1564125062916622184,20,3,1,2,-1
5,Perch,9740932722654163964,13,5,1,17,-1
57,Spearfish,10000870185302229245,20,2,2,14,-1
44,Clownfish,11334972152104715849,23,4,2,9,-1
5031,Boot,7470722465861692123,17,3,3,2,-1
23,Pufferfish,1020693343410960673,19,6,4,5,-1
62,Barracuda,4531638405225634638,14,4,1,11,-1
53,Bluegill,5226193217925565023,13,1,3,16,-1
12,Sardine,12668527003128327534,25,5,4,5,-1
17,Spot Fish,5475783921177968309,17,5,4,11,-1
69,Grouper,5496437394629890727,22,4,4,20,-1
81,Starfish,15012726476414804234,15,4,1,19,-1
77,Turtle,2054343186642134909,17,2,3,17,-1
11,Sardine,13860108316754039539,24,4,2,3,-1
76,Mola Mola Fish,4112763243826165611,17,10,4,20,-1
81,Starfish,6448723550642277564,16,5,3,16,-1
43,Clownfish,13448485378268035659,18,3,3,17,-1
25,Catfish,963860180177204763,20,4,2,14,-1
19,Trout,13819983939539440215,23,6,3,15,-1
33,Cod,12395763512132036217,29,6,2,18,-1
10,Sardine,7562649421122374958,17,5,3,1,-1
19,Trout,13658069601111659531,15,5,1,18,-1
8,Bass,14910296642731632703,20,5,4,17,-1
32,Cod,3394070284624483894,21,2,4,19,-1
44,Clownfish,10759365477497896941,16,1,3,7,-1
46,Eel,10482628857558763419,12,2,4,15,-1
50,Damsel Fish,9522562133382182875,18,5,3,18,-1
81,Starfish,5156228539898598506,19,3,1,12,-1
74,Mola Mola Fish,18359005855605538498,22,6,3,19,-1
29,Herring,11936501803970620385,24,3,1,11,-1
97,Golden Takoyaki,2793823564571486120,36,10,6,6,-1
25,Catfish,16105082884692272341,24,6,4,7,-1
47,Eel,18183441030924177416,23,5,1,17,-1
53,Bluegill,1998434165007162102,16,6,2,20,-1
55,Spearfish,14445553391090348093,15,4,3,8,-1
39,Snapperfish,18249300988591687639,24,5,1,19,-1
65,Piranha,11143720989005748235,21,6,4,4,-1
53,Bluegill,10626558604350045926,19,4,1,7,-1
8,Bass,6598933156578930534,19,4,2,10,-1
28,Anchovy,3180456414005535538,16,2,2,10,-1
60,Green Salmon,13196407560320411825,27,7,3,13,-1
29,Herring,13893890458377441780,12,5,1,5,-1
32,Cod,18305864270339887083,25,5,4,3,-1
45,Clownfish,10195972434252415402,22,7,2,2,-1
5013,Sakhalin sturgeon,5844264022670799969,28,4,6,4,-1
28,Anchovy,17569994185652034284,12,2,2,5,-1
45,Clownfish,3899216909232339445,21,7,2,19,-1
16,Trout,2716405811516432821,17,5,3,7,-1
14,Sardine,14032983492935884181,22,2,2,11,-1
65,Piranha,16326304061592473503,23,1,3,14,-1
62,Barracuda,13546595841602688978,26,3,3,17,-1
55,Spearfish,6106993759759403506,22,4,3,13,-1
59,Salmon,12604839494049650519,16,5,4,11,-1
7,Bass,15455738788721112316,18,5,2,13,-1
81,Starfish,11391798291108754378,16,4,4,5,-1
19,Trout,16459777605986946031,19,2,1,7,-1
1,Tilapia,13633563829000516079,17,5,3,10,-1
32,Cod,590092851836648744,16,4,3,4,-1
77,Turtle,16821808600939897212,20,1,3,17,-1
62,Barracuda,5321910837003234153,14,6,3,16,-1
