11,Sardine,356456449713960528,18,3,2,6
38,Snapper,15703104113969088044,22,3,3,20
4,Perch,11083997489414928234,21,4,1,6,0
53,Bluegill,18058959182867642389,16,1,4,7,0
5028,404 Fish,4432711620235032383,21,7,2,4,0
45,Clownfish,17406288248354533096,23,5,1,21,0
25,Catfish,1500509170620346081,17,3,2,7,0
33,Cod,7073179867495189598,23,4,4,20,6
78,Turtle,540165908412714192,28,3,4,7,0
34,Triple Tail,11671997534602179229,18,2,1,10,0
5049,Axolotl,14159649483611416311,21,9,4,17,16
8,Bass,4020878263464494287,20,1,4,9,0
51,Damsel Fish,4723794931465305305,15,5,3,7,0
26,Catfish,9982934691409711703,20,6,3,19,0
47,Eel,17453465183901542997,18,3,1,15,0
83,Crab,17385560949717972310,20,3,1,19,0
75,Mola Mola Fish,13143262926342138454,21,7,1,21,0
38,Snapper,971906522000022629,15,6,1,20,0
50,Damsel Fish,1644549739927550600,23,6,1,17,0
60,Green Salmon,16958040370695215573,29,2,2,2,0
8,Bass,4661583631400519097,25,4,4,5,0
83,Crab,15230403048500876223,20,4,1,9,0
22,Pufferfish,18345745351710162012,16,6,4,16,4
84,Crab,16246288825853255766,17,5,3,12,0
41,Anglerfish,12572416719572516989,32,5,4,3,3
5012,Red Handfish,1248155550105127137,35,10,6,18,40
37,Snapper,16347100919901819958,19,2,4,12,0
96,Octopus,11678412482212784914,23,8,6,16,0
5067,Pop-eyed goldfish,14026374833634402558,34,5,4,3,0
59,Salmon,1921698475883168166,18,4,3,5,0
