31,Cod,12057371980184865709,12,1,1,13,-1
16,Trout,4424028046806825646,19,4,1,5,-1
17,Spot Fish,5849435209948621808,22,6,1,4,-1
29,Herring,15553930790840690100,15,6,2,16,-1
26,Catfish,4162812935857097941,20,5,2,3,-1
4,Perch,8913398391415996056,15,5,4,12,-1
81,Starfish,895778560583284068,24,5,3,13,-1
5,Perch,1582116497731848362,12,6,2,9,-1
19,Trout,3787823005883009858,14,6,4,1,-1
17,Spot Fish,15312092901649187494,14,5,3,16,-1
72,Angelfish,12176604428703822994,20,3,2,16,-1
17,Spot Fish,17294786815625681582,18,5,2,8,-1
46,Eel,5289927853694875571,18,4,3,9,-1
17,Spot Fish,8353723683899984799,19,4,4,9,-1
84,Crab,10047063228447311921,19,6,3,3,-1
8,Bass,8719165152528349488,18,1,3,6,-1
89,Seahorse,14708780646047321901,24,3,1,19,-1
60,Green Salmon,6154977832516056189,22,5,4,11,-1
10,Sardine,12235480835248594561,23,4,1,15,-1
7,Bass,9157004442209450547,17,4,3,8,-1
7,Bass,2714437807617875145,23,4,2,6,-1
31,Cod,14957040965737936786,19,1,1,5,-1
16,Trout,8517874152859242777,18,1,4,8,-1
81,Starfish,17027408239389687736,15,5,2,14,-1
19,Trout,11281107391029009431,22,6,1,5,-1
28,Anchovy,16554404533397649830,25,5,3,10,-1
46,Eel,17910660564202083735,16,5,4,2,-1
81,Starfish,14365364803913923915,25,3,3,12,-1
37,Snapper,16317331439962128326,19,2,2,3,-1
23,Pufferfish,4587932019152099234,17,6,1,20,-1
37,Snapper,16810458098764914656,22,2,3,16,-1
7,Bass,4738548693336236626,20,2,3,10,-1
5031,Boot,9958925129776303357,22,5,1,16,-1
13,Sardine,9519512044891942283,14,3,4,10,-1
43,Clownfish,1071807781160446085,20,5,3,3,-1
8,Bass,13551727788869309252,19,1,2,13,-1
5,Perch,570144605655251795,18,6,2,18,-1
55,Spearfish,5677142947780409028,16,5,1,11,-1
28,Anchovy,10765539416523281221,21,4,1,13,-1
37,Snapper,11929113813471668528,16,4,2,19,-1
7,Bass,10179762045826252086,14,2,1,9,-1
23,Pufferfish,2280134721896459176,18,1,4,16,-1
4,Perch,10904793489623951531,16,6,1,16,-1
