46,Eel,1935746205179055923,14,6,2,14
34,Triple Tail,2173385661846910107,18,4,2,4
89,Seahorse,16545392879360066865,19,2,1,20
23,Pufferfish,12554615236339336926,21,6,4,17
77,Turtle,14157978694391038288,22,1,4,13
7,Bass,15644894184403540138,19,5,2,3
43,Clownfish,2926143257744674953,17,2,1,7
1,Tilapia,7624159463859698921,20,3,2,2
84,Crab,17283196005566611195,19,4,3,7
40,Anglerfish,14061880475369983890,23,4,3,12
4,Perch,14474564670916440459,16,3,2,5
69,Grouper,5184676317864914265,23,6,4,5
5031,Boot,5700296493139867905,17,2,1,3
100,Jellyfish,2126039380429086127,26,4,3,16,0
34,Triple Tail,9344060241748374093,23,4,4,20,0
24,Pufferfish,1864299667009833539,29,3,3,20,0
46,Eel,15114184625172272091,19,2,3,13,0
32,Cod,11695314933722395524,19,4,4,14,0
13,Sardine,16643968127081356973,13,2,1,11,0
30,Herring,17397633460241596855,26,5,2,20,5
64,Piranha,17375225967269738733,17,1,2,11,0
89,Seahorse,11882464386564959934,22,4,3,8,1
53,Bluegill,11790697051363640185,17,6,1,5,0
40,Anglerfish,16048942787235433016,21,6,2,16,9
43,Clownfish,13531226199008592449,21,4,4,8,1
43,Clownfish,16969462937820504616,19,5,3,13,4
