17,Spot Fish,8683817520726128998,19,1,3,10,-1
38,Snapper,14900045292969270412,18,6,3,15,-1
13,Sardine,6834352854348848456,24,6,2,3,-1
59,Salmon,14208906188684403430,16,1,3,7,-1
90,Seahorse,3886723673659758863,31,3,2,3,-1
17,Spot Fish,864569813095388885,20,3,2,10,-1
1,Tilapia,8287046200756791045,15,6,3,3,-1
23,Pufferfish,2068501655868549865,14,2,4,18,-1
28,Anchovy,12985486932435993368,17,1,3,12,-1
4,Perch,11359784617678084934,14,3,2,13,-1
11,Sardine,4108306455697497272,17,3,1,17,-1
51,Damsel Fish,9360508181481247558,24,4,1,15,-1
5031,Boot,7476552361866898913,18,1,4,5,-1
89,Seahorse,4731912700876504922,23,4,3,4,-1
1,Tilapia,18277458908145406658,14,3,4,16,-1
47,Eel,15160814031357035255,16,3,3,11,-1
17,Spot Fish,17181578156307077298,17,4,1,20,-1
13,Sardine,593941103204752092,16,1,3,15,-1
23,Pufferfish,2811975712083396735,15,2,4,18,-1
23,Pufferfish,17766577512638229368,18,6,3,10,-1
13,Sardine,8986109460346952871,22,5,2,7,-1
38,Snapper,17726265871135600842,26,1,1,11,-1
65,Piranha,15721828825301250736,22,4,4,10,-1
77,Turtle,17265210421958759999,14,4,3,16,-1
5,Perch,226659046935799401,20,2,2,20,-1
7,Bass,17257209064080511833,23,2,4,1,-1
25,Catfish,14649506287947177219,19,2,4,20,-1
14,Sardine,8840566875792699369,23,1,1,5,-1
3,Tilpia,14570594465909895475,23,4,2,19,-1
28,Anchovy,339139416974205000,20,5,3,5,-1
37,Snapper,943342982173544427,15,6,4,2,-1
13,Sardine,4038914180123602561,23,3,2,14,-1
37,Snapper,5050259485498897139,20,2,4,6,-1
4,Perch,9645368594184716324,19,1,4,11,-1
5028,404 Fish,12140138439455367301,22,2,4,17,-1
11,Sardine,16168752786413255287,15,1,3,11,-1
69,Grouper,5640332442011275684,17,6,4,20,-1
