62,Barracuda,7378181600023311738,18,1,3,13
1,Tilapia,15514495608104731773,19,1,2,8
53,Bluegill,10627835743718372441,26,5,1,11
43,Clownfish,11267545627829701051,21,3,3,4
13,Sardine,4731918760037414874,17,4,3,11
37,Snapper,11396432449941813109,24,5,3,10
10,Sardine,38826627777666996,24,1,3,3
7,Bass,6483071006399249551,15,6,3,18
50,Damsel Fish,2878211458426308595,20,6,1,14
25,Catfish,5602178261606565347,20,1,2,18
37,Snapper,6449428229124018268,16,4,4,5
4,Perch,8725878270218992181,21,3,3,1
17,Spot Fish,5408709054348444102,19,3,1,3
10,Sardine,6323272139095168355,20,3,3,8
47,Eel,18343096993807287772,19,1,4,1
17,Spot Fish,17693696290510497967,22,1,4,13
40,Anglerfish,12044588170836938816,14,4,3,17
93,Blue Lobster,4802674899907579451,17,4,3,20
5031,Boot,4960774107091720901,23,1,4,5
5,Perch,2301055989139505472,23,4,4,18
30,Herring,11217997561972352755,19,4,2,1
15,Spotfish,4044655085133856731,20,3,3,14
5067,Pop-eyed goldfish,13539273124472293649,24,5,4,19
14,Sardine,9255163259264685026,17,4,3,7
7,Bass,4350109202907010076,24,4,4,8
48,Electric Eel,15849287618637522840,28,3,2,15
31,Cod,6479435113131201601,14,5,2,9
12,Sardine,8510361027964539203,26,4,3,14
98,Jellyfish,2892101589558346627,18,6,4,13
69,Grouper,9673128672890101882,18,6,2,3
5031,Boot,16124848984970868917,16,6,2,11
32,Cod,16405984072123609468,14,4,4,9
65,Piranha,14734897032044711287,20,2,1,9
75,Mola Mola Fish,1006201360765496634,24,7,1,4
69,Grouper,7265481419846187040,23,4,3,16
54,Redgill,6450122053515589309,16,6,1,13
5031,Boot,14015819854144396791,12,1,4,18
1,Tilapia,11540242069721854845,22,1,1,17
62,Barracuda,17743445410072536969,15,1,2,8
50,Damsel Fish,13880575094663428246,17,1,4,20
74,Mola Mola Fish,11521926053127211047,19,2,3,9
41,Anglerfish,15528355055212166695,21,2,4,13
11,Sardine,2547769352624178812,21,6,2,3
32,Cod,16332879395770887467,17,1,4,4
4,Perch,3227385951783943703,14,1,2,1
28,Anchovy,8981687792708815256,25,1,4,10
5027,Cutthroat Trout,17252455239406860820,14,5,1,6
5,Perch,10446029683751998372,20,2,2,6
23,Pufferfish,4086044892149441622,14,6,4,12
50,Damsel Fish,12680073301579600245,20,3,3,1
13,Sardine,8160681724716397441,18,3,4,9
16,Trout,97367583332664609,12,2,1,20
13,Sardine,15876775851697454888,19,5,1,11
22,Pufferfish,9509183225179754727,20,6,2,1
81,Starfish,8833095830628651086,17,6,4,6
7,Bass,3103359838963357106,15,3,3,18
62,Barracuda,9675125585784883724,16,5,3,15
44,Clownfish,13399313310812910718,15,1,2,3
16,Trout,11118436647550036532,21,4,1,20
43,Clownfish,23552968602819112,26,2,3,18
4,Perch,17353258399381550391,19,5,1,1
59,Salmon,9300240097399652570,16,4,2,9
81,Starfish,14691728148095952227,16,1,4,20
38,Snapper,11649124882715707781,19,3,2,3
55,Spearfish,13652719129937067286,18,5,3,11
51,Damsel Fish,15221788596093863820,18,3,3,13
17,Spot Fish,12592286825555659566,23,2,3,19
14,Sardine,2150735014854212750,20,4,1,7
22,Pufferfish,2970220400064234638,20,4,4,14
74,Mola Mola Fish,11302211379592241494,24,4,2,4
77,Turtle,12016631003234148452,19,5,3,1
87,Shrimp,17594546112265028987,30,7,2,20
81,Starfish,8786450630370796487,26,5,3,6
79,Turtle,13171901135184115824,26,5,5,14
5059,Great white shark,8982093488844051107,30,2,2,9
5,Perch,13930585276489519295,25,6,4,1
34,Triple Tail,15000576460189334585,25,1,1,16
48,Electric Eel,6755426846971827711,22,6,4,8
5049,Axolotl,3010222899996490324,22,9,1,6
23,Pufferfish,10666827248878568100,25,3,3,16
44,Clownfish,13579915118479214248,18,6,3,19
53,Bluegill,12138093399670044108,18,6,1,17
31,Cod,7882861210301461430,25,2,2,13
17,Spot Fish,11685953016528281352,22,4,4,8
37,Snapper,6419856548946297315,21,1,2,9
16,Trout,14267464907864639077,18,4,4,1
65,Piranha,5508576487771290157,16,4,3,9
77,Turtle,3460179395561419092,15,6,2,19
62,Barracuda,8265137659936942904,19,2,4,11
5031,Boot,10043733224934823989,14,5,2,3
28,Anchovy,8442602608887663620,17,6,3,1
87,Shrimp,9959959019102657014,13,3,4,15
68,Grouper,3870235445704037184,23,3,1,15
71,Angel Fish,9763868812086683639,18,1,2,4
17,Spot Fish,4479568890039696274,19,3,1,6
5067,Pop-eyed goldfish,8658277451844487433,25,2,3,15
5031,Boot,555828610904210942,20,2,2,19
37,Snapper,14741325112809661503,19,1,3,4
16,Trout,13428496354156984313,18,6,1,1
37,Snapper,5313456417184558884,19,1,3,12
16,Trout,9239869668108906820,24,2,4,8
65,Piranha,16422124304845731209,17,2,4,17
7,Bass,13029348489932122414,22,1,4,16
30,Herring,10273808529950492081,23,5,3,17
29,Herring,15114488935436138801,15,2,4,15
65,Piranha,13688505264915307953,19,4,3,20
23,Pufferfish,1741418528105820606,19,1,4,13
13,Sardine,4780048831398258032,21,6,3,16
38,Snapper,11488913471967665824,22,3,1,18
19,Trout,9364906184085877320,15,1,1,8
46,Eel,6097424802726925577,19,5,2,12
3,Tilpia,6123398973501514736,17,4,2,6
53,Bluegill,14338467541494143558,24,1,4,19
13,Sardine,13579759797889569463,23,5,4,18
11,Sardine,51264169013356838,18,1,2,4
28,Anchovy,10819582694097236983,20,6,2,14
16,Trout,15625137139943926916,23,5,2,1
40,Anglerfish,11197100431194960760,17,6,3,2
22,Pufferfish,8041330065181380381,21,5,3,1
5027,Cutthroat Trout,16450603610658720635,33,7,1,11
28,Anchovy,13521005557956254274,15,5,3,19
74,Mola Mola Fish,12411983935998256797,25,4,3,13
43,Clownfish,12288232212789517045,24,6,4,10
28,Anchovy,1037494742175976903,14,3,1,15
16,Trout,15830852968315414784,19,5,4,18
32,Cod,8279020390085417269,19,2,3,5
8,Bass,1157480139534317089,17,4,1,5
32,Cod,2650907865324783893,15,2,3,20
13,Sardine,2634809475317912381,19,2,3,1
43,Clownfish,5952384743243198683,19,2,1,19
84,Crab,11069916020898780000,23,7,4,12
62,Barracuda,8302258927744717357,23,3,2,4
6,Perch,7527453636939673269,26,5,3,21
71,Angel Fish,10513014131421001423,18,4,1,3
39,Snapperfish,9075374255991364358,23,3,1,20
14,Sardine,15165287282433664525,19,4,3,2
11,Sardine,7724936209804705539,18,6,2,18
38,Snapper,3085212882969350961,23,2,3,2
28,Anchovy,3187587037785119760,14,3,3,14
55,Spearfish,11835498945116080541,21,5,1,6
30,Herring,10438500067711212435,16,3,2,15
40,Anglerfish,1163407215445920483,16,3,4,14
40,Anglerfish,9299853662551779387,18,3,1,5
8,Bass,3323666847853773339,14,4,2,7
14,Sardine,17471051335547944017,14,3,4,3
31,Cod,1260134207255244072,20,3,4,10
19,Trout,10027994350295944656,20,5,1,19
17,Spot Fish,11146307138043354230,13,6,3,8
11,Sardine,4015399441222978508,21,4,1,13
13,Sardine,16626515863598691108,14,6,3,7
54,Redgill,13251764418746349091,22,3,2,11
62,Barracuda,17020424764155184175,21,2,1,9
14,Sardine,10992014385415974327,16,6,2,5
37,Snapper,18034512963228220753,17,6,2,11
4,Perch,15767239089204414049,18,1,4,5
54,Redgill,13400395777316331060,30,6,2,10
43,Clownfish,17075355582676437000,18,1,3,9
62,Barracuda,3292018850065399653,24,4,3,10
13,Sardine,12839080766126497950,23,5,2,6
60,Green Salmon,17749894972237477217,25,6,2,4
3,Tilpia,11500992937142725853,15,5,3,16
51,Damsel Fish,2642061113832279210,34,2,4,5
18,Trout,17538256402357661465,25,6,4,14
89,Seahorse,12371180694229968100,14,1,2,9
10,Sardine,5146487926774744026,17,5,2,10
22,Pufferfish,14540868334443241500,21,1,1,16
98,Jellyfish,15391501311295133186,26,3,3,10
45,Clownfish,11883953752735256110,22,3,2,9
81,Starfish,16561261616184572511,20,5,4,14
11,Sardine,6505816359120033876,22,6,2,4
32,Cod,12016342586572245610,16,4,4,20
1,Tilapia,16688339283170126435,15,3,1,9
38,Snapper,3936721108136693551,18,6,1,20
1,Tilapia,10389664868551590341,17,4,4,13
40,Anglerfish,4200317298753691070,18,1,2,9
32,Cod,8287288242099354577,19,3,3,4
1,Tilapia,5777492107905698763,18,2,2,3
81,Starfish,6810622133365422113,17,1,1,6
54,Redgill,11823294893578894742,26,5,1,15
22,Pufferfish,8372407847899279466,23,5,2,2
11,Sardine,136025358314817452,17,6,2,9
28,Anchovy,593584464610927735,23,2,2,1
22,Pufferfish,3798154753203009467,19,6,1,18
77,Turtle,3650105799976116226,19,3,2,12
16,Trout,8585543486251939282,22,6,4,14
16,Trout,18400013854262470059,20,2,1,13
6,Perch,10517272607907081692,21,4,3,20
23,Pufferfish,9976557428941422093,15,6,2,17
38,Snapper,5407535002277516732,14,4,2,7
68,Grouper,3032993276250349470,25,6,3,4
31,Cod,4048947713744277485,21,2,1,18
69,Grouper,10474778463575908796,14,6,1,7
37,Snapper,12801118731830230099,17,1,4,5
75,Mola Mola Fish,1693747796304027313,25,5,1,11
14,Sardine,18003116617269236937,23,6,4,19
76,Mola Mola Fish,1095302518312737343,25,6,6,22
69,Grouper,15070928550762724443,21,4,3,8
25,Catfish,10390658100534728627,22,6,3,3
15,Spotfish,16431381731622618238,21,5,4,2
5,Perch,849340839730145823,17,1,4,11
33,Cod,5041187155472075286,14,3,2,20
43,Clownfish,11946159744183291903,22,1,2,9
39,Snapperfish,4580246970458578818,25,2,2,5
26,Catfish,8287902354527712841,25,2,1,3
17,Spot Fish,2721100810187263369,21,1,1,3
51,Damsel Fish,18130422669056294089,21,2,3,17
15,Spotfish,9402791213965191816,28,7,4,13
4,Perch,5164986763356441629,16,4,3,16
16,Trout,3331294546612507190,20,3,3,12
10,Sardine,14827692665695670436,21,4,2,17
40,Anglerfish,5105317020507367640,13,3,2,4
5,Perch,10212081936519777658,24,6,2,8
19,Trout,13793479497147482515,17,5,4,17
62,Barracuda,7025919459540729166,22,2,4,2
47,Eel,6879477579912248672,23,6,3,4
5031,Boot,2298074671930594598,23,4,2,16
84,Crab,10392956405952852591,31,5,2,14
55,Spearfish,14249576765182733809,24,6,3,10
41,Anglerfish,4767051561435242912,27,7,2,17
1,Tilapia,14535448479619821820,13,2,2,9
13,Sardine,14183412868768165263,17,6,3,17
23,Pufferfish,6444452970499747808,16,6,1,18
22,Pufferfish,14555888073281994312,25,4,3,16
8,Bass,5845942001794262227,14,1,3,2
1,Tilapia,8028845964385301486,18,3,1,4
28,Anchovy,11684447394040767659,22,2,1,6
65,Piranha,9798725782152425582,20,1,3,8
4,Perch,14678585788968247901,21,5,4,16
5,Perch,14699079309873298416,19,6,3,20
22,Pufferfish,3945262686995513616,24,3,2,20
100,Jellyfish,12125074168974202590,21,7,4,17
1,Tilapia,3518646204321761874,19,3,1,1
22,Pufferfish,5315134959068032990,24,6,3,13
31,Cod,4018569359729204807,16,5,1,18
4,Perch,9295399579031250647,22,1,3,9
25,Catfish,13935518617988164812,16,4,1,8
71,Angel Fish,13632052970614982927,15,3,4,20
28,Anchovy,4814048907359475124,21,5,4,3
17,Spot Fish,12088649442828963087,19,1,4,20
23,Pufferfish,677327696399752257,20,3,4,7
15,Spotfish,12772580725154051414,24,2,1,19
53,Bluegill,7115562379634936562,25,1,4,1
41,Anglerfish,15211836493269296963,18,7,4,6
5059,Great white shark,989910222982714846,25,7,1,11
17,Spot Fish,3459083993743872170,22,6,3,5
77,Turtle,18272268789827327223,14,2,2,17
81,Starfish,14341357548501829936,15,6,1,17
26,Catfish,13186020028983375716,20,4,4,15
37,Snapper,7622029592017341171,14,6,4,9
76,Mola Mola Fish,13250244305960519274,17,7,4,22
68,Grouper,7098303343752348644,23,4,3,7
56,Spearfish,11098576063798514502,30,5,4,18
90,Seahorse,9961465172114151674,31,4,3,8
26,Catfish,15646787740301749724,27,7,3,18
1,Tilapia,8777599397581078511,16,1,2,15
87,Shrimp,2728385014663771044,20,4,3,12
68,Grouper,3971905337836209201,21,2,4,6
84,Crab,13035665752262101666,20,7,1,19
43,Clownfish,14850573099963714158,20,2,4,9
62,Barracuda,1881354000245217211,14,5,3,13
65,Piranha,17287235439567907227,19,3,3,18
53,Bluegill,2299561815371836191,21,3,3,8
76,Mola Mola Fish,482760802184695511,20,4,1,20
24,Pufferfish,4307481789812118309,27,4,4,3
74,Mola Mola Fish,9265570385438979139,17,5,4,18
74,Mola Mola Fish,8676837818646355833,20,5,4,8
5,Perch,8648357364952753918,14,2,1,3
5067,Pop-eyed goldfish,9971642193422714914,23,2,1,7
56,Spearfish,11069873689277766886,29,5,3,13
68,Grouper,5145069073203133559,33,5,3,5
47,Eel,13906129190955869293,22,3,4,14
29,Herring,15030537079955360769,21,1,3,13
29,Herring,1375533725414613646,19,6,1,15
32,Cod,4053701646910825096,17,6,2,5
30,Herring,18130425024385759368,22,2,1,17
81,Starfish,10138437095753305072,19,6,2,15
5031,Boot,7659897980332467309,16,5,3,16
4,Perch,15297062635147879979,17,5,1,7
29,Herring,4247801536727700706,26,2,3,11
23,Pufferfish,11817080994754083932,24,2,4,18
40,Anglerfish,12512207515060566302,22,3,1,16
22,Pufferfish,3949634175715118211,19,5,4,5
28,Anchovy,12448340728891665268,18,5,2,16
65,Piranha,8852289885795390809,19,1,1,14
46,Eel,856302399129442537,23,6,3,3
43,Clownfish,11210542523845670860,17,6,4,11
32,Cod,15775390107483677218,17,6,1,12
1,Tilapia,3377659784764747633,20,3,2,4
11,Sardine,12387870034162544615,17,6,1,5
74,Mola Mola Fish,12163069970399828759,15,4,2,7
34,Triple Tail,10557386027684262138,19,4,2,6
60,Green Salmon,9693744428920164393,20,2,4,8
81,Starfish,3264960108469244139,17,1,1,7
77,Turtle,10098428622557054806,23,3,2,11
50,Damsel Fish,2044160795146033275,19,3,1,20
44,Clownfish,11253444082180831141,19,5,3,5
5031,Boot,3041215282005925888,23,1,4,5
47,Eel,16692656871739717711,24,5,2,1
90,Seahorse,4766543335448761045,30,5,4,18
23,Pufferfish,15457567715703487588,17,4,4,19
30,Herring,11296757499961955877,22,5,3,8
55,Spearfish,5135829984560559463,21,4,3,5
55,Spearfish,12593694224131192452,18,3,4,20
51,Damsel Fish,3878276792523712122,24,6,3,3
62,Barracuda,13694630693076701494,15,3,1,6
20,Trout,1456712235621038914,23,4,3,11
19,Trout,14019236169034093916,16,4,4,11
50,Damsel Fish,79221103074237264,19,1,4,19
16,Trout,12194608448746968940,19,3,3,14
77,Turtle,6163637634088370820,17,3,4,14
38,Snapper,2570563225531536035,23,5,4,4
69,Grouper,6201508486895624367,20,1,2,10
74,Mola Mola Fish,9070606567836715350,18,6,2,20
8,Bass,560635719294432957,16,4,2,18
101,Red Handfish,5315248751625468003,30,7,6,4
81,Starfish,12962547065083063860,18,1,2,7
11,Sardine,12109738924254531698,17,3,3,20
44,Clownfish,11426471666563530638,23,5,4,18
8,Bass,16671615536533657848,22,3,3,4
90,Seahorse,17592454869636114637,27,3,1,18
7,Bass,17183249045484745180,17,3,1,15
34,Triple Tail,5996911496406224286,24,4,1,10
5031,Boot,14219614428579566773,25,6,4,2
38,Snapper,3716826494396130475,20,5,1,10
46,Eel,9545156857430716235,12,6,4,5
10,Sardine,17784828317784973438,21,2,1,7
7,Bass,7987657478616253906,17,4,1,12
4,Perch,6374803100414041859,22,1,3,14
46,Eel,11673349919366128838,16,6,2,4
62,Barracuda,7064835088537629822,24,6,1,14
100,Jellyfish,16439866371430859726,27,2,2,20
16,Trout,2009763022111191387,20,2,4,8
28,Anchovy,15799483893738721538,14,6,1,14
31,Cod,17970649905733399640,25,5,1,17
13,Sardine,8223730928978742024,12,5,4,4
22,Pufferfish,1529860517598456749,16,5,2,10
59,Salmon,14780048862421584536,19,5,3,10
28,Anchovy,7097756812788066515,14,1,2,2
7,Bass,9036664573399674387,22,4,2,5
1,Tilapia,5571814488940664666,20,3,4,14
28,Anchovy,3378960972746445730,15,5,2,9
30,Herring,16351288599820886370,16,3,3,19
59,Salmon,9259958330018983627,18,5,4,2
1,Tilapia,7217135930750106373,26,4,4,2
37,Snapper,14434704473350952189,15,1,1,15
23,Pufferfish,10166880259375691370,19,5,2,3
11,Sardine,7018598749765655628,18,5,2,16
62,Barracuda,5823007067790599282,15,2,2,7
34,Triple Tail,8813892707667593359,17,5,4,3
55,Spearfish,2468047462387674817,19,1,4,13
65,Piranha,10819017189130442251,19,6,2,10
59,Salmon,527640268543635862,16,2,4,5
89,Seahorse,9451604069065206792,13,3,1,3
46,Eel,3673950682889261406,20,3,1,3
78,Turtle,5084204212973239564,24,2,1,15
82,Starfish,10424934639752867283,18,7,3,3
21,Trout,17467976341917537635,22,5,4,12
8,Bass,14387049393873727044,17,3,3,15
76,Mola Mola Fish,16726568542232387924,22,4,4,21
94,Lobster,3378380626341517328,14,2,3,13
15,Spotfish,14594578015118220803,21,3,4,21
40,Anglerfish,14105758687105625732,15,3,2,10
21,Trout,15927809081949746712,25,6,1,20
30,Herring,16777669078640089569,17,1,1,16
4,Perch,2766347148959366320,19,4,3,17
35,Triple Tail,442558649818251312,23,2,3,18
47,Eel,14667731189360379011,13,2,3,8
17,Spot Fish,6056001414973678685,21,2,3,10
6,Perch,86667442964888795,21,7,4,21
74,Mola Mola Fish,527704326390240375,20,6,4,1
14,Sardine,842792445988814431,19,3,4,1
81,Starfish,2031284310742665807,17,3,1,13
7,Bass,15325906041405430848,17,6,2,8
14,Sardine,12809559529304476485,21,1,2,5
3,Tilpia,1362968233238927348,18,3,2,16
35,Triple Tail,12192675355943625097,22,5,2,14
25,Catfish,16181252928196106086,20,3,1,19
5013,Sakhalin sturgeon,7657818330149631861,23,7,6,10
31,Cod,12767170660934113526,15,3,1,15
71,Angel Fish,6852376949348355554,17,3,3,3
40,Anglerfish,10842332777612404745,26,3,3,18
14,Sardine,15733376141699455122,18,2,3,19
14,Sardine,14843849541967797057,17,3,3,1
5067,Pop-eyed goldfish,13278738612728543539,26,6,1,7
1,Tilapia,12360515811269589537,17,3,2,18
13,Sardine,16784086768570499793,22,1,3,5
17,Spot Fish,10597313640094317500,21,2,3,17
71,Angel Fish,158710535610036070,19,3,3,16
32,Cod,10958838211424460196,13,2,4,17
16,Trout,6030652590381959340,17,6,1,1
55,Spearfish,15625802890210720943,19,4,3,20
28,Anchovy,17615361810455056735,19,5,4,7
4,Perch,17554571958743101796,13,3,1,7
46,Eel,5478900249825321821,25,4,2,7
77,Turtle,12096403950967396596,21,1,1,1
65,Piranha,16087726369804366263,19,6,2,20
47,Eel,11681925977128314397,16,4,4,3
13,Sardine,2360669428535259703,19,4,4,1
32,Cod,15236456563786519046,21,5,2,3
23,Pufferfish,859991475482212298,18,4,1,12
34,Triple Tail,2122591872245716345,18,4,3,20
11,Sardine,1773533678392229595,22,2,4,19
40,Anglerfish,9979219110055683765,16,1,1,5
13,Sardine,17133485175906591846,21,1,1,10
17,Spot Fish,3666766178579090574,12,6,4,4
11,Sardine,16857878810299864481,19,1,3,6
11,Sardine,13013634203941818723,23,1,4,13
65,Piranha,12918023688935949930,14,2,3,17
56,Spearfish,2740458171994806549,23,5,2,11
55,Spearfish,7057530659896204315,16,6,3,12
29,Herring,749279765768343839,21,6,1,17
31,Cod,81218722389498301,14,1,2,16
89,Seahorse,16679951363987357421,18,5,4,9
19,Trout,1784325669484391324,21,1,4,6
19,Trout,2678240702324457325,25,1,3,9
48,Electric Eel,7231557607221498744,18,5,4,21
3,Tilpia,11782863689493600807,18,6,3,8
40,Anglerfish,13568134270409476774,16,4,3,16
8,Bass,4469788706470199134,18,5,2,13
46,Eel,11473118628514949566,19,5,3,20
47,Eel,3284688251010022794,24,5,3,15
93,Blue Lobster,5576216114674412400,23,2,2,18
6,Perch,8416801804083330318,26,7,2,17
40,Anglerfish,6664700463082007682,18,1,2,2
44,Clownfish,1975848212677821280,14,3,1,16
32,Cod,3326257087251513942,16,2,3,2
8,Bass,10340341585780825712,14,3,2,10
37,Snapper,8453288305774659662,22,1,1,3
17,Spot Fish,18370667650148114856,18,6,3,10
21,Trout,4516394893349671596,26,5,2,18
77,Turtle,7852516426135770399,26,4,4,4
23,Pufferfish,10985458295718597517,25,6,1,2
43,Clownfish,15411726616451699784,19,6,3,12
54,Redgill,7416602941051653225,28,4,1,3
76,Mola Mola Fish,17331604519302142115,25,4,5,7
50,Damsel Fish,14159161812065383586,23,1,1,20
50,Damsel Fish,15527352760661871429,21,4,3,12
41,Anglerfish,4728329649810426960,22,5,2,14
22,Pufferfish,6126349024167912501,20,6,4,4
1,Tilapia,5048114799843351491,17,2,3,11
32,Cod,3997784764464444233,21,5,1,11
5067,Pop-eyed goldfish,8644193316229039939,25,4,3,6
25,Catfish,11089794849959931796,19,6,1,8
29,Herring,7859922520874431190,18,6,3,18
47,Eel,10765359816436117420,13,4,1,17
20,Trout,8326861568112181854,24,7,3,18
3,Tilpia,6827659463668678253,18,4,1,19
46,Eel,13915992191406947960,15,2,4,14
13,Sardine,10624855551801951999,17,1,1,1
17,Spot Fish,1304616419714975685,20,2,3,20
19,Trout,2702208901732328061,19,4,4,7
20,Trout,7554050284811581438,26,3,4,13
16,Trout,375628324175779904,21,3,2,8
31,Cod,1142356903209017933,18,6,2,4
50,Damsel Fish,16477701092518505552,13,3,4,2
4,Perch,11571131639906503480,22,3,2,1
29,Herring,1455513815158708263,20,5,1,19
41,Anglerfish,4266678342243303532,22,4,4,7
17,Spot Fish,17618436940082084639,17,2,4,6
53,Bluegill,5795817696502579363,16,5,4,20
37,Snapper,1587506570339271275,19,6,3,19
7,Bass,8501609292614954437,18,4,1,16
89,Seahorse,12577044482718006486,15,1,4,6
87,Shrimp,2026209851399423427,28,2,3,5
55,Spearfish,12833137657341993512,23,1,3,13
53,Bluegill,15979734173782583393,22,3,3,1
16,Trout,8216908793790011564,17,1,4,20
11,Sardine,15029925694461944530,18,5,2,13
23,Pufferfish,15018029153720045877,16,1,3,3
24,Pufferfish,13439435618178872302,26,2,2,2
23,Pufferfish,4169272155829777218,18,4,1,14
77,Turtle,17863174554457974033,25,4,3,9
16,Trout,6333526742692050403,13,4,3,11
11,Sardine,12888970557755237878,17,6,3,16
11,Sardine,14389245238621046819,19,6,2,11
28,Anchovy,6504331981318737908,17,2,4,1
11,Sardine,4311768070475291973,12,6,4,15
5031,Boot,559521436276895954,13,1,1,1
14,Sardine,17108211765106638642,17,1,3,6
30,Herring,17122543737969489768,21,2,3,4
31,Cod,2389116950201030520,23,3,3,10
23,Pufferfish,2051368579164947586,22,3,3,1
47,Eel,10551394127090376450,14,2,4,9
28,Anchovy,3058180027286646424,16,1,1,18
16,Trout,17787854771136369672,14,1,2,19
11,Sardine,6085142110745659063,15,4,1,6
8,Bass,6513756073937632577,25,4,3,18
98,Jellyfish,16653266534260890632,28,2,2,15
8,Bass,9541641708392656557,15,4,2,16
89,Seahorse,10943536844750879367,19,1,2,5
11,Sardine,13485080845288394294,15,4,4,3
23,Pufferfish,7458438695624973573,15,3,4,6
37,Snapper,3849102480518800557,17,5,2,2
10,Sardine,3426367135911346100,23,2,4,8
1,Tilapia,231443018247291514,17,5,3,20
5031,Boot,16888370988227938287,23,3,3,10
34,Triple Tail,4725887428869919167,24,4,3,6
59,Salmon,7635837635764033835,23,1,3,7
81,Starfish,1854266121170076805,22,2,3,18
37,Snapper,2522319117673129006,24,5,2,13
81,Starfish,5053697137049021293,19,2,2,20
4,Perch,8192955526153985132,17,4,2,20
71,Angel Fish,15072960819252489258,22,3,4,4
17,Spot Fish,12907395896799058653,13,1,3,12
24,Pufferfish,8415932454812444046,26,2,2,5
37,Snapper,8323185847795719726,18,3,2,1
32,Cod,826699177698718208,20,1,2,8
71,Angel Fish,16054008083400184701,21,4,1,9
3,Tilpia,13251080168793448005,18,1,2,7
32,Cod,8497554611311895481,19,6,1,9
32,Cod,12835191748916122948,21,6,1,20
53,Bluegill,16862003616634419405,19,4,3,9
1,Tilapia,1206741703464992735,19,4,3,7
44,Clownfish,14242659458808702376,21,2,1,5
22,Pufferfish,10496470995120083066,13,5,1,20
11,Sardine,12155379315540573690,24,5,3,1
29,Herring,6282433660677440044,19,6,1,10
81,Starfish,3426064855450360028,14,6,1,15
16,Trout,3800089086599945666,25,4,1,2
63,Barracuda,2218278859563810184,25,7,4,20
4,Perch,688893928459063783,15,4,1,1
7,Bass,10470789282885174856,18,5,2,14
32,Cod,14033684204428038202,16,1,2,1
29,Herring,616075138008419472,17,6,1,3
77,Turtle,8429420183877827976,25,4,2,5
28,Anchovy,16140407291781441602,26,4,4,6
25,Catfish,14609991294827300891,21,4,2,18
4,Perch,1986266344372965233,26,6,1,7
50,Damsel Fish,14983924608104681001,13,1,1,3
50,Damsel Fish,7199469506115651975,17,1,1,15
5067,Pop-eyed goldfish,9109107391482657956,25,4,1,3
28,Anchovy,2287400072720723606,19,3,4,14
16,Trout,14531049733665860785,20,5,2,19
77,Turtle,4832789245153193820,20,2,2,14
34,Triple Tail,3787671515971168904,17,4,2,10
81,Starfish,332474488901344056,21,1,2,8
37,Snapper,16870886873875590412,20,2,2,6
68,Grouper,13819701691513697030,23,4,3,12
59,Salmon,4975023312996208775,15,4,4,13
16,Trout,10898879153510848192,25,5,4,20
7,Bass,8463273894837230720,19,3,1,5
1,Tilapia,10129331423060925416,17,3,4,4
71,Angel Fish,9526944938926313209,19,5,1,1
46,Eel,1273216754015969041,13,2,3,6
11,Sardine,4239656643568516096,19,5,3,12
46,Eel,14456968459092722777,17,4,2,10
65,Piranha,11938614314037727784,20,6,1,2
48,Electric Eel,17391031383181591613,24,6,2,3
1,Tilapia,5875654189415925478,20,4,4,15
32,Cod,8985304174361916119,24,1,2,2
12,Sardine,5754993179644120630,30,5,3,3
98,Jellyfish,1156856217687656497,21,3,1,6
65,Piranha,12390455061163934919,23,6,2,16
47,Eel,2336478113140235405,20,1,2,1
31,Cod,3041436925505208543,18,4,2,18
37,Snapper,17925934335560197156,17,6,3,19
5031,Boot,17765693018121338048,21,2,2,10
37,Snapper,8144016157592538655,17,3,2,2
74,Mola Mola Fish,10556699554965327906,16,5,4,11
17,Spot Fish,5022876841418332271,21,6,1,8
22,Pufferfish,3829740961117403582,26,3,3,1
7,Bass,13667034343724325723,22,3,4,15
23,Pufferfish,16731486826978405764,21,1,3,8
14,Sardine,15444817948649022293,21,1,1,9
22,Pufferfish,7185396774436369767,15,5,4,10
1,Tilapia,11226948916893121061,21,4,3,9
40,Anglerfish,9627004067572311455,17,3,2,18
23,Pufferfish,121099248899054675,23,1,3,13
23,Pufferfish,917277240530039484,22,3,4,9
34,Triple Tail,974485666105003641,13,4,3,13
32,Cod,17674918090540857040,17,1,2,11
93,Blue Lobster,1948512667970273616,23,5,3,15
55,Spearfish,16280277753501690815,18,6,2,4
100,Jellyfish,16488879885676474815,27,5,1,11
82,Starfish,10239574215577806191,27,7,4,12
68,Grouper,6184160742120215645,19,7,3,18
13,Sardine,15553333455830960566,16,1,1,19
37,Snapper,4902109851620494190,24,5,4,14
62,Barracuda,7118440843162448178,25,3,3,2
5,Perch,6614364324351980622,20,2,3,3
45,Clownfish,3909567205358398406,29,6,4,20
10,Sardine,7987378067870397228,17,3,1,19
55,Spearfish,1417936423986733559,17,6,1,14
59,Salmon,1187161162359728439,23,4,3,20
7,Bass,8302862045073052777,22,2,3,8
34,Triple Tail,9457632910364916893,17,3,3,5
62,Barracuda,10901593766217710523,20,2,4,1
47,Eel,15261398207262355961,13,5,4,5
11,Sardine,6328106319814801873,24,1,3,15
24,Pufferfish,3695793359212636854,33,7,4,20
5,Perch,13901904489082370120,20,1,1,12
11,Sardine,16152691807952967439,22,3,1,2
16,Trout,2974587045759160145,13,3,4,11
7,Bass,6203028898044334205,22,2,2,17
14,Sardine,12934138920185022892,18,4,4,12
13,Sardine,10780445608381364243,19,1,2,10
82,Starfish,6543207935667424350,22,7,4,6
14,Sardine,14191029313029919718,23,5,2,1
14,Sardine,12535265780377850619,22,4,3,8
47,Eel,13300230325817670622,16,4,3,11
28,Anchovy,17443053823316421286,17,4,4,7
31,Cod,13536598179157107127,16,6,1,17
30,Herring,16800722747787335451,17,4,2,5
32,Cod,4166491176235044737,19,4,3,12
11,Sardine,14674168554128116106,18,1,2,9
100,Jellyfish,12300373621959709167,32,7,2,18
1,Tilapia,3352939496861440669,19,3,4,15
65,Piranha,4399660286394071363,14,4,4,3
4,Perch,5885865597412323138,18,4,3,12
89,Seahorse,11729191746582086080,19,1,1,3
7,Bass,9728868227572530008,18,3,3,6
4,Perch,1870251716639609285,23,5,2,6
23,Pufferfish,12715998503846966031,18,3,4,2
23,Pufferfish,9877112810224882276,23,5,3,11
37,Snapper,1419132232367140055,24,2,1,2
23,Pufferfish,10535024647541368076,20,2,3,9
28,Anchovy,1856306928276429792,14,3,3,5
23,Pufferfish,5201256055968510598,20,6,2,12
89,Seahorse,15626429454203945657,16,5,3,16
13,Sardine,17072720013152299376,20,6,3,7
32,Cod,2356972890051032372,20,5,1,1
13,Sardine,13586140038762825584,22,2,4,9
77,Turtle,8708494847709676131,18,5,1,5
16,Trout,12508229561770139656,19,1,4,6
11,Sardine,18231522823895037289,22,4,4,7
28,Anchovy,18191986034239652361,25,6,4,1
4,Perch,4638240848730774483,20,1,2,17
37,Snapper,5903730064913142089,15,1,3,7
65,Piranha,14299303154096812713,20,4,3,10
77,Turtle,8434496201719212076,21,2,1,8
7,Bass,3906050666612095706,15,1,2,6
32,Cod,9391244226785005355,17,4,3,12
1,Tilapia,8143679310080034341,17,2,1,18
98,Jellyfish,9091971807120563557,21,4,2,5
5013,Sakhalin sturgeon,13808863752486143194,35,6,6,14
8,Bass,5961689194011998850,18,5,1,5
8,Bass,1243934984085498843,21,5,4,19
69,Grouper,7299181540987215303,21,4,1,11
11,Sardine,15383260365467125748,20,4,1,20
62,Barracuda,9181884193605252364,15,6,3,6
93,Blue Lobster,9890673529746714476,23,5,2,13
5,Perch,6725448320925304293,21,5,1,11
8,Bass,9298461410851735788,19,4,2,15
87,Shrimp,11636107869968199253,31,5,1,13
50,Damsel Fish,6919019738196644334,20,4,3,13
95,Octopus,11270726713528713954,20,6,2,13
74,Mola Mola Fish,16923397708545976100,18,3,1,20
4,Perch,6912080530156610614,12,5,1,3
53,Bluegill,3400750204528850601,15,4,2,11
38,Snapper,3473967505769894733,13,5,1,14
46,Eel,11736245684908669007,23,3,3,14
25,Catfish,17027922146147351539,18,5,1,6
44,Clownfish,16392525992625838638,19,3,2,15
69,Grouper,8720855834657765621,14,4,4,19
89,Seahorse,17256623327473405877,18,5,4,1
22,Pufferfish,14342467075978163868,20,3,4,6
69,Grouper,9260842796029965711,15,3,4,15
7,Bass,4950432495333371838,21,6,3,7
5,Perch,12038934459814427742,19,1,4,1
74,Mola Mola Fish,16882484619019181575,17,5,3,13
31,Cod,6044130039414516679,18,5,1,13
62,Barracuda,11520469045959548420,22,1,3,14
10,Sardine,5702471838952847855,16,2,4,16
1,Tilapia,11479354595968963897,14,5,4,12
17,Spot Fish,15671676855781074255,20,2,1,5
40,Anglerfish,4441335560883243859,19,2,2,11
14,Sardine,16985228052924047368,21,4,2,5
74,Mola Mola Fish,1787809177526894109,24,4,1,20
8,Bass,12567366751384107740,21,2,2,6
29,Herring,13212039341037366560,24,1,4,14
95,Octopus,13214924069662084367,28,4,2,19
46,Eel,15244224676504966785,16,4,2,5
74,Mola Mola Fish,15227467879583056899,15,3,2,15
79,Turtle,7499733470317757101,27,4,3,3
16,Trout,13203101021801343558,22,5,4,19
60,Green Salmon,11267112159152805819,25,2,2,12
55,Spearfish,1870337887535979081,21,3,4,10
43,Clownfish,16293888240195067693,13,4,2,2
87,Shrimp,13425855941604326185,31,3,3,14
38,Snapper,1211434400526387265,16,5,2,17
10,Sardine,2932089577134726069,19,5,4,14
4,Perch,16309736039722807684,19,5,3,9
44,Clownfish,1936811382022144352,24,2,4,3
87,Shrimp,4150586180873460284,25,5,2,10
65,Piranha,9149999980981652617,22,2,4,11
12,Sardine,14879387498153345150,26,7,1,7
10,Sardine,11288945999701841825,19,5,2,6
44,Clownfish,17687408267750737593,19,4,2,1
65,Piranha,3849803313101538934,14,1,4,15
89,Seahorse,8529898770111327073,19,6,4,19
76,Mola Mola Fish,12137347025626920053,28,6,3,9
13,Sardine,9285687943238369318,20,6,4,2
74,Mola Mola Fish,5362797037671037661,22,6,3,10
5031,Boot,5713891651412456605,21,3,3,6
25,Catfish,17995188629258343079,19,3,4,5
79,Turtle,10224702839293284159,24,6,5,20
17,Spot Fish,14297896052194458926,16,2,2,15
46,Eel,17667006217779317025,13,3,4,13
30,Herring,4232647378063671345,24,1,3,12
45,Clownfish,17174386044244605669,23,4,3,3
47,Eel,15549445958213720304,20,1,1,5
69,Grouper,4980534163553753096,15,3,1,4
50,Damsel Fish,1388440511344444512,24,1,4,9
50,Damsel Fish,17892868697875889282,19,2,1,16
59,Salmon,17037762752295571516,23,5,2,20
79,Turtle,9790344845617685440,20,5,5,10
10,Sardine,14616725137049180826,22,4,1,7
55,Spearfish,4716211516669123699,25,6,3,19,8
8,Bass,7480410092835702971,19,2,4,17,0
28,Anchovy,1884923245274946220,24,3,4,8,0
5049,Axolotl,6225581185144627830,21,8,3,13,2
64,Piranha,13619370900023190696,16,6,3,20,2
89,Seahorse,9111085441271809464,19,3,3,18,2
33,Cod,9411588949460595590,30,4,2,2,2
57,Spearfish,3674249346052581290,28,5,1,5,3
5049,Axolotl,9283119375969424951,28,3,1,14,0
5013,Sakhalin sturgeon,5377722488202351839,28,5,6,23,6
19,Trout,4590456856126173646,22,3,4,15,0
79,Turtle,874407511507863745,23,5,2,11,0
20,Trout,8150210582574589436,21,6,4,4,4
5,Perch,5640412207721850959,21,3,4,2,2
20,Trout,10429261551794462348,26,5,4,9,5
17,Spot Fish,15812546430853524663,19,1,2,20,0
33,Cod,12852726122625734802,27,2,3,15,2
2,Tilapia,13930355154513521678,18,2,3,4,0
23,Pufferfish,253278386328023535,23,3,1,18,0
19,Trout,17529597034935221919,15,4,4,13,0
8,Bass,17825189388429672101,24,2,1,15,0
74,Mola Mola Fish,13176309707602172530,21,1,2,18,0
5067,Pop-eyed goldfish,3411888033869098313,23,3,3,16,0
81,Starfish,9920537243572834000,15,1,2,6,0
21,Trout,17743771435641632822,30,2,1,15,0
43,Clownfish,12549449639916890070,20,3,4,10,0
23,Pufferfish,15811925204864035754,16,2,4,2,0
65,Piranha,10681214335914083519,24,6,2,11,0
64,Piranha,403481360624624512,15,2,2,2,0
92,Lobster,9609058688541561063,16,2,4,3,0
62,Barracuda,258405069345459618,20,2,4,14,0
34,Triple Tail,17121044645212031237,19,2,4,11,0
32,Cod,7145241715188180761,15,4,1,7,0
86,Shrimp,5269979916986432399,19,1,1,11,0
71,Angel Fish,13541387509740108842,18,6,1,20,0
7,Bass,1198586964389427691,21,6,2,15,0
80,Starfish,3138820193089337704,17,4,3,19,0
53,Bluegill,6021054464591335785,21,2,1,14,0
65,Piranha,4293851755152296316,22,1,1,18,2
92,Lobster,4675323095894928297,20,3,2,11,1
2,Tilapia,15622258923464457959,21,2,1,19,0
15,Spotfish,17251815408973850885,22,5,3,11,2
49,Damsel Fish,5122324982032793309,20,1,3,5,0
43,Clownfish,3149761891303366011,17,5,1,9,0
29,Herring,1854331970467375746,18,6,1,8,0
54,Redgill,17978420672746232294,33,2,1,21,0
70,Angel Fish,5818877244571256392,18,2,1,10,0
44,Clownfish,14773756870633301276,22,5,1,20,0
38,Snapper,8965914856405566167,17,1,3,3,0
17,Spot Fish,10783541498041694581,15,5,4,18,2
23,Pufferfish,17926015675219416784,18,4,4,19,2
23,Pufferfish,5967943751397750112,24,5,1,20,2
25,Catfish,18080901256138760494,22,3,1,20,0
67,Grouper,12492993021380443434,18,6,1,1,0
44,Clownfish,11618872941126764369,16,6,3,4,0
69,Grouper,4353188561727241099,16,6,2,12,0
47,Eel,10407059251983393416,16,1,1,15,0
31,Cod,9951655899195900383,14,1,2,14,0
67,Grouper,6129447428808845024,14,1,3,14,0
80,Starfish,14560576472864461168,22,4,2,9,0
71,Angel Fish,13169909324559367757,20,6,2,4,0
28,Anchovy,1599858165024246081,17,6,2,17,0
50,Damsel Fish,1125243977697156973,20,5,2,10,0
3,Tilpia,5644833307664476505,20,6,2,4,0
46,Eel,10381721167155552797,19,4,2,13,0
62,Barracuda,7201397143607984358,14,3,3,5,0
37,Snapper,1060905711212423311,25,5,4,11,0
71,Angel Fish,15060573192286851513,12,6,3,4,0
28,Anchovy,10200995515514626228,22,1,3,1,0
52,Bluegill,3697872425341579671,17,2,3,11,0
31,Cod,13305765776072547200,20,2,2,6,0
69,Grouper,1715237118394941081,24,1,4,12,0
77,Turtle,8996959380223925816,20,3,1,7,0
53,Bluegill,602197428978773210,14,3,4,5,0
52,Bluegill,7437273668730531304,18,6,1,17,0
32,Cod,9305605598014062623,21,5,3,19,0
5,Perch,2253293996318274012,17,6,1,19,0
50,Damsel Fish,17114716356516989770,22,4,2,11,0
62,Barracuda,7454288921017463736,23,2,1,10,0
53,Bluegill,17603770607865750325,17,3,4,10,0
8,Bass,10313549785162717363,19,2,1,15,0
54,Redgill,5812859289846498364,22,6,3,13,10
49,Damsel Fish,8681058220393494079,20,5,4,11,0
32,Cod,16035690756844325179,17,2,3,7,0
80,Starfish,8032678262799452315,21,6,4,1,0
19,Trout,6371689460527158442,18,1,1,13,0
83,Crab,4406291889608060786,15,2,1,13,0
99,Jellyfish,3948975227973971304,21,1,1,9,0
81,Starfish,6823984500757735546,19,6,3,2,0
64,Piranha,10720504846694677281,20,4,4,13,0
50,Damsel Fish,8112923087866096672,17,3,1,14,0
25,Catfish,7260061368784988387,22,1,1,20,0
47,Eel,3341180370874171441,17,3,3,11,0
32,Cod,16780504793672746268,15,3,4,19,0
11,Sardine,475329614528819418,26,1,4,16,0
64,Piranha,13500560598644050727,21,1,4,15,0
5031,Boot,11774579518056326254,17,4,4,12,0
27,Catfish,3278740189043762995,16,7,2,5,0
34,Triple Tail,8212764222428260559,14,4,2,7,0
77,Turtle,13714225679526281629,18,6,2,7,2
28,Anchovy,3539868181975480428,22,4,3,5,0
67,Grouper,1920204348958909659,21,3,2,13,1
5031,Boot,5397712994391400051,18,5,4,18,0
70,Angel Fish,16623267459057979042,20,1,3,4,0
65,Piranha,12287200886449418817,18,3,4,14,0
40,Anglerfish,8736143589681081201,17,5,2,19,0
92,Lobster,9749149883714376038,21,6,2,14,0
69,Grouper,11049787231348424833,15,5,3,8,0
86,Shrimp,1684631750732164581,16,6,3,6,1
61,Barracuda,996163171237502703,15,4,3,7,0
61,Barracuda,15344835854158882447,19,4,4,8,0
62,Barracuda,17622343000780389068,17,6,4,12,0
67,Grouper,17529831356823542718,15,4,1,15,0
11,Sardine,11555073573774931067,17,6,1,6,0
81,Starfish,8098025979023742509,14,4,3,3,0
1,Tilapia,12400921170593378371,17,2,3,11,0
29,Herring,16351230451421253372,16,5,3,9,0
1,Tilapia,18019610984651358125,18,3,1,15,0
18,Trout,14159894712268944373,30,6,3,20,6
81,Starfish,2330300650629075742,22,4,1,16,0
70,Angel Fish,9918048861108119070,13,5,4,14,0
67,Grouper,4565951564942004745,15,1,3,14,0
83,Crab,559984299932428892,18,6,1,9,0
59,Salmon,16809875997528788303,17,6,2,15,0
14,Sardine,11953734307554071294,22,5,4,13,3
3,Tilpia,17202221280701312707,17,1,1,15,0
1,Tilapia,14361593013395018597,15,2,3,19,0
61,Barracuda,5741008200171730377,17,2,4,9,0
5,Perch,9101577543189171718,15,6,1,14,0
70,Angel Fish,4631039583257874498,16,5,4,2,0
53,Bluegill,5315215361601868697,18,5,2,11,0
49,Damsel Fish,15503179055139894018,19,3,2,16,0
70,Angel Fish,13090339855127111851,24,1,2,16,0
25,Catfish,13576695274653694590,14,3,2,9,0
52,Bluegill,8713448168763685698,13,5,2,7,0
15,Spotfish,6283705515435834318,29,7,3,16,6
81,Starfish,11042903468902219259,17,2,2,8,0
75,Mola Mola Fish,3196046044133359043,24,7,2,6,16
34,Triple Tail,8753450225485873706,24,4,2,17,0
51,Damsel Fish,8608100864583506152,29,4,1,8,0
55,Spearfish,805863420486477950,18,1,4,12,0
35,Triple Tail,6639978583437414804,19,2,4,12,0
5031,Boot,7395666496090912824,19,4,1,4,0
58,Salmon,11098778835928562096,21,1,3,13,1
8,Bass,5751917219266865663,21,6,2,8,0
76,Mola Mola Fish,10231046683076079082,23,4,1,9,0
53,Bluegill,17644095127793683781,21,6,2,5,0
27,Catfish,3769431167881216028,29,7,1,17,7
25,Catfish,11032096967842247753,21,6,3,5,0
19,Trout,4567412453447699450,17,4,1,17,2
69,Grouper,2112852107403751446,14,3,1,17,0
58,Salmon,5348934322693663224,19,3,3,16,0
44,Clownfish,7684476117675989342,21,3,4,14,0
38,Snapper,4184707281483239285,16,2,4,15,0
46,Eel,719672213424890952,18,6,3,6,0
29,Herring,4801130329457759890,23,1,3,3,0
53,Bluegill,3305421149401857875,24,1,4,10,0
3,Tilpia,6903085649625807193,18,5,1,12,0
69,Grouper,11932228056614921949,12,1,3,12,0
43,Clownfish,15680838030077476107,19,6,4,11,0
10,Sardine,11078090678099743495,18,2,4,13,0
81,Starfish,8696163434285705002,18,6,3,7,0
69,Grouper,5955267515004145258,22,6,4,2,0
83,Crab,11447245227777354046,20,2,3,5,0
74,Mola Mola Fish,11985372377711255801,16,6,2,9,0
10,Sardine,2999157000449277928,22,3,2,6,0
50,Damsel Fish,2473921722718664925,15,4,3,7,0
16,Trout,9444322431360488816,15,4,1,6,0
64,Piranha,2362380754526799093,14,4,2,3,0
28,Anchovy,6720634328086529430,17,1,1,1,0
34,Triple Tail,6784125651811953116,23,4,1,12,0
32,Cod,5600592473432859527,16,2,3,4,0
49,Damsel Fish,8835010336992638983,17,6,3,16,0
29,Herring,16117267929253747627,19,6,2,18,0
4,Perch,16815912601910330780,23,3,1,20,0
23,Pufferfish,6367037682902369912,18,2,1,19,0
14,Sardine,3046012464350625182,14,5,2,12,0
28,Anchovy,15244818530511093646,23,6,4,3,5
20,Trout,17949531424441711318,23,6,1,19,0
32,Cod,17372892182656444254,14,5,1,3,0
2,Tilapia,11238247359767536029,20,4,3,10,0
14,Sardine,11526003350236232562,14,5,4,5,0
32,Cod,1236687645932375116,17,4,2,6,0
28,Anchovy,15229440954818148859,17,4,2,7,0
17,Spot Fish,4887240086253729760,19,4,3,1,0
5067,Pop-eyed goldfish,4828636873577889164,15,3,4,21,0
54,Redgill,12831845515480972566,20,6,3,2,0
92,Lobster,16349387356704308619,18,3,4,7,0
52,Bluegill,6896658117578068661,26,6,1,12,0
69,Grouper,5188643386833606055,18,3,1,11,0
99,Jellyfish,1935923237484591131,14,1,4,8,0
58,Salmon,4901401411817378920,19,6,4,1,0
53,Bluegill,6511336838231836913,26,1,3,1,0
16,Trout,6735796549693676836,21,3,1,1,0
55,Spearfish,3879808972452042995,19,2,2,19,0
62,Barracuda,5609736191786736950,20,5,1,4,2
19,Trout,11655511897440048499,15,4,3,2,0
1,Tilapia,10376333736577663701,19,3,3,2,0
86,Shrimp,5632497836690011845,17,6,2,9,0
53,Bluegill,3126688989965253108,13,6,4,9,0
36,Triple Tail,4272862278487660906,22,6,4,4,0
32,Cod,13107623677646258820,21,2,3,8,0
62,Barracuda,2350679649762857963,16,5,2,20,0
46,Eel,12688212824544514304,19,2,4,1,0
50,Damsel Fish,17416851903587537270,15,4,2,15,0
61,Barracuda,10631408348160071284,22,5,4,12,1
11,Sardine,2810809826444189972,18,1,3,15,0
62,Barracuda,6844028443066516455,16,5,3,18,0
4,Perch,12412558233363531743,23,1,1,15,0
86,Shrimp,6899162143681969104,14,1,4,8,0
10,Sardine,5543656227491096228,21,5,2,14,0
31,Cod,17356561297745499746,16,2,4,15,0
15,Spotfish,7941751012169960491,18,5,2,10,0
28,Anchovy,15422847965643874089,24,2,3,11,0
43,Clownfish,10204751626691307503,18,6,4,8,0
74,Mola Mola Fish,13870953352899090046,19,2,2,4,0
80,Starfish,12585722145332776973,14,4,4,6,0
99,Jellyfish,5331980536539482736,21,3,4,14,0
22,Pufferfish,16774335245552406995,23,4,4,19,10
52,Bluegill,17185463794250043203,20,1,4,17,0
47,Eel,8612094221528031765,20,5,4,18,0
4,Perch,6433960135856084935,20,3,1,7,0
23,Pufferfish,14535370258306542281,19,6,3,19,0
55,Spearfish,4419527443543195501,22,2,4,8,2
86,Shrimp,3236501568289675983,21,2,3,11,2
32,Cod,6464046620998544530,22,4,2,11,1
3,Tilpia,15857678079773375073,25,5,3,8,10
99,Jellyfish,4822300094829252044,16,6,1,2,0
7,Bass,7313430916016320189,15,2,4,14,0
48,Electric Eel,8868448055326361680,19,4,2,14,0
62,Barracuda,4640870747484991806,19,1,3,5,0
19,Trout,17417948088119163077,15,6,2,8,0
83,Crab,11770510822329256992,17,4,4,6,0
59,Salmon,8364704990922022228,19,6,2,6,0
47,Eel,1988972932205580870,18,3,2,17,0
5027,Cutthroat Trout,12388446509343860796,25,2,3,11,0
8,Bass,14812578759691067260,21,3,3,12,0
17,Spot Fish,3476320542299152012,16,3,4,1,0
64,Piranha,1287111252914183700,17,4,1,15,0
6,Perch,11389198340725359019,27,5,1,8,0
29,Herring,3963567138183862462,19,3,4,7,0
49,Damsel Fish,4585411295655349600,19,2,1,10,0
15,Spotfish,4829803652756295009,20,7,3,14,7
71,Angel Fish,1355685581031322148,20,3,1,9,0
80,Starfish,4769289716698668507,23,5,4,9,0
64,Piranha,6990031733154771800,15,4,3,5,0
67,Grouper,14899117080306192355,20,2,4,3,0
86,Shrimp,12697874181771411147,21,2,1,7,0
65,Piranha,16808827097697508371,17,3,2,1,0
61,Barracuda,14875303504366784013,20,4,4,16,3
10,Sardine,13831550743760445113,21,4,3,10,0
92,Lobster,1123050891371630270,17,5,4,7,0
80,Starfish,12061890761353077224,22,5,4,4,5
55,Spearfish,7747605078120475142,21,2,3,3,0
49,Damsel Fish,725175695470205435,16,6,1,1,0
31,Cod,5381273699245943181,16,3,2,1,0
31,Cod,3583844398351990604,21,3,4,20,0
61,Barracuda,11149343186346520823,22,1,4,12,0
63,Barracuda,12658348191261187236,25,5,1,4,0
33,Cod,17084626381800380451,21,2,4,20,0
7,Bass,3556809043750775068,17,3,4,19,0
99,Jellyfish,7192640355165194330,23,2,4,15,0
43,Clownfish,11036405940260600232,14,2,3,1,0
43,Clownfish,15643117939432491860,17,2,4,19,0
47,Eel,3784529249218701127,18,3,4,2,0
52,Bluegill,7378322944870260627,20,3,2,8,0
40,Anglerfish,3245302326539676293,16,6,1,20,2
13,Sardine,3833193663296494720,24,6,2,4,0
10,Sardine,9628457472922721957,21,2,2,7,0
3,Tilpia,14775703713740779094,16,5,3,12,0
19,Trout,3828199132052687782,17,5,3,4,0
64,Piranha,16455059736311048810,19,6,3,3,0
63,Barracuda,16665594564440706990,27,6,1,7,0
70,Angel Fish,7779739587227066508,20,6,1,18,0
1,Tilapia,11803230273968377485,19,6,2,7,2
38,Snapper,1321641172770140996,23,5,4,2,0
17,Spot Fish,7932763705704366264,19,1,4,17,0
14,Sardine,13774360049885566441,19,3,1,6,0
5031,Boot,6742600049024387089,21,2,2,3,0
49,Damsel Fish,13070617799039745303,25,3,4,10,0
10,Sardine,17745769478469866116,25,1,2,15,0
41,Anglerfish,14130447458704621204,26,7,3,14,2
100,Jellyfish,3940279742042189,24,7,4,21,3
37,Snapper,4258612581547192340,23,3,3,5,2
59,Salmon,973721869167599616,14,3,4,12,0
86,Shrimp,1597000027940192024,17,3,1,2,0
64,Piranha,18338732546819178698,20,1,3,5,0
41,Anglerfish,6328848906566808747,31,4,1,14,5
81,Starfish,6715129641971593486,15,2,1,15,0
44,Clownfish,13263508946279242727,17,5,2,18,0
99,Jellyfish,3815453381078840602,23,5,1,14,5
5031,Boot,5283832226926990793,17,6,3,16,0
25,Catfish,14958213939979773724,22,5,4,19,4
17,Spot Fish,17557538220729904987,18,2,2,3,0
61,Barracuda,5417719848353886180,15,5,4,12,0
34,Triple Tail,1656442698385501850,18,3,4,15,0
86,Shrimp,15218056511896427696,17,2,1,11,0
13,Sardine,5606791112445400902,20,1,1,2,0
65,Piranha,7106151113465942724,19,1,3,14,0
49,Damsel Fish,4244821494741667384,21,2,4,9,1
86,Shrimp,5689199967719123896,16,2,4,13,0
43,Clownfish,9511955837602164000,17,2,2,1,0
37,Snapper,11381892957447638779,18,1,3,15,0
11,Sardine,503009562990716314,24,6,1,14,0
14,Sardine,6479075292368375888,19,1,3,15,0
71,Angel Fish,2963046824208362978,17,3,3,9,0
58,Salmon,3118307575891286274,24,6,1,6,0
58,Salmon,4635026739576104610,14,6,4,2,0
52,Bluegill,4319033766234368398,13,2,2,8,0
40,Anglerfish,602583386190138581,17,1,4,4,0
62,Barracuda,1027247348709586386,17,2,2,4,0
67,Grouper,9223659404112900975,18,3,3,4,0
29,Herring,11743602967652149178,16,4,1,5,0
64,Piranha,14639628039122284550,12,3,4,9,0
37,Snapper,6183641007858542027,19,2,3,16,0
70,Angel Fish,1753933689171486231,19,4,2,9,0
7,Bass,16136678918806892707,20,2,3,4,1
67,Grouper,2829511121636824633,17,6,3,4,2
1,Tilapia,11558667278604002008,19,5,3,12,6
80,Starfish,14111133573960037007,20,4,1,12,0
92,Lobster,393756047126157068,20,2,1,3,0
25,Catfish,9088271729143244058,18,4,2,16,3
49,Damsel Fish,9383433727521128455,18,3,3,5,0
4,Perch,17845144476048184432,17,5,4,4,4
38,Snapper,464344940726430533,17,2,3,12,0
28,Anchovy,15901853701454095820,13,3,4,13,0
2,Tilapia,8309266827984521370,20,6,1,16,0
38,Snapper,15923307639724435214,26,2,4,16,1
22,Pufferfish,6432645889153519527,22,1,2,7,0
37,Snapper,13361892832635986448,19,3,4,15,1
95,Octopus,10426978034607128064,28,4,1,8,3
47,Eel,8048077037341546947,15,4,1,7,0
53,Bluegill,6978642268000219139,18,4,4,15,3
55,Spearfish,391577572407945375,16,1,4,10,0
31,Cod,17488512259355118528,12,4,3,16,1
46,Eel,8212508676589922716,17,2,3,5,1
94,Lobster,14766609146170970656,26,2,3,7,4
7,Bass,11900247774669320153,16,5,1,7,0
23,Pufferfish,9025262194708314721,19,5,1,17,4
74,Mola Mola Fish,3660101427613727118,15,1,3,8,0
80,Starfish,4133529427609741418,21,4,2,18,9
25,Catfish,15282133600738805259,21,3,3,18,0
28,Anchovy,17547905132959852142,20,1,1,8,0
52,Bluegill,12146376449682405423,26,5,2,2,4
32,Cod,13375266938782619199,18,5,1,4,0
46,Eel,1706100065926714866,16,4,2,2,0
32,Cod,14374617469812603205,26,6,4,5,9
99,Jellyfish,15134488749181116676,21,3,4,9,0
64,Piranha,4803495575718181998,21,6,2,13,0
86,Shrimp,10926275942853135844,20,1,1,16,0
11,Sardine,18196452462341692225,21,1,4,4,0
32,Cod,394998797904896348,19,4,1,20,0
69,Grouper,14367788416237550547,16,4,3,17,1
99,Jellyfish,3047332776004113105,18,5,3,7,0
23,Pufferfish,6030464512720215772,12,3,4,13,0
25,Catfish,576842597129187790,24,4,4,13,0
16,Trout,6271142004532325101,19,2,1,5,0
38,Snapper,8032374739483707952,17,4,3,18,0
17,Spot Fish,7913166060874569673,22,4,1,4,0
19,Trout,5280313166684868440,21,1,1,15,0
16,Trout,2818725196439308034,15,4,4,2,0
90,Seahorse,1510046312399715845,18,6,2,4,1
61,Barracuda,12856921547314406491,21,5,2,12,0
65,Piranha,11266496099559340165,22,4,4,17,4
65,Piranha,4124820743866783992,19,5,1,14,0
70,Angel Fish,18278943536838212409,18,4,3,15,1
32,Cod,17096476632956369355,16,4,1,15,1
49,Damsel Fish,6848829438542810156,15,4,3,13,0
83,Crab,13076986792425740350,21,3,3,4,0
8,Bass,8304554706154002217,17,2,1,19,0
43,Clownfish,10637642510804545739,23,4,2,8,5
63,Barracuda,10338340572107192138,22,7,1,14,10
29,Herring,11675392123644769477,17,6,2,16,0
4,Perch,16752936974339772711,16,6,3,9,0
52,Bluegill,7600574912450030355,15,3,1,1,0
19,Trout,2693245133137137202,19,6,2,7,0
58,Salmon,1960885434238087403,17,5,4,1,0
11,Sardine,17000084611442840118,18,2,4,11,0
7,Bass,8187837144594045781,19,1,3,2,0
11,Sardine,12436654633212235112,19,1,3,1,0
65,Piranha,6534415651154034193,17,6,2,19,0
74,Mola Mola Fish,6636108796521934037,24,3,3,15,0
38,Snapper,5822826873109236440,16,6,3,8,0
2,Tilapia,7845819237713246550,20,5,2,12,0
5031,Boot,12044632118027997544,19,3,1,7,0
34,Triple Tail,15142398721417599646,17,2,4,14,0
26,Catfish,4036987686198836392,30,5,3,4,11
58,Salmon,10546559795653614902,14,6,3,7,0
51,Damsel Fish,5363138640533823905,16,6,2,11,0
34,Triple Tail,8610088440912576313,21,5,3,19,0
23,Pufferfish,1252549581316167647,15,6,1,17,0
2,Tilapia,5127807327718686835,19,6,1,12,2
46,Eel,15891385616053297571,22,3,4,17,2
1,Tilapia,13331538526557090986,16,6,4,13,4
31,Cod,17953876749238529600,20,6,2,5,0
2,Tilapia,8594552153888077998,23,6,1,4,0
20,Trout,6277193790771784033,31,3,2,13,3
23,Pufferfish,16987113216929906070,24,1,3,16,0
23,Pufferfish,4764125093318297406,17,6,3,1,0
32,Cod,3109644925730732369,20,5,4,11,6
46,Eel,15398593353488841640,16,1,1,17,0
37,Snapper,14976492882042811072,21,6,2,3,0
32,Cod,8349077077674010581,13,1,3,1,0
38,Snapper,10156491951945325413,17,4,2,5,0
65,Piranha,9268775692651247411,14,1,2,17,0
61,Barracuda,14943764191563152710,14,4,1,11,0
10,Sardine,4487272008532135435,20,1,3,16,0
46,Eel,3490873455865087833,12,3,4,10,0
11,Sardine,9147616423687918762,22,6,1,7,0
87,Shrimp,18321327442115947042,17,6,1,11,0
92,Lobster,4734472243545801617,15,6,3,1,0
28,Anchovy,16673147257449556438,23,5,2,14,0
72,Angelfish,12379668211860104333,33,3,3,11,0
34,Triple Tail,966210317171123251,23,4,2,7,0
62,Barracuda,11098323238853494819,19,2,2,14,0
32,Cod,8281777388886741050,16,4,2,13,0
5,Perch,8244661441799342748,19,4,3,14,2
93,Blue Lobster,4153906090485109441,32,4,2,16,20
99,Jellyfish,9512923826936083862,18,5,4,17,0
81,Starfish,1466164041592998673,20,6,1,19,0
89,Seahorse,6114613438494887400,18,5,3,19,6
14,Sardine,6458097426917044382,18,2,3,16,0
5059,Great white shark,6802087648933415250,33,4,1,20,14
3,Tilpia,16360801190222163981,25,3,4,19,0
40,Anglerfish,2447738005029562800,17,1,1,17,0
54,Redgill,2388492314071908511,17,6,1,3,0
5067,Pop-eyed goldfish,6214204897242887503,27,3,3,8,0
93,Blue Lobster,17668442512796393084,28,3,1,4,0
31,Cod,13463198617350367626,18,4,2,14,2
30,Herring,7765026892309928591,22,4,2,5,0
85,Golden King Crab,13727845711615318692,30,7,6,10,13
78,Turtle,11237216344070760510,19,7,4,17,0
74,Mola Mola Fish,18060996679293302174,20,2,1,19,0
26,Catfish,17648939607649955010,29,5,2,7,0
10,Sardine,12948166849340408846,14,2,1,11,0
25,Catfish,6067495138644305264,19,1,2,9,0
74,Mola Mola Fish,12517458494885377919,16,4,1,14,0
26,Catfish,4494182126899858500,30,5,1,11,1
30,Herring,13946316269483128421,24,4,4,12,2
15,Spotfish,8467390988421345644,31,6,2,7,13
43,Clownfish,8561070288851268057,19,4,4,5,0
73,Rainbow Trout,7347262678675910640,19,9,6,4,0
48,Electric Eel,14578595285535697879,18,7,1,8,0
52,Bluegill,5341975637698811964,20,1,1,11,0
56,Spearfish,458102772936883225,21,2,1,7,0
46,Eel,13663097594905692740,23,1,2,2,0
55,Spearfish,14414724019765633855,12,2,2,20,0
96,Octopus,17310214814010359797,25,8,3,20,13
46,Eel,14558253559461627921,18,2,1,14,0
29,Herring,14819397774925348626,19,2,1,4,0
44,Clownfish,8425313842519861842,19,1,3,9,0
49,Damsel Fish,15757452889308798708,26,5,1,6,0
53,Bluegill,7298334202820019341,19,3,1,4,0
55,Spearfish,16171267661869785674,14,2,4,19,0
3,Tilpia,15693634514031773048,18,6,3,5,0
70,Angel Fish,10224463532572757578,23,5,2,17,3
100,Jellyfish,2619152837845714346,22,3,1,6,0
23,Pufferfish,6462185694042371260,15,6,2,13,0
92,Lobster,16741496518095769863,19,4,3,7,4
10,Sardine,8297600212529226536,15,1,1,9,0
32,Cod,10121825571767899405,23,4,1,19,1
17,Spot Fish,1082070684612432999,21,6,4,14,8
5059,Great white shark,15868436654022637268,30,2,3,16,0
25,Catfish,13985797276572265765,21,1,1,14,0
11,Sardine,12925019637744585534,13,1,4,10,0
50,Damsel Fish,14759429302430923012,15,3,3,15,0
10,Sardine,13659532047305434376,15,2,4,6,0
29,Herring,12735238111546321855,19,4,2,17,0
8,Bass,11603077607605561284,19,6,2,7,0
59,Salmon,394545434855750328,18,6,4,14,10
24,Pufferfish,4454697708441077735,27,4,3,3,0
1,Tilapia,4622645948337475469,14,3,4,5,0
32,Cod,14406198562013107552,20,2,1,20,0
1,Tilapia,9256901773619703453,21,4,2,3,0
48,Electric Eel,2915966718079996251,21,4,3,9,0
2,Tilapia,5937503963887170399,19,6,4,7,1
74,Mola Mola Fish,8509162379396049250,19,1,4,12,1
64,Piranha,14824423717489733632,16,2,2,16,0
86,Shrimp,1945352999733598298,25,2,1,2,0
67,Grouper,12639098083315176761,22,3,3,2,0
7,Bass,11606766973096052168,19,3,3,2,0
53,Bluegill,11988642188782839257,23,4,1,18,3
38,Snapper,12687871976845212163,17,6,1,4,0
53,Bluegill,2080760225052434750,19,4,2,8,0
100,Jellyfish,922273951910030092,22,3,4,10,0
46,Eel,12941578795912837727,19,6,1,8,0
13,Sardine,16497980907810757243,15,4,3,4,0
81,Starfish,18049037688230294258,16,2,4,13,0
29,Herring,5567538672462414723,16,6,1,3,0
99,Jellyfish,5483230306343750451,19,1,3,20,0
23,Pufferfish,6976734626899417799,22,4,2,3,0
19,Trout,1724435028836171824,17,3,4,10,0
43,Clownfish,14700972377215766196,23,1,3,19,0
18,Trout,14492723374637354334,25,4,1,10,0
7,Bass,13910529174708972006,19,5,1,15,0
29,Herring,16029031025165461134,14,3,4,13,0
16,Trout,8261452182455183742,15,1,3,3,0
61,Barracuda,3161536349321795101,21,5,3,4,3
8,Bass,10600557137200109917,15,1,2,18,0
43,Clownfish,1798889581489855567,20,6,1,19,7
70,Angel Fish,2745799603371788962,19,6,1,4,0
43,Clownfish,12832990157129977058,19,4,1,12,0
1,Tilapia,6950246173434854825,22,2,1,8,0
71,Angel Fish,2714939887907142247,18,5,2,6,0
67,Grouper,11374803433022502453,20,4,2,15,0
46,Eel,2521477545468944988,17,5,3,18,0
65,Piranha,2674466060749678079,21,1,4,13,0
74,Mola Mola Fish,10814033287424857731,23,2,1,10,0
71,Angel Fish,12693612930977630770,19,4,4,14,0
25,Catfish,6894272817174956209,22,1,1,3,0
53,Bluegill,5623186631722076684,19,3,4,7,0
62,Barracuda,5683131129796627668,20,6,3,8,0
10,Sardine,12198176377858397019,14,4,3,5,0
69,Grouper,4049202185819324058,21,3,3,2,0
67,Grouper,16618607323661850435,24,2,4,7,0
34,Triple Tail,12990983257489880618,19,4,2,12,0
34,Triple Tail,3187999658164566522,20,2,1,10,0
46,Eel,15846849184935088961,18,4,4,16,1
82,Starfish,9705785926535143982,19,7,1,4,3
1,Tilapia,14598345282335865053,18,2,1,1,0
32,Cod,13174119815533950780,17,5,1,14,0
76,Mola Mola Fish,16152778438116413977,23,8,2,11,7
81,Starfish,2584082171308154335,20,1,3,4,0
22,Pufferfish,16838833638963820038,16,1,2,16,0
20,Trout,10953004475764261548,26,7,4,15,16
4,Perch,11963128778195340325,21,4,2,6,0
83,Crab,13711871639462577002,24,6,4,15,0
23,Pufferfish,7072002491004018229,21,3,2,2,0
7,Bass,16642972251891480850,17,3,2,1,0
17,Spot Fish,16730337067783019601,14,3,2,18,0
28,Anchovy,12452322003324738585,19,3,1,14,0
4,Perch,3547400603322110504,18,5,1,12,0
70,Angel Fish,2413419897796367069,17,6,4,11,0
25,Catfish,12521971175861759016,18,1,2,11,0
34,Triple Tail,690091095425094870,23,3,1,11,0
1,Tilapia,4712446498105121400,18,4,2,2,0
22,Pufferfish,12117858903952507236,16,2,1,3,0
19,Trout,16858252223961803203,20,5,4,14,3
3,Tilpia,3628491361856191542,19,1,1,9,0
54,Redgill,12953386672091338724,29,4,1,14,3
24,Pufferfish,11529222514027257986,24,5,3,2,0
74,Mola Mola Fish,13389030412942363144,16,3,4,5,0
80,Starfish,9378131651180105910,18,3,3,10,0
32,Cod,4204605383467781005,23,2,2,9,0
77,Turtle,3211744205905694957,17,1,4,11,0
47,Eel,7755684719836594527,21,6,2,20,4
86,Shrimp,9369701116365857161,16,6,4,2,0
28,Anchovy,12966882797854706972,23,4,2,16,5
8,Bass,3953700173046118804,24,1,4,20,0
100,Jellyfish,1325600386050787717,26,7,1,17,3
75,Mola Mola Fish,2141658760798111394,20,6,1,4,0
40,Anglerfish,8101255681503608261,17,1,3,9,0
28,Anchovy,5210897629069789178,17,1,4,3,0
83,Crab,16877601431104239380,19,4,4,17,1
52,Bluegill,7476881519114684759,19,5,4,3,0
69,Grouper,12577204332651866045,20,2,1,5,0
36,Triple Tail,4353841206034918690,28,5,4,3,0
61,Barracuda,2086994135187804133,22,1,2,17,0
40,Anglerfish,6692919576590765311,15,3,3,8,0
31,Cod,15415628028816930923,13,5,2,15,0
74,Mola Mola Fish,7926634453868089378,23,5,1,4,0
64,Piranha,234449350919861855,19,6,2,20,0
34,Triple Tail,14942669100734833475,25,4,1,5,0
67,Grouper,2426057606730831713,16,1,3,12,0
53,Bluegill,5246093511691015855,17,1,1,10,0
53,Bluegill,4893815104645574609,13,5,2,20,1
13,Sardine,6046709671165478552,16,5,2,19,0
13,Sardine,15104230731901856016,15,5,2,20,0
58,Salmon,12301926960645549927,19,3,2,8,0
10,Sardine,5203592113049989287,24,2,3,8,0
10,Sardine,2626286507246062326,14,3,2,11,0
100,Jellyfish,17941558260335354814,22,5,4,15,2
69,Grouper,17275039663668662363,18,1,2,18,0
49,Damsel Fish,763873542216977161,22,5,1,5,0
37,Snapper,1192606075394709655,24,6,4,3,0
1,Tilapia,14794753228080409593,18,4,2,18,0
13,Sardine,7322364174233900116,17,5,3,20,0
34,Triple Tail,9148492690834881640,21,1,3,6,0
2,Tilapia,9860534825931541604,25,5,3,2,0
52,Bluegill,14297206133890770032,19,1,2,17,0
32,Cod,13271685656871120539,20,1,2,20,0
5,Perch,2723730052432260255,15,6,4,3,0
5031,Boot,13839608091951737506,23,2,1,17,0
62,Barracuda,104339442663845269,25,4,3,6,1
13,Sardine,2428754177067539034,24,1,2,10,0
92,Lobster,15062939085892067655,23,1,1,7,0
52,Bluegill,6910992000513401207,20,2,2,2,0
86,Shrimp,4595020283217121368,21,1,4,5,0
43,Clownfish,5559535994086522841,19,5,2,19,1
34,Triple Tail,8599308643392512307,21,1,2,3,0
58,Salmon,12422855374464203511,22,2,3,2,1
80,Starfish,13940454528051942932,19,5,3,6,0
38,Snapper,12950217939695905506,23,3,1,20,0
37,Snapper,17247255433306960941,15,6,2,10,0
71,Angel Fish,7936837970994422100,20,2,3,15,0
65,Piranha,3068981956733144291,21,5,3,11,2
67,Grouper,6821869157350111506,23,4,3,5,0
86,Shrimp,11838233020881203987,21,3,1,2,0
50,Damsel Fish,1626297179420176058,19,1,2,7,0
53,Bluegill,15383705604372457811,21,3,4,15,0
74,Mola Mola Fish,10433005440049378661,25,3,4,9,3
7,Bass,12391272807194072075,20,6,1,11,1
14,Sardine,5788511873792503575,20,1,4,15,0
1,Tilapia,17519996366837975618,17,6,3,9,1
83,Crab,178627218349074220,22,6,4,17,14
50,Damsel Fish,15798957393244731251,15,2,3,5,0
47,Eel,15840695940079022241,20,3,2,12,0
5,Perch,12307255106204191103,18,3,3,7,0
39,Snapperfish,9064003789135683921,28,6,4,4,1
16,Trout,17818138214724858187,16,3,1,5,0
64,Piranha,8526820524731142899,17,6,2,9,0
92,Lobster,16199218696918262896,22,4,4,6,0
16,Trout,14462312905016221409,26,6,3,8,9
80,Starfish,2401623904222187550,17,6,1,20,0
46,Eel,10499084619786433367,14,4,3,2,0
39,Snapperfish,14707553904743605354,31,7,1,16,32
83,Crab,16161625774201134999,19,5,1,14,0
26,Catfish,12028811541790468123,25,7,3,16,0
13,Sardine,15896709811540153960,21,1,2,6,0
53,Bluegill,12562617132711421625,22,4,1,2,0
7,Bass,4215037305321079026,17,5,3,17,0
99,Jellyfish,15754094786333732058,24,1,4,3,0
19,Trout,7198594602939938729,14,3,2,4,0
80,Starfish,15273247406854619706,18,2,2,20,0
7,Bass,16477470996938011313,22,2,3,4,0
5,Perch,9915167660282780544,21,5,1,7,1
83,Crab,10664215084012024476,20,1,1,6,0
77,Turtle,4665837481212147102,19,2,1,17,0
33,Cod,2671427026739454562,24,3,2,9,0
73,Rainbow Trout,18245613740708524162,32,4,6,19,23
82,Starfish,8904850191057032387,16,7,4,5,0
59,Salmon,13210349632952016892,19,5,4,17,0
59,Salmon,10471162918678522340,13,2,3,16,0
74,Mola Mola Fish,17656914819793655352,15,3,1,6,0
28,Anchovy,9461280034888451225,25,5,2,14,0
47,Eel,13339539449760849279,17,5,3,2,0
63,Barracuda,13056081059277253032,29,4,3,18,0
