4,Perch,2043440715854197498,18,2,4,2,0
28,Anchovy,6433200702456180461,17,5,1,11,0
38,Snapper,850636255355206585,15,6,4,15,4
80,Starfish,15743965131765097342,20,4,4,2,0
58,Salmon,5754049500617491566,20,6,3,11,5
28,Anchovy,7090209416805383524,23,1,1,2,0
53,Bluegill,10297459236360069180,14,4,2,4,0
32,Cod,8320543319385875002,16,1,2,17,0
1,Tilapia,11510246947160286549,13,5,3,2,0
59,Salmon,4421855975794478609,19,2,4,8,0
92,Lobster,8317294424357169786,14,2,4,1,0
53,Bluegill,1557740822299457838,13,6,2,15,1
14,Sardine,11938700694724431102,22,6,4,3,2
99,Jellyfish,6014047825883001875,15,3,2,6,0
43,Clownfish,4833957185513952408,20,1,4,18,0
62,Barracuda,3682659406315768113,15,2,2,12,0
81,Starfish,9591577822298719962,22,5,1,9,0
53,Bluegill,14157022004133915975,19,5,2,1,0
