23,Pufferfish,11180136399343358033,22,3,2,14
78,Turtle,9653713536484001603,30,2,2,19
5029,{NULL}fish,14086287063791841596,100,0,0,0
34,Triple Tail,14696494818145983954,18,4,1,2
54,Redgill,14662698031680065275,22,2,3,17
81,Starfish,7472233975886878721,20,2,4,6
62,Barracuda,13934666191678317901,20,3,1,13
8,Bass,16270810602283021975,22,5,1,20
50,Damsel Fish,4919918271099256819,24,6,1,10
29,Herring,9704388880922790713,24,5,1,1
7,Bass,4245772362048337822,21,6,4,3
100,Jellyfish,8059336170753269206,28,6,2,4
40,Anglerfish,13990452629638351808,18,5,2,2
4,Perch,5326423744051370467,18,6,4,3
76,Mola Mola Fish,2722204624354114656,23,9,6,3
