11,Sardine,10896854614059755309,19,4,3,7
17,Spot Fish,12140512547757348828,22,5,2,18
74,Mola Mola Fish,1908138524321905041,15,3,1,3
14,Sardine,8745946846955315402,24,6,1,13
3,Tilpia,6106553754393090817,16,6,4,9
77,Turtle,11488782704846047238,17,1,4,17
38,Snapper,8294168216428505871,20,1,4,4
29,Herring,17134540764908967656,21,5,2,12
22,Pufferfish,10727269691905470896,22,5,1,8
5031,Boot,12907363849072610046,19,1,2,4
1,Tilapia,11647349783222192147,23,1,1,17
47,Eel,10443201348738334235,21,2,3,16
46,Eel,8173125922213431599,17,1,3,12
5,Perch,13407051230680269129,16,2,2,13
59,Salmon,455062026129988864,18,2,1,15
71,Angel Fish,17307869767174232939,20,4,2,6
95,Octopus,18172917179714311173,23,5,2,19,0
14,Sardine,2434443463409356529,24,3,4,13,0
38,Snapper,18032220779628866739,23,4,4,17,2
49,Damsel Fish,7771668166918736553,19,1,4,4,0
62,Barracuda,16459925791398252847,16,4,2,9,0
17,Spot Fish,17111004783902191529,18,2,4,14,0
20,Trout,15687843010022457764,30,4,4,5,3
34,Triple Tail,16933175747057052320,16,3,4,6,0
50,Damsel Fish,7479995655902313358,19,1,3,14,0
8,Bass,18100928665413657599,19,4,4,10,6
46,Eel,10878993769182369273,17,5,3,2,0
81,Starfish,8891454693326108220,19,1,1,2,0
71,Angel Fish,15339560234453321917,23,4,3,9,2
48,Electric Eel,15836519928933267493,29,3,4,11,0
9,Bass,6892750919871271368,21,4,1,2,0
10,Sardine,10429310176504381666,18,4,1,20,0
41,Anglerfish,18314091730340722631,19,6,2,6,0
101,Red Handfish,17329353097036613191,38,8,6,19,28
25,Catfish,15864732997670715312,15,3,2,20,0
35,Triple Tail,13692621715968800754,25,2,3,11,0
8,Bass,16105863812245241765,20,3,1,2,0
99,Jellyfish,18291323515363631301,20,1,3,5,0
5,Perch,2551746072505869425,16,2,4,4,0
59,Salmon,1327169851675032698,18,5,4,15,6
5067,Pop-eyed goldfish,17820505993737852093,22,4,2,9,0
74,Mola Mola Fish,9601514403649373599,24,2,4,9,0
81,Starfish,542139101047625213,18,6,1,10,0
34,Triple Tail,10203931846261734825,23,5,1,5,0
89,Seahorse,1831168987613723128,22,3,2,14,0
38,Snapper,9552764625880511481,21,2,1,15,0
12,Sardine,13823429323995696842,15,6,2,18,1
65,Piranha,2959965405654772706,21,6,4,10,0
14,Sardine,3591297778815999329,18,1,4,2,0
101,Red Handfish,2584641650708107060,33,7,6,16,18
45,Clownfish,18155963984487245352,18,5,3,3,0
87,Shrimp,5627556923490190847,31,6,4,4,5
96,Octopus,17447131567004725823,27,10,1,6,5
80,Starfish,1782654547526453889,24,2,1,11,0
86,Shrimp,4551168946227104141,16,4,3,7,0
5028,404 Fish,4494522082264165213,23,7,2,5,0
22,Pufferfish,5787989583853689148,17,4,4,5,0
27,Catfish,8944378999304258615,27,4,4,17,10
67,Grouper,7010881010286695916,14,4,3,12,0
55,Spearfish,8220562262836280217,22,4,2,18,0
22,Pufferfish,8375560195254746664,18,6,2,7,0
86,Shrimp,17477094616833243437,18,6,4,1,0
13,Sardine,14018415013463400504,20,5,2,1,0
74,Mola Mola Fish,8165872714113851508,21,5,4,1,0
48,Electric Eel,5764470051078322449,18,4,4,3,0
74,Mola Mola Fish,8133967261387181722,16,5,4,12,0
44,Clownfish,10740034854719567423,24,3,1,9,0
44,Clownfish,3140990461269686275,16,4,4,13,0
14,Sardine,1061612598740897641,20,1,2,9,0
25,Catfish,4374597859518867817,16,2,4,15,0
35,Triple Tail,5269408204769046241,27,3,4,9,0
26,Catfish,7621181221522186348,32,6,2,7,0
46,Eel,14993882332753602326,20,2,2,8,0
77,Turtle,18177577996389933618,19,1,2,18,0
71,Angel Fish,17667192647211084653,19,2,1,2,0
92,Lobster,7891318546397066151,16,1,1,15,0
40,Anglerfish,17337029124325783510,19,1,2,13,0
32,Cod,10709476805449137227,18,2,1,19,0
47,Eel,5777278903420215295,20,2,1,4,0
78,Turtle,5168188838649505371,19,6,2,3,5
43,Clownfish,5309500386488972199,20,5,3,18,1
92,Lobster,115707393952590334,14,4,2,20,0
8,Bass,7247023634898278820,23,3,2,20,1
77,Turtle,11223624498081610163,16,4,3,16,0
55,Spearfish,14083032417099791861,18,5,1,18,0
63,Barracuda,17817340378757802071,23,5,4,11,0
58,Salmon,5800027979798992541,20,1,4,3,0
34,Triple Tail,4371139157978028828,18,2,3,3,0
65,Piranha,8675101367142080069,12,2,2,14,0
50,Damsel Fish,17270003292406420388,19,3,3,1,0
54,Redgill,16745576586428294181,31,2,3,20,1
34,Triple Tail,17519623511563032050,15,5,3,11,0
5031,Boot,18085672720124318829,18,5,4,17,2
46,Eel,2853134096662044683,21,2,3,8,0
25,Catfish,14691342511069532159,21,3,2,16,0
19,Trout,8144964647352210442,16,1,2,11,0
92,Lobster,3027755531351742470,17,4,2,17,0
5031,Boot,1392483364930193352,26,3,4,20,4
