23,Pufferfish,7609173835689627471,13,5,3,14,-1
59,Salmon,17371688963153549200,18,5,3,6,-1
34,Triple Tail,9545943386450588636,21,2,3,9,-1
32,Cod,16541150847719254375,13,6,3,1,-1
74,Mola Mola Fish,14537599756561927973,17,1,4,3,-1
7,Bass,17942783305605008739,17,6,4,17,-1
1,Tilapia,7235163853019948097,16,6,1,3,-1
44,Clownfish,16273291483738514849,23,2,1,12,-1
35,Triple Tail,15372838671259930848,28,4,1,10,-1
23,Pufferfish,8423791753051808558,16,4,1,19,-1
30,Herring,7977648810169496885,18,5,4,11,-1
44,Clownfish,13000410971446106720,19,5,2,12,-1
69,Grouper,6405329678036081787,20,6,2,6,-1
5,Perch,1131893003714712583,24,2,3,8,-1
53,Bluegill,5183881228891816720,23,3,1,16,-1
7,Bass,3114873380987382035,25,5,4,13,-1
11,Sardine,11445471961987095031,16,6,2,3,-1
25,Catfish,5744131810416032429,23,3,1,6,-1
5049,Axolotl,10288973477700970810,19,10,4,19,-1
24,Pufferfish,16118318885828377784,28,3,1,18,-1
13,Sardine,6828826217305297512,13,6,1,16,-1
41,Anglerfish,429836337840603858,28,2,3,13,-1
50,Damsel Fish,9873314109243179972,15,4,4,15,-1
53,Bluegill,15607890752312969593,21,6,2,4,-1
57,Spearfish,14908505640877437594,23,4,4,13,-1
51,Damsel Fish,11264686056744974794,23,7,3,12,-1
57,Spearfish,2706602540996159479,21,5,3,12,-1
98,Jellyfish,9062861115312134418,24,4,4,17,-1
3,Tilpia,10262701322660012810,22,5,3,12,-1
17,Spot Fish,508759007336974213,18,5,3,1,-1
31,Cod,5501800146347610098,18,5,4,5,-1
4,Perch,113301123862154268,21,3,4,4,-1
29,Herring,15469738497298545971,18,1,2,10,-1
77,Turtle,13846468392743309616,21,3,3,8,-1
40,Anglerfish,7857222033347854322,21,3,4,5,-1
31,Cod,10232354893954463134,20,4,2,18,-1
34,Triple Tail,11978889987922834478,24,2,4,15,-1
44,Clownfish,6942720476207739596,23,4,2,9,-1
11,Sardine,13745482934063528853,12,1,4,5,-1
98,Jellyfish,16841954816572553319,29,7,2,8,-1
27,Catfish,552896649054007427,27,3,2,5,-1
93,Blue Lobster,14356398379860685083,23,6,3,20,-1
10,Sardine,12326914990855629430,16,5,4,4,-1
5049,Axolotl,3433632659772856887,28,5,2,7,-1
4,Perch,10371989325175265504,19,2,2,12,-1
29,Herring,17195880674202700485,22,5,2,20,-1
28,Anchovy,12335175075607583064,22,4,3,20,-1
77,Turtle,14070198902439481838,20,4,3,7,-1
5067,Pop-eyed goldfish,10217776285771518787,24,3,4,17,-1
1,Tilapia,10003231915232218699,19,3,4,16,-1
25,Catfish,15238774019224989652,21,3,2,8,-1
16,Trout,14282858029601857984,19,4,1,1,-1
3,Tilpia,14934427579989776576,16,4,2,18,-1
23,Pufferfish,7230804974764372471,20,1,1,14,-1
44,Clownfish,4544764843978050228,25,4,1,13,-1
1,Tilapia,14191018649640611981,16,3,2,18,-1
16,Trout,5465263378712859487,21,2,3,14,-1
37,Snapper,15913453368958924896,22,4,3,20,-1
8,Bass,11805506046307142113,16,1,2,6,-1
