29,Herring,13089403542853924760,25,4,4,19,-1
15,Spotfish,14725728447311560874,22,6,1,3,-1
55,Spearfish,2014687635687516319,17,6,4,13,-1
46,Eel,9130799966136514437,18,6,3,1,-1
29,Herring,5697171924580779797,15,4,2,13,-1
13,Sardine,7575999129706055553,19,6,1,15,-1
8,Bass,8935589110276621276,13,2,1,13,-1
36,Triple Tail,6463362092562987584,28,3,1,13,-1
43,Clownfish,10428647773349688982,23,2,1,14,-1
59,Salmon,13579130435433849893,19,6,3,13,-1
38,Snapper,10904554044016260867,22,4,4,5,-1
43,Clownfish,8070115190222709365,19,2,3,4,-1
1,Tilapia,12571144050383916068,18,4,2,5,-1
4,Perch,7868929950642568927,17,1,3,18,-1
5059,Great white shark,11690754183000950197,25,7,3,4,-1
30,Herring,17621888026352667019,22,1,2,9,-1
1,Tilapia,12082472367177525518,13,1,3,14,-1
53,Bluegill,15111628289116719258,23,4,2,20,-1
74,Mola Mola Fish,2066113196156197207,25,5,3,3,-1
32,Cod,18424828479446647742,17,3,2,11,-1
32,Cod,8604777471717773859,19,4,1,7,-1
77,Turtle,15571517624905646673,23,4,3,17,-1
28,Anchovy,3184318801685424843,19,5,2,2,-1
89,Seahorse,17479092181196215885,20,2,4,12,-1
1,Tilapia,15419414494575201238,20,4,2,3,-1
53,Bluegill,10367194757816357262,24,6,1,10,-1
41,Anglerfish,18062660929746265956,26,7,3,12,-1
5029,{NULL}fish,17233055246747203747,100,0,0,0,-1
77,Turtle,10916799639295320508,23,2,3,18,-1
5031,Boot,17621310112792267107,19,1,2,10,-1
18,Trout,6813560962852156214,22,7,1,21,-1
46,Eel,726961396969575937,21,2,2,4,-1
29,Herring,2697986500321704704,19,1,3,5,-1
40,Anglerfish,11546505123958229964,23,5,1,12,-1
71,Angel Fish,1869761579866529531,14,5,2,1,-1
5031,Boot,13835313657023080346,25,3,3,8,-1
14,Sardine,16422398724535038612,22,1,3,12,-1
59,Salmon,639545581885025115,19,2,4,2,-1
72,Angelfish,8794197227726955754,23,3,4,21,-1
95,Octopus,14915095116396980588,28,5,2,18,-1
37,Snapper,2701139465100102550,25,2,2,16,-1
8,Bass,5940667276305600129,15,2,2,6,-1
5049,Axolotl,1170653916901209065,26,3,6,14,-1
20,Trout,5493216747354644057,28,5,1,10,-1
8,Bass,8772618427224890365,18,6,4,18,-1
54,Redgill,12540523965165282584,25,3,1,3,-1
77,Turtle,16571992765079624690,22,1,4,16,-1
93,Blue Lobster,6021094435713911927,21,3,4,21,-1
13,Sardine,11531089242238332562,17,6,4,2,-1
19,Trout,4751073890641071618,19,1,2,11,-1
17,Spot Fish,9279446070514546843,16,6,3,12,-1
89,Seahorse,12955438551199644655,21,1,4,2,-1
5,Perch,3026375250029244922,15,2,1,19,-1
54,Redgill,2211289599665938037,23,5,4,15,-1
30,Herring,612616177074852107,22,2,4,2,-1
55,Spearfish,3721726271099235346,14,6,2,4,-1
5013,Sakhalin sturgeon,1080167733256449701,34,8,6,4,-1
75,Mola Mola Fish,8581838217606712072,30,6,4,20,-1
79,Turtle,168384006913878124,17,9,3,12,-1
48,Electric Eel,2216532728096970145,23,3,4,15,-1
25,Catfish,7700717923045946054,19,6,2,9,-1
5,Perch,10716509492775519366,24,4,2,17,-1
13,Sardine,16866514265216356300,21,4,3,19,-1
59,Salmon,10498604257938948377,17,1,4,14,-1
48,Electric Eel,6395696445816617169,26,4,3,16,-1
44,Clownfish,2810757809609200678,14,3,3,1,-1
51,Damsel Fish,7496166029587850005,23,7,2,15,-1
69,Grouper,15894753105924887518,21,5,1,20,-1
81,Starfish,7220642653851274972,19,6,1,13,-1
5049,Axolotl,12788306704097624639,19,6,4,9,-1
95,Octopus,13927441017584306832,20,6,2,16,-1
74,Mola Mola Fish,6045875567280106017,13,2,1,6,-1
97,Golden Takoyaki,435548798614343349,43,10,6,6,-1
22,Pufferfish,11795704275426017387,22,2,4,12,-1
22,Pufferfish,2476537197821848586,18,1,4,8,-1
8,Bass,316632315083653547,23,2,2,2,-1
84,Crab,10711632619858058884,34,2,2,14,-1
74,Mola Mola Fish,12151504754385076394,15,2,1,19,-1
24,Pufferfish,16904021636097357805,28,5,1,5,-1
5059,Great white shark,6971615660020578974,25,3,3,13,-1
40,Anglerfish,6625050493569371513,17,2,4,2,-1
35,Triple Tail,7719640269015279419,27,6,1,13,-1
31,Cod,1014236516747570568,17,2,4,1,-1
28,Anchovy,17461562733388826637,18,1,2,10,-1
9,Bass,7878961157241405260,30,5,1,8,-1
69,Grouper,18274118285064892021,19,5,4,5,-1
65,Piranha,12033880531001214152,15,5,2,5,-1
11,Sardine,12385365083388316980,19,5,4,10,-1
30,Herring,8427558607801129577,19,4,4,15,-1
22,Pufferfish,11971381866299918287,19,6,3,17,-1
