43,Clownfish,9531752535169082361,16,5,4,8
32,Cod,2576539100119984318,19,4,3,11
3,Tilpia,3812594832878123442,13,4,1,8
23,Pufferfish,5344954504590794812,20,6,2,2
6,Perch,14093365325034867939,26,7,1,17
81,Starfish,15028256510336290082,15,5,1,17
93,Blue Lobster,18161668592994889168,32,7,4,12
50,Damsel Fish,1768779076657175650,18,5,4,11
11,Sardine,1753314384508975320,15,2,4,12
94,Lobster,6560549236197828911,28,5,4,20
43,Clownfish,10755014277757076880,22,5,1,7
44,Clownfish,3149664672893485031,18,5,2,1
59,Salmon,1514697524430066673,16,1,2,4
37,Snapper,1641830139637644892,19,6,1,14
55,Spearfish,8155768757759178078,14,6,2,3
17,Spot Fish,8304394190671725697,19,1,4,13
19,Trout,4821040814357748450,18,4,2,11
17,Spot Fish,14541017431118230133,19,5,4,1
38,Snapper,1941455826842242306,14,5,2,12
65,Piranha,6783826492777482262,15,1,3,15
19,Trout,10177167590356829180,21,4,3,6
69,Grouper,18379397318190438891,19,3,2,12
11,Sardine,12923912448307587907,18,3,1,13
72,Angelfish,10639010437842566951,27,5,2,13
55,Spearfish,17952603940312038307,19,1,2,18
10,Sardine,877637473748890661,16,5,2,18
5010,Blahaj,1698444680842342277,35,7,6,12
14,Sardine,8921589332910456532,21,5,4,13
1,Tilapia,13704374842881245546,21,5,3,3
69,Grouper,9687918516363808339,17,4,2,11
34,Triple Tail,2569364853618918571,20,2,4,2
26,Catfish,15870662640329944255,26,2,3,2
5,Perch,11797207014824692990,13,3,3,13
31,Cod,1768434807558103564,19,2,4,4
11,Sardine,17529362690276938617,25,5,3,4
79,Turtle,14074132039388520778,25,9,1,16
23,Pufferfish,3433131629136893999,19,3,4,12
