32,Cod,12493122498081440260,21,6,4,17
19,Trout,6813478995930234673,15,6,3,15
3,Tilpia,10694390165536705663,23,1,2,6
43,Clownfish,9684750423791553016,23,2,2,7
22,Pufferfish,18257112879558163454,19,4,1,16
10,Sardine,11876364197856781332,15,5,2,14
74,Mola Mola Fish,13421848125208154127,15,1,2,11
76,Mola Mola Fish,3684384486900447559,28,9,2,18
62,Barracuda,8283572687817401135,22,1,2,1
47,Eel,12470159675772866837,19,5,3,7
31,Cod,1860912420094188745,20,4,1,6
13,Sardine,5361233204098671836,24,5,1,3
77,Turtle,15033965046010948072,17,3,3,5
43,Clownfish,13200317675979223712,20,2,3,6
57,Spearfish,17694945575511700082,22,7,4,14
51,Damsel Fish,13587171370769558045,27,3,1,11
5049,Axolotl,12319770847316995896,25,4,2,6
5013,Sakhalin sturgeon,6729341830848708224,30,9,6,18
47,Eel,18210836109464655379,23,3,1,6
4,Perch,964247496820487411,25,6,3,6
50,Damsel Fish,3361415443986785012,21,1,2,8
98,Jellyfish,16843854682869517782,22,5,1,9
38,Snapper,10825813555890742529,26,6,1,11
13,Sardine,9488399930500386445,23,3,2,19
90,Seahorse,16762088606392271956,25,5,2,17
40,Anglerfish,12915940490157549414,21,3,3,11
31,Cod,1944008959694671741,16,3,3,3
40,Anglerfish,1981106791788841111,17,1,4,9
14,Sardine,5613783746312792347,22,3,4,7
63,Barracuda,15666800291645885149,24,2,1,20
93,Blue Lobster,9740748637803373269,28,3,1,5
59,Salmon,4423488359997190371,19,5,4,16
59,Salmon,8944512410357742245,23,2,1,13
3,Tilpia,4106228086058829628,19,1,4,8
5,Perch,3173857549567693314,20,6,2,1
3,Tilpia,14527664909340553608,19,1,2,15
54,Redgill,6908401917103361296,32,5,3,18
51,Damsel Fish,17528907802153595630,32,7,4,14
46,Eel,15026490832643754883,19,2,1,7
14,Sardine,6991612256243781262,23,4,3,17
81,Starfish,13603989890709939837,24,6,2,20
13,Sardine,4330160038441407203,23,4,2,14
62,Barracuda,17774736246844708467,20,1,2,10
75,Mola Mola Fish,8388415102606582918,28,4,3,13
38,Snapper,5492276900587532263,21,2,1,20
93,Blue Lobster,3684037166801074768,24,4,3,18
84,Crab,18375702485772766853,28,2,4,4
1,Tilapia,11633857394319274712,24,1,1,13
29,Herring,16526806241568843201,21,6,2,4
13,Sardine,18054737382650338781,19,2,2,6
13,Sardine,760275809318020254,20,6,2,16
47,Eel,15334100531373658113,19,4,2,4
63,Barracuda,6020893642965413209,23,6,3,10
81,Starfish,17740031952436543553,22,2,1,8
7,Bass,9538329137862847724,17,4,4,17
65,Piranha,13271562682813975065,18,1,2,18
37,Snapper,9633799022036301120,20,2,2,7
81,Starfish,17177379636003857212,15,4,2,7
14,Sardine,1508961328567979600,14,1,4,18
47,Eel,8307982902467282928,21,6,3,17
5067,Pop-eyed goldfish,3619642431564447616,20,4,2,19
13,Sardine,2880430468747543919,17,6,3,8
3,Tilpia,2117049471097534731,12,4,2,8
11,Sardine,15725927849870685608,18,2,1,7
79,Turtle,17763090534940813776,25,4,3,3
19,Trout,17690033170789157995,18,3,3,17
3,Tilpia,17839371492944859118,24,2,1,8
56,Spearfish,8699058789900988269,28,6,3,2
11,Sardine,14402740657168694097,15,6,3,7
41,Anglerfish,17949724799561342394,30,2,3,2
5027,Cutthroat Trout,6093207055422078414,27,3,4,17
71,Angel Fish,6616327741949473487,21,4,3,16
46,Eel,10150261636582377147,25,3,2,12
41,Anglerfish,5101630185449776269,25,6,1,2
44,Clownfish,4525937423353353538,17,1,2,1
5013,Sakhalin sturgeon,4802544047369058732,31,4,6,5
77,Turtle,6909951668649863187,15,5,2,3
38,Snapper,5429499920074327823,21,4,2,5
46,Eel,14214076008602446057,22,6,2,15
74,Mola Mola Fish,8266061559928239665,13,3,3,1
13,Sardine,10086692194659344669,22,4,3,11
5010,Blahaj,7074180435035285578,33,4,6,4
33,Cod,1261653799180177905,22,3,3,6
59,Salmon,18425004155447448011,20,2,3,7
60,Green Salmon,2186305494452272753,28,5,1,10
37,Snapper,5311963693308228460,23,1,1,6
4,Perch,15653337137379926234,22,6,3,19
14,Sardine,5576825463418923981,16,6,1,17
17,Spot Fish,6722425386012812152,24,1,3,12
59,Salmon,16841188262993067596,17,4,3,8
19,Trout,8047783160012315703,17,3,2,16
8,Bass,6528016585596036113,18,2,1,13
14,Sardine,1269686674609487869,16,2,1,16
63,Barracuda,16690138262888250540,20,2,4,21
38,Snapper,2001794946523548597,16,4,3,2
69,Grouper,17264452539099399019,16,5,3,14
4,Perch,12608458908067443341,24,4,3,11
19,Trout,15290408738276054944,17,3,2,16
24,Pufferfish,10364854371294431238,30,3,1,10
71,Angel Fish,3444639322259615148,20,5,2,11
46,Eel,12979091874830785775,23,3,1,12
41,Anglerfish,8751464740961650229,22,3,4,14
34,Triple Tail,12500566956979670609,20,4,2,15
10,Sardine,14639979160587936517,19,2,3,13
13,Sardine,7574263368698747829,18,1,1,6
26,Catfish,11288918523222989057,24,7,4,7
5013,Sakhalin sturgeon,4765149071479788370,33,11,6,12
79,Turtle,13656857805492263217,21,4,2,13
62,Barracuda,15717048098361733022,16,5,3,1
5,Perch,786093528080509415,21,6,1,10
5059,Great white shark,15002584530995995016,25,4,4,12
89,Seahorse,8873430482479735283,18,3,4,4
53,Bluegill,9738807070608373511,18,2,2,17
53,Bluegill,13417834325224851598,24,2,1,12
40,Anglerfish,14026012124119413616,24,4,3,12
7,Bass,5833805442668955568,17,3,4,13
27,Catfish,13629886129202332431,27,2,1,14
74,Mola Mola Fish,3547863842641149983,16,2,2,2
69,Grouper,6886062266929976041,19,3,2,6
6,Perch,14108897183583363326,30,5,4,6
60,Green Salmon,14559654092602461119,21,5,2,11
68,Grouper,657706528227757039,23,6,1,13
22,Pufferfish,14911757474013251502,15,5,2,1
84,Crab,16063265138097501931,18,6,2,11
24,Pufferfish,14001113706164328679,24,5,3,21
39,Snapperfish,14799422462324809245,29,4,4,11
61,Barracuda,8794619496792913054,18,2,4,16
8,Bass,6620468858750753857,19,5,2,15
37,Snapper,16611384373787573084,14,1,1,16
