81,Starfish,13235524855671131083,14,5,4,17,-1
23,Pufferfish,4392745366509189104,22,2,3,3,-1
5,Perch,6599459633056032819,15,2,4,11,-1
65,Piranha,3265253023800045295,17,6,2,8,-1
4,Perch,3678957953193841673,18,4,1,16,-1
43,Clownfish,5648628893474960939,20,1,2,1,-1
34,Triple Tail,12766441972905842450,15,1,1,16,-1
29,Herring,15638105741293570032,19,6,2,15,-1
17,Spot Fish,213451389253673698,22,6,2,8,-1
5,Perch,2780636063448998653,18,3,4,12,-1
87,Shrimp,14547619309691667336,22,5,3,12,-1
22,Pufferfish,17105038787561813938,26,5,3,11,-1
19,Trout,15760056773234551823,19,6,3,18,-1
