28,Anchovy,12525667231266865098,13,6,3,4,-1
100,Jellyfish,3935220407744185859,21,2,2,2,-1
77,Turtle,4701951790647628905,20,5,3,1,-1
1,Tilapia,9853371519974828782,19,4,3,4,-1
4,Perch,18392453835534543286,16,4,3,16,-1
10,Sardine,314879177641071786,15,5,2,15,-1
1,Tilapia,14222387182068521640,16,3,1,17,-1
32,Cod,7163057274695343988,21,1,4,8,-1
16,Trout,16384437032888245838,18,2,4,19,-1
77,Turtle,11343652359977275349,14,3,4,1,-1
74,Mola Mola Fish,1225328724305915135,24,1,1,5,-1
34,Triple Tail,12812577311757458665,18,6,4,12,-1
5031,Boot,12093493920661900719,17,6,1,18,-1
